step,system_total_stopped,system_total_waiting_time,system_mean_waiting_time,system_mean_speed,A0_stopped,A0_accumulated_waiting_time,A0_average_speed,B0_stopped,B0_accumulated_waiting_time,B0_average_speed,C0_stopped,C0_accumulated_waiting_time,C0_average_speed,agents_total_stopped,agents_total_accumulated_waiting_time
5.0,0,0.0,0.0,8.128640803787857,0,0.0,1.0,0,0.0,1.0,0,0.0,0.5644982354076145,0,0.0
10.0,0,0.0,0.0,7.490841807291243,0,0.0,1.0,0,0.0,1.0,0,0.0,0.5221733978552824,0,0.0
15.0,0,0.0,0.0,11.626037000288587,0,0.0,1.0,0,0.0,1.0,0,0.0,0.8195741498361193,0,0.0
20.0,2,0.0,0.0,5.871885721720028,2,0.0,0.1809398900070288,0,0.0,0.5225149911711782,0,0.0,0.6738907043589871,2,0.0
25.0,0,0.0,0.0,10.320601043080805,0,0.0,0.7765510318091643,0,0.0,0.761971653091868,0,0.0,0.6731373417858469,0,0.0
30.0,0,0.0,0.0,9.913250645871798,0,0.0,0.7652624585143432,0,0.0,0.9363232537758298,0,0.0,0.4591614223310266,0,0.0
35.0,3,5.0,0.3333333333333333,7.6584826652343745,1,3.0,0.6354681961228811,1,2.0,0.25501469199926513,1,0.0,0.5161149425857884,3,5.0
40.0,2,15.0,1.0,10.293960229023272,1,8.0,0.4997379990690283,1,9.0,0.7584732230667264,0,0.0,0.7352399411408431,2,17.0
45.0,5,28.0,1.6470588235294117,8.09307524183359,1,13.0,0.46047778483303453,3,15.0,0.5274804609001453,1,2.0,0.608455919934937,5,30.0
50.0,6,52.0,2.888888888888889,7.954669344129197,1,18.0,0.0,3,29.0,0.5876625641145092,2,7.0,0.5861727433524418,6,54.0
55.0,3,36.0,1.8,6.144340151937017,1,23.0,0.32243875819019463,0,17.0,0.3873415145131195,2,15.0,0.5070519254895932,3,55.0
60.0,5,35.0,1.6666666666666667,7.766325121401967,0,0.0,0.9254340681411932,3,12.0,0.4148332471415808,2,25.0,0.5408492022015603,5,37.0
65.0,1,0.0,0.0,8.959414558654865,0,0.0,0.8653475863848824,0,8.0,0.5792028008784907,1,11.0,0.6353879837897981,1,19.0
70.0,3,3.0,0.13636363636363635,8.73366005139854,1,3.0,0.5718834239497267,0,0.0,0.5144995479768578,2,6.0,0.6211879222952572,3,9.0
75.0,1,6.0,0.2727272727272727,9.032183250339983,1,8.0,0.670642240962973,0,0.0,1.0,0,5.0,0.6398814973513652,1,13.0
80.0,1,3.0,0.16666666666666666,9.933521169407236,0,2.0,0.7067080045295221,0,2.0,0.8548927891078086,1,5.0,0.7352098159712577,1,9.0
85.0,1,5.0,0.25,9.482731198580705,1,5.0,0.5208891030354957,0,3.0,0.9147049519067288,0,0.0,0.5097532854519042,1,8.0
90.0,3,6.0,0.2608695652173913,8.55309557888972,2,1.0,0.2819827887045789,0,3.0,0.7517203923146736,1,5.0,0.43052764120171744,3,9.0
95.0,6,26.0,1.2380952380952381,7.176935936805307,3,11.0,0.2961694861880968,1,5.0,0.3507760392762503,2,13.0,0.2061760149329925,6,29.0
100.0,0,0.0,0.0,6.308084793477319,0,12.0,0.39011773781385567,0,5.0,0.16345970806138316,0,10.0,0.33916826619193663,0,27.0
105.0,6,10.0,0.5263157894736842,7.382296058936703,3,3.0,0.44565249231578224,2,7.0,0.6152528102231442,1,4.0,0.42794940314390684,6,14.0
110.0,1,0.0,0.0,10.0006211568317,0,2.0,0.7680024597504407,1,2.0,0.6781974790285236,0,0.0,0.902862794675942,1,4.0
115.0,0,0.0,0.0,11.334708903316114,0,2.0,0.725908180080612,0,2.0,0.8336377338351967,0,0.0,0.7172098805267036,0,4.0
120.0,1,1.0,0.05263157894736842,8.827345612094314,0,0.0,0.7102283936337626,1,1.0,0.31859018981743176,0,0.0,0.9616288468442485,1,1.0
125.0,3,9.0,0.45,9.413994045025596,0,0.0,0.8087873373051233,2,9.0,0.354948395268463,1,0.0,0.4864073872204398,3,9.0
130.0,1,0.0,0.0,10.370008777333299,0,2.0,0.713696504788266,0,6.0,0.7689428675244087,1,0.0,0.5153101483715479,1,8.0
135.0,0,0.0,0.0,11.553541638617698,0,2.0,0.8254043881725969,0,0.0,0.9564999564836931,0,0.0,0.3769411558592126,0,2.0
140.0,2,1.0,0.041666666666666664,10.257774356366262,0,2.0,0.825179843276294,1,1.0,0.6370005435273488,1,0.0,0.5222383836586864,2,3.0
145.0,0,0.0,0.0,9.816737670659283,0,0.0,0.5573816094357975,0,2.0,0.4788705405147492,0,0.0,0.8767284168335512,0,2.0
150.0,2,4.0,0.19047619047619047,10.639198050930498,2,4.0,0.21982089172108235,0,0.0,0.7142175644365789,0,2.0,0.926666099918112,2,6.0
155.0,3,14.0,0.7,9.171368276060951,3,14.0,0.2436604194155432,0,0.0,0.5097161174014666,0,2.0,0.934268573651891,3,16.0
160.0,3,11.0,0.55,8.746185280869003,0,9.0,0.35996007944544617,3,11.0,0.5950765253441732,0,2.0,0.8007830181216239,3,22.0
165.0,0,0.0,0.0,10.500465184407245,0,0.0,0.7323340584641075,0,15.0,0.6670790395216523,0,0.0,0.807371135834265,0,15.0
170.0,0,0.0,0.0,12.060926423102915,0,0.0,0.8641149086380042,0,2.0,0.9451308959717938,0,2.0,0.8396363983381476,0,4.0
175.0,2,0.0,0.0,10.663290438897848,1,0.0,0.7029848251840944,0,2.0,0.892241452927806,1,2.0,0.7368977245314772,2,4.0
180.0,2,6.0,0.25,9.367920005561755,2,6.0,0.5229774366528941,0,0.0,0.42857657879106886,0,2.0,0.8610785736031235,2,8.0
185.0,1,5.0,0.22727272727272727,7.128807684577501,0,6.0,0.2217150967931082,1,5.0,0.717784839893347,0,0.0,0.6512108527588636,1,11.0
190.0,3,5.0,0.19230769230769232,8.8514299931706,1,2.0,0.4311560905843529,0,2.0,0.7835584226641703,2,3.0,0.39306938491651755,3,7.0
195.0,4,14.0,0.4827586206896552,10.041440447410587,1,1.0,0.6069073851170411,2,7.0,0.7012075378231639,1,10.0,0.6356459507672738,4,18.0
200.0,2,16.0,0.5517241379310345,11.487572799706166,1,6.0,0.7334800264889881,1,12.0,0.7252400650188365,0,2.0,0.8897135033396232,2,20.0
205.0,2,17.0,0.7727272727272727,8.522674122629954,0,0.0,0.6799151988827615,1,15.0,0.5333380400258476,1,4.0,0.5693203995958819,2,19.0
210.0,4,18.0,0.8181818181818182,7.0160789763330484,1,5.0,0.6897842478278253,0,2.0,0.440165333565115,3,15.0,0.3828147514799874,4,22.0
215.0,5,22.0,1.0476190476190477,8.16324091049201,1,10.0,0.6453279190607185,2,11.0,0.538610290851016,2,12.0,0.3530250016600342,5,33.0
220.0,2,16.0,0.8,8.172791926707976,1,15.0,0.45508337570764495,1,12.0,0.5214403692461014,0,4.0,0.36440923927102453,2,31.0
225.0,2,6.0,0.2857142857142857,10.34443745282003,1,0.0,0.25001749420776964,1,8.0,0.7044790219217205,0,2.0,0.8173966935462395,2,10.0
230.0,2,14.0,0.7368421052631579,10.16785188643762,1,3.0,0.38842885978729674,1,13.0,0.7407130612767331,0,2.0,0.7326012557753644,2,18.0
235.0,1,16.0,1.1428571428571428,9.742355247784118,0,0.0,0.6491177997981069,1,16.0,0.6621157196336838,0,2.0,0.7952690170838302,1,18.0
240.0,4,6.0,0.3333333333333333,6.608210384943799,2,3.0,0.3531323450640228,1,3.0,0.4103536431070795,1,4.0,0.479594495794414,4,10.0
245.0,6,27.0,1.35,7.639205501302172,1,8.0,0.6667172318487489,4,14.0,0.3411688559972382,1,9.0,0.5943287694090337,6,31.0
250.0,5,52.0,2.3636363636363638,8.684723942683528,1,13.0,0.6340738707060395,3,29.0,0.4523758386570989,1,14.0,0.7114973432017723,5,56.0
255.0,3,38.0,1.7272727272727273,8.312013812765558,1,18.0,0.5567786918543935,1,26.0,0.397341685810001,1,17.0,0.6636868344266198,3,61.0
260.0,1,2.0,0.09090909090909091,9.645510381146428,0,2.0,0.7234287757243518,1,5.0,0.6419187098299345,0,0.0,0.9214363824157505,1,7.0
265.0,2,6.0,0.2727272727272727,9.2720312381706,0,2.0,0.6230309382651239,1,7.0,0.6571145431721606,1,2.0,0.3968303180519955,2,11.0
270.0,3,16.0,0.8,7.67364275930684,2,9.0,0.6194245017211559,1,12.0,0.1728030627783299,0,0.0,0.5952554077835528,3,21.0
275.0,0,0.0,0.0,7.914374059039686,0,6.0,0.5208219008341345,0,4.0,0.38385562555901853,0,0.0,0.9377330843441135,0,10.0
280.0,1,0.0,0.0,11.218890698203532,0,2.0,0.7739777929680077,0,4.0,0.8456468510627932,1,2.0,0.7022175809007734,1,8.0
285.0,3,4.0,0.17391304347826086,9.82528132556053,1,3.0,0.6946133243120542,1,5.0,0.6616363400663353,1,4.0,0.6080618949901301,3,12.0
290.0,2,7.0,0.30434782608695654,9.003329346270652,1,6.0,0.6552626281043282,1,5.0,0.6118113540389218,0,0.0,0.41465734990152897,2,11.0
295.0,2,17.0,0.7083333333333334,9.178644154937812,1,11.0,0.5568051121207532,1,12.0,0.6710943923801703,0,0.0,0.5147839718117728,2,23.0
300.0,2,16.0,0.5517241379310345,7.978597218288769,1,16.0,0.5157202989068599,0,2.0,0.5838680093622559,1,0.0,0.5329185724327696,2,18.0
305.0,5,7.0,0.22580645161290322,8.067609996542778,1,5.0,0.6238863046970737,0,4.0,0.7389926024885141,4,4.0,0.42053322699074513,5,13.0
310.0,4,13.0,0.41935483870967744,8.269891865293163,2,13.0,0.6374262326185529,2,4.0,0.4083737482129585,0,3.0,0.6377524383039522,4,20.0
315.0,7,39.0,1.1470588235294117,8.008702154864938,3,24.0,0.5259601847322761,3,19.0,0.30480902814614735,1,0.0,0.6884189868575861,7,43.0
320.0,3,5.0,0.15151515151515152,7.4486295809969665,2,20.0,0.4791561032122715,0,14.0,0.3990606402865103,1,1.0,0.5802078000571695,3,35.0
325.0,5,9.0,0.2647058823529412,8.619765295531812,1,8.0,0.4871994664973442,1,4.0,0.7462686588993727,3,8.0,0.5950182413599703,5,20.0
330.0,3,12.0,0.35294117647058826,9.404556023763908,1,9.0,0.5104562736621124,1,9.0,0.79863368242251,1,5.0,0.7185968468092783,3,23.0
335.0,7,27.0,0.75,7.525458135892336,4,22.0,0.3587458976983522,0,2.0,0.8298323568209757,3,14.0,0.3210282380620868,7,38.0
340.0,9,48.0,1.4545454545454546,4.4548883000306905,7,51.0,0.2262374767631982,2,6.0,0.30037725390805065,0,12.0,0.16113554330176671,9,69.0
345.0,4,31.0,0.96875,5.868254580545271,4,59.0,0.2582777274056667,0,6.0,0.4197348462037551,0,0.0,0.4273998186180716,4,65.0
350.0,3,7.0,0.23333333333333334,9.140224524058231,2,47.0,0.3941873665187366,0,4.0,0.8753581307471971,1,3.0,0.7680912149112157,3,54.0
355.0,3,11.0,0.34375,8.584625270610747,2,49.0,0.3664469259164344,0,4.0,0.7854174702381974,1,8.0,0.7438270647590468,3,61.0
360.0,8,32.0,1.0,8.119740348673686,6,62.0,0.43025998485973804,0,2.0,0.8965088895826792,2,13.0,0.39976953782372737,8,77.0
365.0,5,18.0,0.6428571428571429,7.13504902344058,3,61.0,0.5527461992101335,1,3.0,0.2706547822350532,1,3.0,0.41516345563391427,5,67.0
370.0,3,11.0,0.4074074074074074,9.851141414411483,0,29.0,0.6768628533106089,3,17.0,0.5423301359307754,0,0.0,0.7951789334022098,3,46.0
375.0,1,0.0,0.0,9.979464949763795,0,0.0,0.664501797609139,0,16.0,0.6794912945610594,1,0.0,0.6420367404383115,1,16.0
380.0,2,4.0,0.12903225806451613,10.064390501377297,1,3.0,0.33177677535110606,0,2.0,0.8409881438397417,1,3.0,0.6806433664764939,2,8.0
385.0,3,13.0,0.43333333333333335,8.845964438063476,2,13.0,0.603720285910882,1,0.0,0.5727021284520059,0,2.0,0.6424049466794731,3,15.0
390.0,4,28.0,1.037037037037037,9.711788768435577,2,23.0,0.658450109246052,1,5.0,0.6633258918519764,1,4.0,0.7182707411604502,4,32.0
395.0,1,1.0,0.038461538461538464,7.86987461467387,0,14.0,0.40390901575712174,1,3.0,0.6096666188402272,0,2.0,0.655883797282756,1,19.0
400.0,4,10.0,0.3333333333333333,7.663346079673797,1,0.0,0.38395861400007425,1,10.0,0.6764041072767486,2,6.0,0.40599420823566224,4,16.0
405.0,3,5.0,0.16666666666666666,8.003637699804818,1,0.0,0.6283696239701221,0,2.0,0.7660723125541816,2,13.0,0.3222470518255137,3,15.0
410.0,0,0.0,0.0,9.17030024997494,0,0.0,0.7893481494418707,0,2.0,0.7515654143705589,0,12.0,0.4852405892227937,0,14.0
415.0,3,6.0,0.17142857142857143,8.721121826195798,2,5.0,0.5765385903642912,1,3.0,0.6315795668074804,0,6.0,0.6757737713995965,3,14.0
420.0,6,17.0,0.4594594594594595,7.7608411042526795,1,0.0,0.6705622160261897,3,15.0,0.3915549262929178,2,8.0,0.44336063063119974,6,23.0
425.0,9,38.0,1.0555555555555556,6.467473522070188,2,4.0,0.48141910033115964,3,27.0,0.2898964832691124,4,25.0,0.34978812897938394,9,56.0
430.0,3,5.0,0.15625,6.257373923808924,2,14.0,0.5036550439531083,0,19.0,0.33677467762194346,1,19.0,0.48801215930755026,3,52.0
435.0,1,8.0,0.23529411764705882,9.552788195224048,1,10.0,0.5432172829414789,0,7.0,0.7465846288636027,0,2.0,0.6833408038476442,1,19.0
440.0,5,13.0,0.3170731707317073,9.970158990862348,3,13.0,0.5131280344721584,0,4.0,0.7555987929230921,2,2.0,0.7505151195922295,5,19.0
445.0,2,4.0,0.09090909090909091,10.168123824207573,2,4.0,0.5744973151240094,0,4.0,0.9027515179378032,0,0.0,0.7237574900414372,2,8.0
450.0,6,22.0,0.5116279069767442,9.007434733420613,3,15.0,0.5026377481102556,1,5.0,0.5547340336403522,2,6.0,0.6411299096373068,6,26.0
455.0,4,19.0,0.4634146341463415,7.304310687632855,1,16.0,0.39880119324283053,0,2.0,0.35967339658498854,3,17.0,0.48023310647808654,4,35.0
460.0,6,39.0,0.975,8.556827050940992,1,8.0,0.5733825363310289,1,5.0,0.6279347456138906,4,34.0,0.5373233729516959,6,47.0
465.0,5,18.0,0.43902439024390244,8.282535338909106,3,11.0,0.5633760211443126,1,10.0,0.5993588877535684,1,19.0,0.6149341892807388,5,40.0
470.0,8,39.0,0.975,8.495953804649318,6,33.0,0.4170376966997829,0,2.0,0.8248105685105053,2,14.0,0.5365918678431407,8,49.0
475.0,11,63.0,1.8,5.009068787691638,8,65.0,0.2876291650678405,0,2.0,0.12125055914611248,3,11.0,0.3762032070848589,11,78.0
480.0,7,55.0,1.4473684210526316,6.160794847037352,6,80.0,0.14213200385744804,0,4.0,0.5081965856726223,1,9.0,0.5983437930264113,7,93.0
485.0,2,9.0,0.25,9.311485773695267,2,68.0,0.3661020756959345,0,4.0,0.9006435831186429,0,2.0,0.7804754427148054,2,74.0
490.0,3,10.0,0.2702702702702703,10.269686121234002,2,34.0,0.36056077012696075,0,4.0,0.9237390213633786,1,3.0,0.7178983127088843,3,41.0
495.0,6,12.0,0.34285714285714286,7.6482136966238485,1,26.0,0.39645220346694776,1,3.0,0.6694424729864812,4,12.0,0.3475263814329019,6,41.0
500.0,8,31.0,0.9393939393939394,7.038753195937128,4,41.0,0.3921542411838748,3,14.0,0.3410311841468743,1,14.0,0.42496875769709513,8,69.0
505.0,4,2.0,0.06060606060606061,6.7482136881981845,1,29.0,0.2835022276412727,1,14.0,0.44002311497329705,2,3.0,0.49617124656230355,4,46.0
510.0,6,15.0,0.4166666666666667,8.705006481926242,3,13.0,0.467787651967509,2,6.0,0.6101585857649412,1,8.0,0.6820563130517567,6,27.0
515.0,4,14.0,0.3783783783783784,9.94400582764754,0,2.0,0.8200349310247211,2,10.0,0.6558425168365932,2,14.0,0.7465887042261908,4,26.0
520.0,5,24.0,0.7272727272727273,7.690521367854174,0,2.0,0.6522774493342947,4,27.0,0.15006912149345858,1,6.0,0.6161972357082743,5,35.0
525.0,10,65.0,2.1666666666666665,6.385717357800794,1,2.0,0.41990296438556135,8,63.0,0.23648535447506822,1,7.0,0.6337405148852049,10,72.0
530.0,12,108.0,3.7241379310344827,6.376502308922274,2,8.0,0.395720693722515,9,107.0,0.33932125853199924,1,1.0,0.4133790981353809,12,116.0
535.0,8,62.0,2.066666666666667,6.685831883255088,2,18.0,0.5880730063639823,4,103.0,0.312644925949951,2,9.0,0.3191746196144438,8,130.0
540.0,3,29.0,0.9666666666666667,8.226642649255915,2,30.0,0.6384035163839025,0,43.0,0.43399292757967123,1,9.0,0.6405224178145924,3,82.0
545.0,4,44.0,1.375,8.945520125216387,2,40.0,0.6092339686338148,0,3.0,0.6355706917686722,2,8.0,0.6685637393436258,4,51.0
550.0,4,63.0,1.75,9.293553462038847,2,50.0,0.7140714865139499,1,6.0,0.7486734200601228,1,13.0,0.6724746157060134,4,69.0
555.0,3,17.0,0.4358974358974359,9.054733155833413,1,27.0,0.5556897852091741,0,2.0,0.8065404184157632,2,16.0,0.7095071358515851,3,45.0
560.0,6,21.0,0.525,6.641646394826824,5,22.0,0.2644177515418483,0,2.0,0.41587818037199414,1,1.0,0.5308262975056613,6,25.0
565.0,8,33.0,0.825,5.7513880017471095,3,33.0,0.2626898450611673,0,2.0,0.2718968852395803,5,19.0,0.3115398060165918,8,54.0
570.0,4,10.0,0.2631578947368421,7.60055766872528,0,18.0,0.5254516192012006,0,2.0,0.8774300534230942,4,33.0,0.42423758517423443,4,53.0
575.0,3,6.0,0.15789473684210525,9.165192340156986,2,6.0,0.4996504560470489,0,4.0,0.8342657123704779,1,14.0,0.5367133274732312,3,24.0
580.0,4,17.0,0.4146341463414634,9.921685225903353,2,12.0,0.49018033261072574,0,4.0,0.820995780397023,2,8.0,0.59900105521801,4,24.0
585.0,1,11.0,0.28205128205128205,9.653384316621407,0,1.0,0.6770472825692948,0,2.0,0.6548911729742328,1,11.0,0.6678164940794612,1,14.0
590.0,5,25.0,0.7142857142857143,9.234635061015146,3,7.0,0.32431890341711145,1,3.0,0.6544585544545084,1,16.0,0.6796140568853563,5,26.0
595.0,4,31.0,0.8157894736842105,8.893196941839578,1,9.0,0.4719790171008482,1,8.0,0.7299022823450217,2,23.0,0.6489081218112603,4,40.0
600.0,2,13.0,0.35135135135135137,9.10260024710837,0,0.0,0.7666411163580225,1,13.0,0.6462496237444298,1,5.0,0.5979779874940626,2,18.0
605.0,5,28.0,0.7567567567567568,8.17653000091497,1,3.0,0.6491159030294633,1,18.0,0.5732337956677181,3,7.0,0.4130998663423542,5,28.0
610.0,5,8.0,0.21621621621621623,6.6811157577248945,0,2.0,0.655702330003577,1,2.0,0.3256538038882295,4,14.0,0.35700681955806307,5,18.0
615.0,9,31.0,0.775,7.023058823515951,4,7.0,0.3037743792055387,4,19.0,0.47582612107826094,1,12.0,0.6122691499509255,9,38.0
620.0,5,20.0,0.5263157894736842,7.197855932325621,3,16.0,0.27449845563384234,1,18.0,0.6097394836883105,1,12.0,0.6361540284481069,5,46.0
625.0,0,0.0,0.0,8.80390398700336,0,13.0,0.4098546665952308,0,5.0,0.7851700811809992,0,2.0,0.7196380758784221,0,20.0
630.0,5,12.0,0.3,7.975321529397192,3,11.0,0.4726649264519332,0,3.0,0.5099561607380373,2,7.0,0.512568076790958,5,21.0
635.0,6,14.0,0.32558139534883723,6.8130134918074425,1,5.0,0.4334156914585429,3,15.0,0.46892109772115276,2,9.0,0.46900319891123365,6,29.0
640.0,11,49.0,1.0888888888888888,6.956259364628508,4,20.0,0.3908599171025655,5,37.0,0.3263274611857068,2,2.0,0.4741419743252491,11,59.0
645.0,3,15.0,0.36585365853658536,7.161378658835378,1,21.0,0.4690401174938496,1,36.0,0.49187006027961405,1,2.0,0.40302714694200836,3,59.0
650.0,5,15.0,0.39473684210526316,8.305108141061362,2,11.0,0.6183737997095928,0,14.0,0.6428366382684294,3,11.0,0.38920943100605965,5,36.0
655.0,6,42.0,1.135135135135135,7.976923771705389,1,12.0,0.6780455899179092,0,4.0,0.5507219297416394,5,33.0,0.27698175892293764,6,49.0
660.0,8,32.0,0.8888888888888888,7.935064536817247,1,3.0,0.6938711786933783,3,15.0,0.4544944451943879,4,42.0,0.3676058519585844,8,60.0
665.0,5,14.0,0.3888888888888889,7.477404642392134,4,11.0,0.42427799858881815,1,20.0,0.5835182572765298,0,23.0,0.5151506336979893,5,54.0
670.0,2,3.0,0.075,8.053288085738915,0,8.0,0.5097366796186145,0,7.0,0.7831088978573071,2,3.0,0.522314839664292,2,18.0
675.0,7,19.0,0.4222222222222222,8.959661056096541,2,5.0,0.5620864881569184,2,13.0,0.7643373851386489,3,12.0,0.5555208745977174,7,30.0
680.0,5,25.0,0.5102040816326531,8.580086031790234,2,12.0,0.6187601880628703,3,24.0,0.5297261487137178,0,7.0,0.6626047068187131,5,43.0
685.0,5,29.0,0.5576923076923077,7.591834091982321,3,25.0,0.47746060406956353,1,11.0,0.4608814151834267,1,3.0,0.47896551570335294,5,39.0
690.0,5,45.0,0.9,7.9786673784834825,4,46.0,0.5433863722661825,1,3.0,0.47522089014920577,0,5.0,0.526652837716264,5,54.0
695.0,7,15.0,0.29411764705882354,8.034490394665578,0,22.0,0.6279687156822488,3,12.0,0.5584535360751587,4,7.0,0.4830416768954356,7,41.0
700.0,5,12.0,0.21818181818181817,8.276110391506139,3,11.0,0.5787284205537062,2,16.0,0.49212683734977675,0,6.0,0.6621489463090721,5,33.0
705.0,7,28.0,0.5185185185185185,8.025005203401697,2,18.0,0.4534251416980196,4,23.0,0.46780890992605845,1,3.0,0.5883243481315337,7,44.0
710.0,3,7.0,0.14,6.644843001269151,1,12.0,0.39146731906777493,2,25.0,0.32326476614757854,0,4.0,0.39512232479385406,3,41.0
715.0,7,23.0,0.5111111111111111,7.488495402208245,2,13.0,0.44862846809698936,3,19.0,0.4499521520510358,2,8.0,0.5663057500471512,7,40.0
720.0,10,66.0,1.434782608695652,8.734275871287986,6,36.0,0.4057145376890931,3,34.0,0.5879882929641084,1,12.0,0.7072890787584056,10,82.0
725.0,5,14.0,0.30434782608695654,6.779165899313221,4,41.0,0.37448403599600805,0,12.0,0.4116668595645114,1,3.0,0.5282963568685721,5,56.0
730.0,6,20.0,0.43478260869565216,8.252778290348274,0,19.0,0.45446438644627263,2,9.0,0.5132011640813636,4,17.0,0.500200589759956,6,45.0
735.0,1,0.0,0.0,8.215462896176744,0,3.0,0.664297923231791,0,10.0,0.5960534657761913,1,13.0,0.31720071538021155,1,26.0
740.0,3,7.0,0.1891891891891892,9.79267775427271,1,3.0,0.7176645578621007,1,8.0,0.7479231640272809,1,3.0,0.5106970921289309,3,14.0
745.0,4,18.0,0.46153846153846156,9.351739332430641,1,8.0,0.48861470393310025,2,11.0,0.7211572752971575,1,4.0,0.6109356009992636,4,23.0
750.0,6,41.0,1.025,9.731439962141387,1,13.0,0.7298583160580886,2,17.0,0.6240005530873141,3,16.0,0.6706451702052646,6,46.0
755.0,6,33.0,0.8918918918918919,6.665389089298252,0,0.0,0.6681022952540505,2,10.0,0.3402373277809507,4,32.0,0.43833295485495677,6,42.0
760.0,10,35.0,0.9459459459459459,5.4196043924208706,1,5.0,0.5859391668173668,6,21.0,0.1876225874435426,3,34.0,0.2963665160981527,10,60.0
765.0,3,6.0,0.15384615384615385,6.6294057565665145,0,0.0,0.5519220619999606,2,30.0,0.37241963600044214,1,12.0,0.4758813828356863,3,42.0
770.0,3,10.0,0.24390243902439024,9.880104635615918,0,2.0,0.7939208180580244,2,16.0,0.6284060328068309,1,3.0,0.6453777494217935,3,21.0
775.0,2,9.0,0.23076923076923078,9.506551445864718,0,2.0,0.7340505664529778,1,20.0,0.588051668963982,1,8.0,0.6853053462610922,2,30.0
780.0,6,16.0,0.38095238095238093,8.61969098496826,1,4.0,0.6150524299481399,4,19.0,0.41904841274248794,1,2.0,0.6517883744683984,6,25.0
785.0,4,19.0,0.5,7.48629590773282,2,14.0,0.5923934409373208,1,9.0,0.4150526302656914,1,6.0,0.33895102727630283,4,29.0
790.0,0,0.0,0.0,7.911508546238698,0,10.0,0.6649611021203247,0,1.0,0.5562678542521509,0,7.0,0.440407018044213,0,18.0
795.0,2,3.0,0.07317073170731707,9.038368388272563,1,3.0,0.7569706018110121,0,2.0,0.6093012849865727,1,4.0,0.5393402606643759,2,9.0
800.0,7,8.0,0.16666666666666666,7.920476835453861,1,2.0,0.5579265243419481,4,10.0,0.5881484745219104,2,5.0,0.4292636683726399,7,17.0
805.0,3,6.0,0.1276595744680851,8.480541459565602,1,3.0,0.5872184737445028,1,14.0,0.4529305778894833,1,5.0,0.5755828490641725,3,22.0
810.0,4,14.0,0.3181818181818182,8.950792303146597,1,10.0,0.6727628000472224,1,7.0,0.5395425909854352,2,7.0,0.5729029424339657,4,24.0
815.0,7,43.0,1.048780487804878,9.83768542713318,1,15.0,0.7731752119930617,2,10.0,0.6964774771408108,4,24.0,0.5560359298330599,7,49.0
820.0,5,46.0,1.0952380952380953,8.972321987631082,1,20.0,0.7751365466856592,2,16.0,0.6448427751311808,2,32.0,0.5058901158153719,5,68.0
825.0,7,16.0,0.32653061224489793,7.886754331974618,3,2.0,0.5741537149729246,0,3.0,0.6021166025185916,4,25.0,0.47204070303152956,7,30.0
830.0,8,23.0,0.4791666666666667,6.954928764863034,5,18.0,0.32599628521160345,2,5.0,0.33798629472454633,1,17.0,0.5282530755859206,8,40.0
835.0,11,44.0,1.0,6.363013892241463,3,29.0,0.3646202440968579,7,35.0,0.2668589124812813,1,1.0,0.5256722724520476,11,65.0
840.0,6,30.0,0.6818181818181818,7.519245986574024,2,18.0,0.42383963979821987,2,44.0,0.5413534422031998,2,8.0,0.482148433203439,6,70.0
845.0,3,11.0,0.23404255319148937,10.280304584324211,2,11.0,0.6354136784896445,0,21.0,0.8158070188234589,1,2.0,0.6514310009673872,3,34.0
850.0,5,19.0,0.3958333333333333,9.833483365740788,2,16.0,0.6127891650840362,0,2.0,0.8202638041347247,3,5.0,0.588201920786124,5,23.0
855.0,3,4.0,0.0851063829787234,9.579823723920406,2,3.0,0.6666115344994347,1,3.0,0.6811334884761976,0,7.0,0.6782681986882327,3,13.0
860.0,5,12.0,0.2608695652173913,8.87766301650662,2,9.0,0.62519189007055,2,3.0,0.563608657686431,1,2.0,0.6680892438037915,5,14.0
865.0,12,51.0,1.0408163265306123,7.253324058164936,6,29.0,0.35060764634157077,3,12.0,0.509222408259389,3,12.0,0.5734077542142109,12,53.0
870.0,9,45.0,0.9183673469387755,6.626790696938174,5,41.0,0.23972871816408034,1,13.0,0.5183889680214482,3,27.0,0.4967176907668287,9,81.0
875.0,5,47.0,0.9215686274509803,8.763023996931672,0,21.0,0.619040646724328,1,8.0,0.6375323664012251,4,44.0,0.4366275815743371,5,73.0
880.0,3,2.0,0.0392156862745098,9.72035762327738,0,2.0,0.7936355703162105,2,7.0,0.6113794814827658,1,21.0,0.6792575742395918,3,30.0
885.0,6,19.0,0.3584905660377358,10.37494345416116,2,2.0,0.7071066115932741,3,19.0,0.674395032511197,1,3.0,0.6178128315053205,6,24.0
890.0,3,7.0,0.15555555555555556,8.822189799859833,1,7.0,0.7818786229955934,1,7.0,0.4906007205501601,1,1.0,0.47252843734442385,3,15.0
895.0,4,18.0,0.4,8.939893586402306,2,14.0,0.6269337996945324,2,8.0,0.5752058772053957,0,2.0,0.6037676463781112,4,24.0
900.0,5,36.0,0.782608695652174,9.360709092333632,1,19.0,0.7551856766818692,2,18.0,0.5884492888145628,2,5.0,0.6302757021429366,5,42.0
905.0,8,69.0,1.5,8.728237097360427,1,24.0,0.7307875164892663,4,35.0,0.525137781335307,3,16.0,0.6229026189883838,8,75.0
910.0,7,7.0,0.14,5.779349862309348,1,4.0,0.42293978566559876,2,26.0,0.32628917352964065,4,20.0,0.4948201982995658,7,50.0
915.0,18,65.0,1.2745098039215685,5.846339174999312,5,19.0,0.43387190264326936,8,32.0,0.22545519201857459,5,25.0,0.35581756018334626,18,76.0
920.0,17,92.0,1.7692307692307692,4.585536863821803,3,24.0,0.44199946684109837,9,75.0,0.057907662145829354,5,32.0,0.2109678199194417,17,131.0
925.0,16,142.0,2.6792452830188678,6.111113395718663,2,8.0,0.5999924679297476,11,130.0,0.25386463174527063,3,31.0,0.25528185235720446,16,169.0
930.0,9,95.0,1.6666666666666667,7.559418732465054,2,13.0,0.6038653454339473,5,135.0,0.44670258463845525,2,27.0,0.4168232327674581,9,175.0
935.0,8,7.0,0.1044776119402985,7.513971997968208,1,3.0,0.5528316950560489,3,61.0,0.4498429019973977,4,24.0,0.45710500219013067,8,88.0
940.0,9,25.0,0.36764705882352944,7.805346294709301,4,11.0,0.504465388982289,2,60.0,0.3510782879204427,3,25.0,0.5675070515717767,9,96.0
945.0,11,39.0,0.6290322580645161,6.900528885805845,2,20.0,0.509817995144589,7,82.0,0.19011243396610197,2,27.0,0.572261939077073,11,129.0
950.0,15,83.0,1.4310344827586208,6.303652377283223,2,9.0,0.398315337335077,11,130.0,0.29756047496056615,2,9.0,0.4257108904696802,15,148.0
955.0,14,91.0,1.4918032786885247,7.4894719451267475,2,15.0,0.4846958097493738,8,142.0,0.41887117046438854,4,21.0,0.4886835854249895,14,178.0
960.0,7,42.0,0.65625,7.659081985428084,3,29.0,0.6036252789287545,3,85.0,0.39800687511679983,1,14.0,0.48202258603522835,7,128.0
965.0,8,65.0,1.015625,8.01835362696174,3,44.0,0.5989904937299734,3,59.0,0.33828288890985564,2,16.0,0.6581403359494337,8,119.0
970.0,5,22.0,0.34375,7.4644573481456575,1,32.0,0.6059470651151807,3,44.0,0.3082478614028278,1,14.0,0.5980030667297496,5,90.0
975.0,9,27.0,0.42857142857142855,7.0341817724683375,5,15.0,0.46395327188214536,2,41.0,0.3484998214162104,2,11.0,0.5714124193377536,9,67.0
980.0,12,54.0,0.8181818181818182,6.896030967547273,2,20.0,0.32490396897657425,6,52.0,0.35076711947839323,4,26.0,0.5369162227867587,12,98.0
985.0,11,61.0,0.9242424242424242,7.075621787750701,1,9.0,0.43176072905302815,4,53.0,0.41246529920005237,6,46.0,0.4673167534799281,11,108.0
990.0,8,22.0,0.3142857142857143,7.923601611842493,2,10.0,0.6319657704569001,2,37.0,0.42326489960866986,4,31.0,0.43711067442306406,8,78.0
995.0,8,22.0,0.2972972972972973,8.182419395179663,2,6.0,0.5752432824390253,1,27.0,0.38433950713947135,5,28.0,0.47505405083093744,8,61.0
1000.0,15,71.0,1.0,6.988171707953293,6,28.0,0.4418590406208002,2,34.0,0.2635455734622697,7,42.0,0.41625142905351564,15,104.0
1005.0,13,47.0,0.7580645161290323,5.6065021847455,4,35.0,0.32548651805884243,6,58.0,0.1907619580732849,3,41.0,0.3726189264853914,13,134.0
1010.0,6,23.0,0.3898305084745763,5.982771005237842,1,14.0,0.33594942363661995,4,67.0,0.2939118892490202,1,14.0,0.39323881115607023,6,95.0
1015.0,8,21.0,0.3181818181818182,7.331784652903139,3,16.0,0.39112911457256155,3,55.0,0.43915308478151616,2,10.0,0.521034365054805,8,81.0
1020.0,9,37.0,0.5362318840579711,8.00892271092655,8,46.0,0.4123850738918146,0,42.0,0.55823144502449,1,9.0,0.5772997912540542,9,97.0
1025.0,10,47.0,0.6714285714285714,6.971811353161914,5,62.0,0.28941539877010763,1,18.0,0.5503181228568025,4,21.0,0.4972696546044837,10,101.0
1030.0,11,36.0,0.5373134328358209,7.230097384140247,4,49.0,0.3729264599515668,3,17.0,0.6051194793489264,4,30.0,0.4617912154507846,11,96.0
1035.0,8,34.0,0.4927536231884058,6.7479795208190865,3,53.0,0.366172328106266,4,31.0,0.5093576979483985,1,22.0,0.46462939361519084,8,106.0
1040.0,18,93.0,1.273972602739726,5.801720174796355,8,78.0,0.27751197959891394,6,51.0,0.3848169922701496,4,31.0,0.343742546445324,18,160.0
1045.0,19,74.0,1.0,4.566362891183658,9,95.0,0.20884911217797028,0,31.0,0.4124669841607001,10,62.0,0.2192557221745571,19,188.0
1050.0,17,59.0,0.8309859154929577,4.507625059134941,5,76.0,0.19168008503381875,3,13.0,0.4838813983197324,9,89.0,0.20631690639252992,17,178.0
1055.0,16,58.0,0.7631578947368421,5.285961871479606,3,90.0,0.23411429982947174,4,33.0,0.5078405426288207,9,85.0,0.23324291322670446,16,208.0
1060.0,11,35.0,0.47297297297297297,5.638275746483728,8,118.0,0.14378895681726792,0,20.0,0.7058629235308729,3,91.0,0.2937469820161234,11,229.0
1065.0,16,61.0,0.8026315789473685,5.430987968132694,7,129.0,0.22688614672682716,2,7.0,0.511661051579095,7,118.0,0.2722412343186339,16,254.0
1070.0,11,37.0,0.5,5.459581293679084,3,93.0,0.36052828020240885,1,8.0,0.539106853294313,7,126.0,0.196638999773035,11,227.0
1075.0,12,26.0,0.34210526315789475,6.046073231795937,4,55.0,0.3759989286992964,4,18.0,0.5286496585948752,4,99.0,0.17117083383576442,12,172.0
1080.0,4,11.0,0.13924050632911392,7.098209595901664,2,38.0,0.37827766177473804,1,19.0,0.6058662730568917,1,60.0,0.2996804077494982,4,117.0
1085.0,6,27.0,0.34615384615384615,8.218466415918165,4,40.0,0.4126643191840639,1,10.0,0.6899612221067163,1,28.0,0.4809051384485062,6,78.0
1090.0,2,8.0,0.10256410256410256,8.15380317858606,1,29.0,0.4819559891315713,0,0.0,0.5599179985087196,1,14.0,0.6079098118069822,2,43.0
1095.0,11,46.0,0.5974025974025974,8.034985325081077,4,38.0,0.46201920949305864,5,15.0,0.4181851256403481,2,16.0,0.6278409587605099,11,69.0
1100.0,11,30.0,0.4166666666666667,5.470178633398378,5,47.0,0.2483858238776117,5,29.0,0.2711388250610814,1,5.0,0.4449323540029609,11,81.0
1105.0,13,39.0,0.5571428571428572,5.888762408042099,5,55.0,0.32914260390908734,2,25.0,0.3480746528454778,6,22.0,0.35395964881767406,13,102.0
1110.0,11,39.0,0.5342465753424658,6.74278646248169,6,56.0,0.38429367581223167,1,15.0,0.5023785381826117,4,29.0,0.4312788375311956,11,100.0
1115.0,8,39.0,0.5,7.194579352984102,6,61.0,0.40223633794580027,1,15.0,0.5346851420262759,1,21.0,0.5538143427788611,8,97.0
1120.0,15,89.0,1.0987654320987654,6.497076157841913,6,68.0,0.4491348879592426,7,37.0,0.39205533119459635,2,18.0,0.4033626006197178,15,123.0
1125.0,19,66.0,0.7857142857142857,4.562135763232916,5,51.0,0.32256237919656855,6,58.0,0.19155110416515195,8,47.0,0.2693633087732949,19,156.0
1130.0,21,69.0,0.8414634146341463,5.082823200331915,8,48.0,0.37564353117726196,5,55.0,0.21413824616695148,8,71.0,0.33053398501780185,21,174.0
1135.0,11,45.0,0.5555555555555556,5.716414525477851,6,60.0,0.32022723463493896,1,39.0,0.30656603365752916,4,56.0,0.41302378171839554,11,155.0
1140.0,11,62.0,0.775,6.985751513348056,6,61.0,0.3806113734133827,2,39.0,0.521231320575502,3,40.0,0.4719795192967138,11,140.0
1145.0,10,65.0,0.7386363636363636,7.8639866169633,5,58.0,0.440990250622338,2,37.0,0.6742123554048549,3,31.0,0.4842720182893245,10,126.0
1150.0,10,60.0,0.6666666666666666,7.543462479586319,2,45.0,0.4643045226449105,3,44.0,0.6381997834367111,5,34.0,0.41799026816830537,10,123.0
1155.0,17,50.0,0.5681818181818182,5.928616227437343,9,56.0,0.3171844566600433,1,5.0,0.4232973214927549,7,45.0,0.2652425327397059,17,106.0
1160.0,18,63.0,0.7325581395348837,4.757924600369473,7,79.0,0.2341340343440539,6,25.0,0.2577529900457379,5,43.0,0.181867134253306,18,147.0
1165.0,13,40.0,0.4819277108433735,5.3749524990684066,4,64.0,0.27928617470327083,5,45.0,0.34800228887350676,4,53.0,0.26956478393547073,13,162.0
1170.0,11,36.0,0.43373493975903615,6.175737802350485,2,47.0,0.37311663159463426,2,24.0,0.4662933947196893,7,75.0,0.30152367686744946,11,146.0
1175.0,24,64.0,0.7111111111111111,4.889049691077896,9,68.0,0.27393779471043006,4,32.0,0.32975308079138976,11,97.0,0.24441795838350658,24,197.0
1180.0,25,90.0,1.0227272727272727,4.716610016681887,9,83.0,0.2804920996311716,9,63.0,0.2450522251735087,7,95.0,0.23091483892883105,25,241.0
1185.0,15,60.0,0.7058823529411765,5.250834729054016,3,66.0,0.23246331325997868,5,72.0,0.4555596428723701,7,77.0,0.2497139885196111,15,215.0
1190.0,9,29.0,0.3258426966292135,6.345274765748708,4,49.0,0.3505664200903941,1,34.0,0.6044484658666162,4,90.0,0.3098019891977992,9,173.0
1195.0,14,38.0,0.40860215053763443,6.075586398596755,2,47.0,0.3705068692846046,3,36.0,0.43228705963345004,9,97.0,0.27001647763805,14,180.0
1200.0,28,99.0,1.076086956521739,4.596906957763128,8,62.0,0.2399653968516926,9,66.0,0.20857228202875838,11,120.0,0.1653090282546012,28,248.0
1205.0,23,79.0,0.9080459770114943,4.1669734792747555,6,73.0,0.1980537397278056,7,80.0,0.27353983854298275,10,121.0,0.1881717029533989,23,274.0
1210.0,9,16.0,0.18823529411764706,5.40540056896999,2,56.0,0.33939154847779895,3,57.0,0.39239260927927716,4,118.0,0.28185817217368087,9,231.0
1215.0,16,52.0,0.5652173913043478,6.642075271526038,1,25.0,0.3750521146986098,4,36.0,0.5120041031112792,11,133.0,0.3110930070410641,16,194.0
1220.0,14,78.0,0.8478260869565217,7.0544033988157615,1,19.0,0.5433669317028493,4,42.0,0.546177867404433,9,144.0,0.3023460348776035,14,205.0
1225.0,17,41.0,0.45054945054945056,5.774026872818237,3,13.0,0.508079063798321,3,37.0,0.4343141837882399,11,121.0,0.18761902574055808,17,171.0
1230.0,12,28.0,0.28865979381443296,5.853455720333203,1,7.0,0.4349701004967999,5,28.0,0.4266817541874768,6,134.0,0.19817277078600315,12,169.0
1235.0,19,61.0,0.648936170212766,4.806414952288842,6,23.0,0.31271908578858076,6,43.0,0.23026664057796956,7,147.0,0.2176700903346664,19,213.0
1240.0,20,73.0,0.8690476190476191,3.782362282616534,6,49.0,0.2617749311231707,6,49.0,0.2228652071609341,8,154.0,0.18390817869603704,20,252.0
1245.0,21,84.0,0.9545454545454546,4.615165768555135,6,47.0,0.30976109233128946,4,62.0,0.4022937252549185,11,135.0,0.19489329135889155,21,244.0
1250.0,13,85.0,0.9042553191489362,5.74951984959417,2,44.0,0.5158119615270291,5,75.0,0.5641572042400651,6,157.0,0.1998794989061625,13,276.0
1255.0,14,80.0,0.8,5.391926504770977,2,39.0,0.47550723089592306,3,65.0,0.4446814234066602,9,171.0,0.1221923205829976,14,275.0
1260.0,24,151.0,1.5252525252525253,5.2131583415991045,5,49.0,0.47359767848170053,4,38.0,0.38184716704169025,15,236.0,0.09405877839605754,24,323.0
1265.0,32,209.0,2.1770833333333335,4.716863466443759,5,62.0,0.4617652558907386,9,52.0,0.3659060932665648,18,265.0,0.08333010941399277,32,379.0
1270.0,19,95.0,1.021505376344086,4.122671385986429,0,29.0,0.3735002585746008,7,73.0,0.2797346846540499,12,243.0,0.12487674774812496,19,345.0
1275.0,22,92.0,0.9484536082474226,5.143009686756969,3,14.0,0.44685275500160176,7,71.0,0.29062035226769767,12,193.0,0.19455114229592935,22,278.0
1280.0,23,104.0,1.0947368421052632,5.3058493196231895,5,34.0,0.49777071630392994,8,94.0,0.39331393563013434,10,230.0,0.1827482192993104,23,358.0
1285.0,23,73.0,0.7684210526315789,4.520144525465982,4,38.0,0.49444341972182304,4,95.0,0.23475391610027224,15,294.0,0.1497220914715089,23,427.0
1290.0,25,133.0,1.3854166666666667,4.813041009928722,2,20.0,0.42704519263593116,8,92.0,0.2628535455136793,15,368.0,0.17633893002923035,25,480.0
1295.0,27,143.0,1.4742268041237114,4.582265835981396,2,15.0,0.559195525006719,10,118.0,0.23170368905850006,15,390.0,0.17321721532673148,27,523.0
1300.0,25,104.0,1.0505050505050506,4.625714870117976,2,10.0,0.5096443146182111,10,127.0,0.25874002259704443,13,360.0,0.17419816898716659,25,497.0
1305.0,26,98.0,0.9702970297029703,4.8619190300303705,5,21.0,0.5232887400975819,8,152.0,0.22647146936253593,13,323.0,0.17969843380214462,26,496.0
1310.0,24,110.0,1.0476190476190477,4.97326370935613,8,52.0,0.3077359173521908,7,156.0,0.2877577995393404,9,337.0,0.1877178260604171,24,545.0
1315.0,21,87.0,0.8529411764705882,4.3930000333151575,5,63.0,0.20422375246720129,6,157.0,0.2600631591753019,10,377.0,0.202053881645305,21,597.0
1320.0,20,61.0,0.61,4.323249408436845,3,46.0,0.4437707514245929,8,136.0,0.30483141453054763,9,378.0,0.18559738805343132,20,560.0
1325.0,18,57.0,0.5428571428571428,5.148417008821799,4,28.0,0.5299868093461231,5,127.0,0.37391911272846723,9,331.0,0.22242287262828755,18,486.0
1330.0,17,70.0,0.625,5.0431213456638995,5,34.0,0.4907160138019408,8,127.0,0.3125191038608243,4,301.0,0.17572229347828586,17,462.0
1335.0,19,68.0,0.5862068965517241,4.128886161439761,4,33.0,0.3189881354967483,9,141.0,0.16627550021767562,6,307.0,0.1698270778356478,19,481.0
1340.0,26,83.0,0.7280701754385965,3.9665828837235324,7,38.0,0.37544973415778843,9,120.0,0.1961782415930884,10,305.0,0.14444333398229192,26,463.0
1345.0,21,101.0,0.8782608695652174,4.404081212404457,9,61.0,0.3739817375597196,4,94.0,0.302464886014126,8,251.0,0.15938841945169685,21,406.0
1350.0,11,59.0,0.5130434782608696,4.684929910224234,5,74.0,0.3520137815341117,4,92.0,0.30509559948744,2,221.0,0.19745711304939134,11,387.0
1355.0,24,95.0,0.8333333333333334,4.430177476518709,7,72.0,0.2646256735151386,11,115.0,0.2894443156376094,6,227.0,0.1382141043919684,24,414.0
1360.0,31,172.0,1.5087719298245614,4.2275883649975725,8,74.0,0.2658452703488196,11,129.0,0.1974762148019353,12,265.0,0.11848322676897141,31,468.0
1365.0,23,117.0,1.054054054054054,3.818166319727808,2,73.0,0.366120954683583,7,104.0,0.1798449468463725,14,276.0,0.13860687538221245,23,453.0
1370.0,27,113.0,0.9912280701754386,4.763054747950825,4,53.0,0.4758122493419916,8,99.0,0.3006776007505299,15,240.0,0.15462920105949052,27,392.0
1375.0,26,125.0,1.0869565217391304,4.97104047087218,6,64.0,0.4414634875555552,6,115.0,0.3021907732006651,14,182.0,0.16157062720649293,26,361.0
1380.0,28,145.0,1.2946428571428572,4.3740028504153186,9,83.0,0.275723014199108,9,129.0,0.261217561759696,10,189.0,0.17468293860814813,28,401.0
1385.0,27,169.0,1.5504587155963303,4.903181348144191,8,93.0,0.26244444251168014,9,145.0,0.263464594932413,10,205.0,0.2556576656060993,27,443.0
1390.0,18,76.0,0.6972477064220184,4.807035013351866,6,111.0,0.3092289178696641,7,139.0,0.24360377142050424,5,206.0,0.347225467733625,18,456.0
1395.0,24,76.0,0.6666666666666666,4.9630872850475924,6,122.0,0.3300175047206138,9,140.0,0.17034170535626064,9,181.0,0.3242376088885958,24,443.0
1400.0,31,176.0,1.6,4.513518993831243,10,166.0,0.269077439108756,8,146.0,0.18718451241771972,13,207.0,0.2261760718004562,31,519.0
1405.0,33,174.0,1.6730769230769231,2.8240084606926876,9,171.0,0.13727542339299795,9,163.0,0.15152398062660336,15,246.0,0.10091891729992794,33,580.0
1410.0,35,141.0,1.330188679245283,4.07633424240627,10,164.0,0.3004809365448616,10,168.0,0.2614568684057319,15,228.0,0.19743737622697458,35,560.0
1415.0,28,125.0,1.1160714285714286,4.547122639036178,11,152.0,0.2595968909162925,8,188.0,0.2711759252676426,9,200.0,0.23411396805225307,28,540.0
1420.0,25,108.0,0.9230769230769231,5.004544890723618,8,173.0,0.28908077545562044,11,202.0,0.2212723365794628,6,156.0,0.3275280975749639,25,531.0
1425.0,29,188.0,1.540983606557377,5.129614917345141,8,195.0,0.18927327488500859,18,241.0,0.19147103084342376,3,134.0,0.4222618417604814,29,570.0
1430.0,31,209.0,1.8333333333333333,4.442448230279985,7,204.0,0.19778719937852984,19,280.0,0.1172400962472843,5,106.0,0.4808006288571585,31,590.0
1435.0,29,210.0,1.926605504587156,4.802832752378935,4,178.0,0.2884344654299261,18,285.0,0.16119055808954055,7,120.0,0.47746665627397855,29,583.0
1440.0,27,236.0,2.2476190476190476,4.319063946889658,5,138.0,0.2907939483852728,15,316.0,0.14618387455990417,7,143.0,0.4524483087466709,27,597.0
1445.0,32,251.0,2.2410714285714284,3.9272225155251843,3,136.0,0.2751280029788649,18,376.0,0.12878713658332036,11,179.0,0.2676831782710086,32,691.0
1450.0,29,112.0,0.9911504424778761,3.485412901798951,4,127.0,0.19929206375229025,17,410.0,0.13048742263471197,8,140.0,0.19303135491294043,29,677.0
1455.0,30,152.0,1.4205607476635513,3.9916010871876395,10,162.0,0.19581273007322045,11,354.0,0.15038599422080418,9,94.0,0.3542129890204766,30,610.0
1460.0,26,182.0,1.7169811320754718,3.8720992798319425,13,223.0,0.190628450805426,8,364.0,0.17044815776723543,5,85.0,0.328955030126061,26,672.0
1465.0,26,132.0,1.233644859813084,3.403985893501779,12,244.0,0.1618080774280828,9,381.0,0.15877803830176884,5,68.0,0.3288994108646769,26,693.0
1470.0,22,84.0,0.7567567567567568,3.997390293066969,9,215.0,0.24724871241511404,10,371.0,0.1719928548395874,3,82.0,0.35077756642627494,22,668.0
1475.0,27,102.0,0.8869565217391304,4.44251405480147,9,171.0,0.22208285733844765,9,311.0,0.15779676362697295,9,90.0,0.3688337124257663,27,572.0
1480.0,25,116.0,0.9747899159663865,4.529243906585707,11,180.0,0.26956288916709725,7,331.0,0.16099806079749324,7,94.0,0.4147544048758051,25,605.0
1485.0,24,101.0,0.8782608695652174,4.350511717275993,7,199.0,0.3332018504527386,10,335.0,0.16905196493151442,7,83.0,0.33436272086360447,24,617.0
1490.0,18,63.0,0.5384615384615384,3.809632026518004,6,203.0,0.22902202235831093,7,323.0,0.155148836608695,5,97.0,0.21484200881078616,18,623.0
1495.0,27,88.0,0.7652173913043478,4.258051499763725,6,199.0,0.3029846638222897,12,286.0,0.14484868970702208,9,115.0,0.2972108174163111,27,600.0
1500.0,23,80.0,0.7142857142857143,3.845914530076292,8,185.0,0.2657754369513299,8,272.0,0.16134820615275278,7,117.0,0.27924359345619126,23,574.0
1505.0,16,52.0,0.45217391304347826,4.134740001043088,4,165.0,0.2836281092761618,8,269.0,0.17217005412400946,4,88.0,0.24600696482641823,16,522.0
1510.0,19,70.0,0.5882352941176471,4.138756483930828,4,162.0,0.1873994126377815,10,265.0,0.12529693263258518,5,73.0,0.28559708843929626,19,500.0
1515.0,17,84.0,0.7241379310344828,4.006021634411508,5,161.0,0.16933154020331578,7,225.0,0.16556116661615314,5,72.0,0.3198948064537078,17,458.0
1520.0,15,77.0,0.6695652173913044,4.246250774083905,6,126.0,0.2656290944271668,8,184.0,0.21181438158294585,1,52.0,0.3339059445380067,15,362.0
1525.0,10,92.0,0.7796610169491526,4.583518544790113,1,121.0,0.3379450183524276,7,161.0,0.2149605538471991,2,57.0,0.3497228313990792,10,339.0
1530.0,23,174.0,1.4146341463414633,5.216979937378223,7,123.0,0.28842824275296425,9,181.0,0.2700169934584083,7,64.0,0.32927827461698506,23,368.0
1535.0,19,109.0,0.956140350877193,4.206974553493456,4,122.0,0.23635077757752834,6,153.0,0.300775349228496,9,79.0,0.1922867719530176,19,354.0
1540.0,24,87.0,0.75,4.182492804345619,3,87.0,0.20890693838625776,8,120.0,0.2838124061811377,13,105.0,0.20339204558031318,24,312.0
1545.0,23,79.0,0.6475409836065574,4.4308330932735265,4,74.0,0.20357098787968866,11,154.0,0.2731539912867337,8,116.0,0.2142446462425118,23,344.0
1550.0,23,80.0,0.6504065040650406,4.3415025410072365,4,66.0,0.3240016135332092,10,163.0,0.18833089563053199,9,132.0,0.22401378141962733,23,361.0
1555.0,26,125.0,0.9765625,4.670442875605558,3,58.0,0.3812767789345935,13,178.0,0.1589383372765782,10,161.0,0.2418368943779715,26,397.0
1560.0,16,72.0,0.5806451612903226,4.420163672249307,1,31.0,0.34815080323689196,7,183.0,0.24299953813283687,8,155.0,0.24773309802819632,16,369.0
1565.0,17,59.0,0.45384615384615384,4.656542557221607,7,45.0,0.35072878733354,6,137.0,0.21542860414013876,4,142.0,0.2121748769387466,17,324.0
1570.0,25,68.0,0.5271317829457365,4.270990379863653,7,51.0,0.2730241834600932,9,153.0,0.17928294148774349,9,133.0,0.1616998563704264,25,337.0
1575.0,29,96.0,0.7741935483870968,3.4878209166193477,9,69.0,0.2059467397187316,12,164.0,0.15513361927105634,8,146.0,0.19699468204716455,29,379.0
1580.0,23,82.0,0.6776859504132231,3.410167325264172,8,88.0,0.23110220892797684,8,183.0,0.15630093022842534,7,138.0,0.2177922255898752,23,409.0
1585.0,22,89.0,0.6953125,3.911262614156062,7,94.0,0.24019000785682432,10,178.0,0.14073359014017867,5,145.0,0.18998172080442569,22,417.0
1590.0,27,114.0,0.890625,3.5738084527089455,7,102.0,0.15034845506387234,12,198.0,0.11137037608290645,8,151.0,0.17022599609617423,27,451.0
1595.0,33,120.0,0.975609756097561,3.2786661661039695,8,106.0,0.21436313362590825,14,194.0,0.11236313647997107,11,152.0,0.192730089544754,33,452.0
1600.0,24,90.0,0.743801652892562,3.637859569890231,7,125.0,0.2288374627481367,8,199.0,0.1959191157234226,9,132.0,0.22249761418419434,24,456.0
1605.0,18,57.0,0.44881889763779526,4.24812187466175,6,130.0,0.22979487479381022,6,171.0,0.2075380988975444,6,146.0,0.20820381346439676,18,447.0
1610.0,26,89.0,0.7295081967213115,3.538933007890011,6,121.0,0.11916773116178106,10,165.0,0.1473483119009421,10,168.0,0.16660324020989772,26,454.0
1615.0,26,103.0,0.8728813559322034,3.6124098638200115,7,116.0,0.18395612731749864,8,154.0,0.2163015177829663,11,183.0,0.17416132259718908,26,453.0
1620.0,23,82.0,0.6776859504132231,3.8774094123324803,7,137.0,0.22478247712098,7,160.0,0.2585375712628327,9,158.0,0.19544216075601914,23,455.0
1625.0,24,92.0,0.7244094488188977,4.066040896722088,10,148.0,0.18768563609701838,9,158.0,0.23257111796506388,5,142.0,0.2113313413325509,24,448.0
1630.0,33,156.0,1.2,3.9452806553859774,12,182.0,0.1519826858181624,11,169.0,0.10957113517906204,10,164.0,0.17218673437050186,33,515.0
1635.0,36,181.0,1.4958677685950412,3.391801514087105,12,196.0,0.16445410316080633,11,164.0,0.12472884963802662,13,222.0,0.19433896154110722,36,582.0
1640.0,34,204.0,1.728813559322034,3.9487263970704487,12,181.0,0.24755367997204492,11,152.0,0.2497815641613474,11,239.0,0.22346479455870466,34,572.0
1645.0,29,164.0,1.3553719008264462,4.384497832247276,14,170.0,0.25375990508643553,6,156.0,0.29167345951513096,9,188.0,0.2321740204740885,29,514.0
1650.0,23,82.0,0.6721311475409836,3.9082341169892345,10,198.0,0.1848514749180126,9,161.0,0.22792268101002716,4,168.0,0.19656801417649775,23,527.0
1655.0,31,92.0,0.7419354838709677,4.02517585298712,14,203.0,0.15856335917131317,10,182.0,0.18990550793344899,7,186.0,0.15417272275116872,31,571.0
1660.0,28,83.0,0.7094017094017094,3.4967027080548885,9,229.0,0.19494028674847863,7,177.0,0.1900041298994531,12,193.0,0.21583955531302065,28,599.0
1665.0,23,78.0,0.6666666666666666,3.9894017644359683,9,209.0,0.24049116534006068,6,172.0,0.24230317017596997,8,167.0,0.24814749529532706,23,548.0
1670.0,24,107.0,0.8770491803278688,4.081622107546382,8,189.0,0.22457982047281042,9,163.0,0.19588930428236342,7,189.0,0.20805760263616113,24,541.0
1675.0,22,69.0,0.5348837209302325,3.6241957070274524,4,185.0,0.18174574873956786,9,174.0,0.11568124041047347,9,208.0,0.1619345416941717,22,567.0
1680.0,29,130.0,0.9923664122137404,4.248983866148326,6,155.0,0.23939356986118732,9,164.0,0.16220693628326927,14,248.0,0.2064180260037784,29,567.0
1685.0,38,251.0,2.008,3.9412351000075874,9,172.0,0.24782154523441535,8,170.0,0.17343622862511945,21,330.0,0.1537292352455823,38,672.0
1690.0,44,312.0,2.6218487394957983,3.197120255542588,13,225.0,0.17947171506454135,11,170.0,0.1557461110739776,20,374.0,0.08139662828109849,44,769.0
1695.0,42,289.0,2.5130434782608697,3.2913743710128176,12,240.0,0.16270579669330856,14,199.0,0.16935311312018528,16,362.0,0.104070953351084,42,801.0
1700.0,38,263.0,2.2288135593220337,4.001601172723508,11,217.0,0.152608522498046,13,233.0,0.2534278576173348,14,302.0,0.1897625981374923,38,752.0
1705.0,37,185.0,1.5811965811965811,3.783987611289295,13,209.0,0.24668169039504226,12,219.0,0.18282834189093083,12,337.0,0.22901301182846176,37,765.0
1710.0,37,161.0,1.3529411764705883,3.6949382956207533,11,244.0,0.23613048730865246,11,223.0,0.14797487143660568,15,384.0,0.19167565306167586,37,851.0
1715.0,36,193.0,1.6083333333333334,4.395706104087756,10,272.0,0.28133569891533866,12,256.0,0.17204500604212086,14,458.0,0.1406173288086391,36,986.0
1720.0,33,226.0,2.017857142857143,3.3948019747575984,6,281.0,0.2677163841352218,9,254.0,0.14884162228195097,18,539.0,0.08527505555374867,33,1074.0
1725.0,33,200.0,1.7857142857142858,3.3333744719531517,6,286.0,0.2665931057594141,11,222.0,0.16129663878393163,16,557.0,0.1808751765756834,33,1065.0
1730.0,23,122.0,1.0701754385964912,3.963628067972908,3,295.0,0.2444479339289682,10,203.0,0.22946445336618773,10,474.0,0.2596853447699285,23,972.0
1735.0,25,115.0,0.9663865546218487,4.527142762993629,5,293.0,0.23198110836648964,10,208.0,0.25957366764195733,10,347.0,0.2727321563483942,25,848.0
1740.0,21,88.0,0.7272727272727273,4.497632231340082,5,280.0,0.15099435266727979,7,195.0,0.3081902053104997,9,380.0,0.2096700084654966,21,855.0
1745.0,29,111.0,0.9487179487179487,3.930487357471961,7,249.0,0.1688109350749541,8,195.0,0.22923903979658117,14,442.0,0.11570865009376738,29,886.0
1750.0,32,134.0,1.2181818181818183,3.4368643202489433,8,272.0,0.2198019636299284,9,173.0,0.16773548424657844,15,511.0,0.1465521936148664,32,956.0
1755.0,22,121.0,1.0614035087719298,3.583510227460803,5,284.0,0.25539931139969785,7,181.0,0.14930977829980416,10,502.0,0.18755590954878487,22,967.0
1760.0,23,75.0,0.635593220338983,4.1578587053184775,8,269.0,0.22127126461023727,7,167.0,0.22343662567332545,8,418.0,0.25049940268729487,23,854.0
1765.0,28,99.0,0.853448275862069,4.133776119168591,9,211.0,0.16911126851067185,12,178.0,0.2510013995996959,7,310.0,0.20241030251434697,28,699.0
1770.0,17,60.0,0.49586776859504134,4.153164708237075,3,227.0,0.24951380600732687,11,170.0,0.20376919908067695,3,327.0,0.22936728668441414,17,724.0
1775.0,26,86.0,0.6666666666666666,4.252111749935813,5,213.0,0.2693847552131118,11,197.0,0.14163361555124898,10,356.0,0.2437219856935459,26,766.0
1780.0,26,127.0,1.016,3.9675014953953007,5,199.0,0.2011447187098391,11,201.0,0.1339935618741141,10,404.0,0.2271846068124569,26,804.0
1785.0,31,176.0,1.4915254237288136,3.877646197632222,7,141.0,0.1617454090818804,15,236.0,0.19092565004271722,9,391.0,0.16338432655306076,31,768.0
1790.0,33,192.0,1.6991150442477876,3.691762130385526,7,133.0,0.19469368130843206,15,260.0,0.1719378552219109,11,333.0,0.17494271104106576,33,726.0
1795.0,30,143.0,1.2327586206896552,3.8598129812241275,4,134.0,0.2354072773725924,13,239.0,0.1887269942125624,13,262.0,0.18791729513399988,30,635.0
1800.0,26,127.0,1.032520325203252,4.778406119061154,4,101.0,0.2997102075738818,13,213.0,0.1957687911259839,9,286.0,0.30517290891657917,26,600.0
1805.0,21,79.0,0.6583333333333333,4.765830256962581,5,100.0,0.31223737844576327,10,225.0,0.17696325795219156,6,285.0,0.3226179133717051,21,610.0
1810.0,19,64.0,0.5517241379310345,4.1669933209215415,6,106.0,0.21061524387598793,8,207.0,0.20914874388212162,5,264.0,0.24050103980473417,19,577.0
1815.0,23,88.0,0.7333333333333333,3.814147334385221,7,124.0,0.18000684299035985,10,215.0,0.2015737331799465,6,217.0,0.1980165054786869,23,556.0
1820.0,21,58.0,0.47540983606557374,3.6280819528023582,4,125.0,0.18692310326909184,11,190.0,0.2006665584359209,6,238.0,0.21250069660611576,21,553.0
1825.0,22,83.0,0.664,3.94996100993516,5,108.0,0.24429865732847672,11,217.0,0.13666145477365663,6,259.0,0.20159545584197916,22,584.0
1830.0,21,117.0,0.936,4.102682139620848,5,95.0,0.2177108919388604,7,209.0,0.17195996251083573,9,296.0,0.1480896886522947,21,600.0
1835.0,31,127.0,1.0854700854700854,2.8492951253718637,11,99.0,0.14131616574930103,12,225.0,0.12343802023916124,8,289.0,0.15420072685369013,31,613.0
1840.0,30,121.0,1.0083333333333333,3.009333180806777,10,135.0,0.15283204987622695,12,222.0,0.1642541971064539,8,201.0,0.21598494143432348,30,558.0
1845.0,23,87.0,0.6744186046511628,3.6448906087239017,9,143.0,0.17599844403980502,8,232.0,0.19764836161371685,6,227.0,0.21082681423417104,23,602.0
1850.0,26,99.0,0.7615384615384615,3.6863151096558378,7,148.0,0.13279420972483572,10,218.0,0.17894551380592577,9,266.0,0.240585746051689,26,632.0
1855.0,34,119.0,0.952,2.87121856052262,12,146.0,0.11884346041826599,12,243.0,0.10947031298702994,10,263.0,0.21043114881854516,34,652.0
1860.0,35,173.0,1.4065040650406504,3.108701538165096,16,185.0,0.16347174099055803,13,240.0,0.1448589525960006,6,234.0,0.23091664153869887,35,659.0
1865.0,27,126.0,0.9618320610687023,3.318491287049361,16,228.0,0.16298028184906077,5,240.0,0.204893893478634,6,250.0,0.2045435446131112,27,718.0
1870.0,29,135.0,1.0,3.8853629716909928,14,245.0,0.1639208443455818,9,219.0,0.16413118671844687,6,265.0,0.19801325388436977,29,729.0
1875.0,27,129.0,1.0078125,3.4012766102530305,10,235.0,0.15382368350375866,11,227.0,0.10387066117392069,6,251.0,0.12674581393922496,27,713.0
1880.0,31,136.0,1.1239669421487604,3.6132053175893497,12,255.0,0.18381157791640254,11,205.0,0.19389106232529402,8,216.0,0.21873232809943816,31,676.0
1885.0,30,131.0,1.065040650406504,3.8468021922361864,18,270.0,0.16020815020232573,4,184.0,0.29673337866556604,8,183.0,0.2497869592126915,30,637.0
1890.0,31,177.0,1.3511450381679388,3.927066595624037,17,299.0,0.14411794607983966,6,166.0,0.2665858324508775,8,167.0,0.28193170268192586,31,632.0
1895.0,28,101.0,0.7372262773722628,3.638278314443065,14,288.0,0.11435050858147607,10,162.0,0.18686888579264413,4,157.0,0.21745061654955528,28,607.0
1900.0,28,104.0,0.8,4.175618121635748,13,298.0,0.20941754330659507,9,117.0,0.18371196514862628,6,134.0,0.30692428431838426,28,549.0
1905.0,29,130.0,1.0236220472440944,4.026930714548059,11,316.0,0.21329922623221179,8,145.0,0.16131001849741233,10,141.0,0.3434344371829793,29,602.0
1910.0,34,139.0,1.0692307692307692,3.5418399845769035,13,317.0,0.1795031082649597,9,161.0,0.1878767258263652,12,151.0,0.23829078817437438,34,629.0
1915.0,39,137.0,1.0148148148148148,2.9701735783742724,15,354.0,0.11695366466059,12,177.0,0.1809433577652816,12,137.0,0.20677666523755991,39,668.0
1920.0,37,114.0,0.7916666666666666,3.3279638599707275,14,356.0,0.14247460925011474,17,177.0,0.14501202971496227,6,144.0,0.27866270890147,37,677.0
1925.0,34,160.0,1.1111111111111112,3.6823635097492686,11,359.0,0.1992333120163692,14,230.0,0.10264378582378367,9,162.0,0.2506214521387868,34,751.0
1930.0,32,188.0,1.3333333333333333,3.7083601565945705,13,401.0,0.24508631051911317,12,250.0,0.1340255314855011,7,174.0,0.14694349350578173,32,825.0
1935.0,33,170.0,1.2781954887218046,3.50271259421476,13,406.0,0.11194768064389396,12,249.0,0.1748874132337096,8,154.0,0.1768895087527978,33,809.0
1940.0,36,143.0,1.1085271317829457,2.9846477426235096,19,385.0,0.15047316817117945,14,241.0,0.15387020541417207,3,162.0,0.20943636666234092,36,788.0
1945.0,38,153.0,1.125,3.1383175521287052,14,446.0,0.17533569925245043,14,282.0,0.1157094293431161,10,160.0,0.16759379331988036,38,888.0
1950.0,42,206.0,1.5036496350364963,3.685913729526378,16,490.0,0.21966551767758438,13,288.0,0.11616561786495203,13,212.0,0.13883354453451738,42,990.0
1955.0,38,222.0,1.7480314960629921,3.3018821319643306,14,554.0,0.18769076349557856,13,301.0,0.1433219148226097,11,222.0,0.08185998658754146,38,1077.0
1960.0,39,176.0,1.4426229508196722,3.3008098083895376,12,557.0,0.20550707285745606,16,290.0,0.16426946730824116,11,201.0,0.19743465519223216,39,1048.0
1965.0,30,132.0,1.0731707317073171,3.275907578790982,10,509.0,0.2527603094127079,12,321.0,0.1431504283835177,8,234.0,0.20814666836988838,30,1064.0
1970.0,34,144.0,1.1162790697674418,3.7866749134455064,13,481.0,0.23193072106169105,11,332.0,0.13610636825530847,10,264.0,0.19126252239278402,34,1077.0
1975.0,36,224.0,1.8064516129032258,3.8851021122507885,11,459.0,0.20348653322453433,14,348.0,0.14399349524201577,11,287.0,0.15400503775471883,36,1094.0
1980.0,31,140.0,1.1764705882352942,3.411931185950172,8,484.0,0.15292350275731387,15,366.0,0.15671500627403107,8,269.0,0.17835354950698132,31,1119.0
1985.0,31,117.0,0.9831932773109243,3.5412762536295244,11,508.0,0.23003027050391345,16,338.0,0.13807870842476883,4,250.0,0.28618221529341886,31,1096.0
1990.0,30,164.0,1.3225806451612903,4.263720810373313,9,505.0,0.24907209045833223,17,297.0,0.15098147076176757,4,262.0,0.33225701731136853,30,1064.0
1995.0,24,115.0,0.9583333333333334,3.9418228894304046,11,499.0,0.2232500807097024,10,309.0,0.1784931362250069,3,245.0,0.2961881744920391,24,1053.0
2000.0,30,118.0,0.9833333333333333,3.714090076597437,17,571.0,0.10964825683446855,10,323.0,0.2285328704489816,3,199.0,0.283664384949723,30,1093.0
2005.0,43,241.0,1.928,3.4331258489419727,26,678.0,0.07636630012883117,15,352.0,0.17202568374404573,2,165.0,0.24591357143874795,43,1195.0
2010.0,47,326.0,2.5669291338582676,2.80414248218881,25,763.0,0.03749541958948312,20,428.0,0.16670103294243133,2,165.0,0.16207193131569222,47,1356.0
2015.0,48,327.0,2.680327868852459,2.867047600989204,21,821.0,0.07229840788654725,22,458.0,0.07281913254811812,5,169.0,0.20384150385297087,48,1448.0
2020.0,41,320.0,2.782608695652174,3.2811123195071143,16,849.0,0.16666216956925123,20,436.0,0.10997776998674388,5,160.0,0.2201911709431474,41,1445.0
2025.0,38,391.0,3.4910714285714284,4.295594114362374,19,901.0,0.2594494277149463,14,362.0,0.23052211567607725,5,140.0,0.2706239597542164,38,1403.0
2030.0,37,480.0,4.363636363636363,4.359496091044053,23,984.0,0.20187573544055293,8,310.0,0.2858709299008833,6,112.0,0.33919895514793924,37,1406.0
2035.0,31,449.0,3.9734513274336285,4.31945231469079,23,985.0,0.18838177651199184,6,274.0,0.3473687043182558,2,108.0,0.30400302018524983,31,1367.0
2040.0,32,376.0,3.2413793103448274,4.818591745202108,21,858.0,0.21521995913286243,4,238.0,0.43114139770156845,7,108.0,0.2851292401150629,32,1204.0
2045.0,35,352.0,3.0608695652173914,4.514620782785927,19,812.0,0.2281800444994806,6,211.0,0.36508388063658437,10,124.0,0.1984123774772643,35,1147.0
2050.0,33,303.0,2.634782608695652,4.22915372565418,17,768.0,0.2431036686438217,10,212.0,0.2521995299529669,6,109.0,0.2620642996872991,33,1089.0
2055.0,25,184.0,1.4959349593495934,4.294872828111743,13,750.0,0.2647558553168688,10,183.0,0.24004714803654853,2,90.0,0.24306634932726245,25,1023.0
2060.0,22,85.0,0.6640625,4.506830066884385,7,753.0,0.29661370152081973,7,185.0,0.14801683077580619,8,96.0,0.26101587809163385,22,1034.0
2065.0,30,124.0,0.9763779527559056,4.5127919956638785,10,754.0,0.3073957367487949,10,192.0,0.11583280296355843,10,102.0,0.19154042266341254,30,1048.0
2070.0,32,178.0,1.5614035087719298,3.5090909473028304,10,729.0,0.17298113819384978,15,254.0,0.1730023335254352,7,81.0,0.1560293558850699,32,1064.0
2075.0,37,203.0,1.780701754385965,3.614888965083105,12,625.0,0.17018597314715916,18,278.0,0.1877945086302346,7,78.0,0.2225681789743639,37,981.0
2080.0,32,124.0,1.0598290598290598,3.450899469631349,10,642.0,0.17229242301469783,17,253.0,0.1366617340433549,5,78.0,0.2576874309809354,32,973.0
2085.0,32,120.0,0.975609756097561,4.224326002860569,12,673.0,0.22642984218319265,13,274.0,0.17226548859618046,7,66.0,0.23048858379741113,32,1013.0
2090.0,27,128.0,1.0940170940170941,3.869745956420869,10,709.0,0.19771814069261012,11,311.0,0.17135791351314014,6,75.0,0.1827366680871313,27,1095.0
2095.0,30,119.0,1.0347826086956522,3.670353415007417,10,666.0,0.15329093226355692,8,308.0,0.2657834217818848,12,76.0,0.18453158069940498,30,1050.0
2100.0,26,83.0,0.6974789915966386,3.688877395024379,12,558.0,0.20038790786064434,6,260.0,0.24850724646989156,8,87.0,0.24667104540159857,26,905.0
2105.0,24,79.0,0.632,4.4381469909361435,9,528.0,0.24081496367534477,9,199.0,0.2465200914216011,6,74.0,0.29548125081577603,24,801.0
2110.0,19,53.0,0.4108527131782946,4.322453593389951,10,558.0,0.2346337444668171,3,208.0,0.19431782090698188,6,83.0,0.2593593247305596,19,849.0
2115.0,26,84.0,0.6774193548387096,4.0886956769723595,8,530.0,0.21993085998242154,8,215.0,0.1973492804393525,10,90.0,0.19308109484347463,26,835.0
2120.0,25,84.0,0.6829268292682927,3.589409377126724,11,458.0,0.18578101049884027,9,219.0,0.22902500354132568,5,98.0,0.14689688688297475,25,775.0
2125.0,27,87.0,0.71900826446281,3.950200866021077,10,431.0,0.23520356001197737,8,161.0,0.21426782499219996,9,95.0,0.21735562018196192,27,687.0
2130.0,27,163.0,1.3252032520325203,4.6466853528039325,9,436.0,0.23762271729734932,7,134.0,0.17573718389240092,11,126.0,0.2308465942643091,27,696.0
2135.0,27,199.0,1.6864406779661016,4.781125038187072,9,450.0,0.28757082567204956,8,121.0,0.2874182805629501,10,146.0,0.20134699494605418,27,717.0
2140.0,23,190.0,1.7757009345794392,4.576100312487157,8,419.0,0.23665983558225098,7,129.0,0.4617180623001189,8,121.0,0.1870017149850118,23,669.0
2145.0,23,102.0,0.9272727272727272,4.083260439944829,9,322.0,0.21683477569145873,6,118.0,0.37630361193439293,8,139.0,0.18658498476727226,23,579.0
2150.0,26,96.0,0.8205128205128205,4.238749992909166,7,287.0,0.1794103951850965,7,92.0,0.31492093066331456,12,192.0,0.15295917803301182,26,571.0
2155.0,34,144.0,1.2743362831858407,3.83529698137189,10,308.0,0.1492082543823132,12,108.0,0.22664134254170035,12,220.0,0.12026850586411691,34,636.0
2160.0,34,163.0,1.4954128440366972,3.7814496540888047,14,346.0,0.15760380563513934,13,148.0,0.17291640796937544,7,203.0,0.16493125172347325,34,697.0
2165.0,32,137.0,1.3047619047619048,4.384101564268358,17,344.0,0.173140575299887,8,138.0,0.34689848086707675,7,174.0,0.27904195031550016,32,656.0
2170.0,15,52.0,0.47706422018348627,4.635838740470087,10,286.0,0.22007622254207687,2,110.0,0.3544100675631473,3,182.0,0.27589938399949376,15,578.0
2175.0,20,50.0,0.423728813559322,4.85096504749334,9,294.0,0.1551845509748136,6,117.0,0.31643313018183983,5,186.0,0.27941090740147506,20,597.0
2180.0,24,79.0,0.7053571428571429,4.321449319099903,11,319.0,0.16112487701695627,9,125.0,0.18876297267452447,4,182.0,0.25077000355430973,24,626.0
2185.0,26,89.0,0.8317757009345794,3.9009602992831307,10,319.0,0.15747906496515696,9,116.0,0.2386481236483753,7,145.0,0.2589618573254314,26,580.0
2190.0,16,42.0,0.3925233644859813,4.072837054749431,7,259.0,0.20857917330978767,5,144.0,0.2679887030804191,4,152.0,0.28554383668615846,16,555.0
2195.0,18,75.0,0.6637168141592921,4.9385862601309265,3,225.0,0.25111021926397786,10,151.0,0.30007416330855063,5,162.0,0.27420180090507495,18,538.0
2200.0,23,79.0,0.6991150442477876,4.028592360157924,7,245.0,0.16567289686798395,10,162.0,0.15101294567708434,6,153.0,0.16421195085040788,23,560.0
2205.0,23,80.0,0.7476635514018691,3.761047505504413,7,237.0,0.2019365920439927,11,143.0,0.2200753142043082,5,120.0,0.2427720483501623,23,500.0
2210.0,17,91.0,0.8584905660377359,4.8827453792847395,4,184.0,0.31408765624588314,9,140.0,0.37257497275506285,4,109.0,0.2884668971770452,17,433.0
2215.0,14,82.0,0.7256637168141593,5.024848982710831,4,141.0,0.3381838352103594,5,129.0,0.3050930188231372,5,120.0,0.31001122208468995,14,390.0
2220.0,17,45.0,0.3813559322033898,4.441141094348903,4,116.0,0.23850272866736713,8,123.0,0.30575114988638075,5,114.0,0.20812985802113496,17,353.0
2225.0,20,71.0,0.6228070175438597,4.1365723613123855,7,123.0,0.16387159283195393,6,123.0,0.288997234010048,7,91.0,0.15000022863438547,20,337.0
2230.0,23,95.0,0.8558558558558559,4.277884448014665,10,133.0,0.19036132634304168,7,112.0,0.225697735435992,6,83.0,0.298839002200609,23,328.0
2235.0,19,66.0,0.6,4.398536270802087,8,118.0,0.2913130106019622,6,105.0,0.2468252751757752,5,83.0,0.2589919419958761,19,306.0
2240.0,21,104.0,0.9043478260869565,4.814039869316308,6,96.0,0.2741207633435839,8,117.0,0.22454520240463433,7,82.0,0.23306316463768414,21,295.0
2245.0,18,44.0,0.39285714285714285,3.9171549903828002,3,88.0,0.2148946513661173,9,129.0,0.20475067473155936,6,70.0,0.1480321610399944,18,287.0
2250.0,25,64.0,0.5517241379310345,4.169325065272143,10,87.0,0.20430258422332734,9,120.0,0.19649433979081155,6,48.0,0.2774632184770294,25,255.0
2255.0,20,102.0,0.9107142857142857,4.1679062541047305,9,106.0,0.2677079271940787,8,120.0,0.1895583584001029,3,52.0,0.30478921975238576,20,278.0
2260.0,21,104.0,0.896551724137931,4.445713208044919,7,99.0,0.28965118473473184,9,136.0,0.2463633264827708,5,59.0,0.2998752297890372,21,294.0
2265.0,25,118.0,1.0085470085470085,4.444157979864154,5,100.0,0.21001875925404964,10,142.0,0.2737365907817747,10,94.0,0.18512967422546261,25,336.0
2270.0,33,157.0,1.3893805309734513,4.023484122167567,9,105.0,0.19314855960830613,14,159.0,0.21559017552890059,10,109.0,0.10792333693537845,33,373.0
2275.0,31,136.0,1.3076923076923077,3.5033342110575107,10,120.0,0.09400191379102661,15,197.0,0.20742902691289158,6,91.0,0.21830430291173814,31,408.0
2280.0,26,113.0,1.0865384615384615,4.449775625546025,7,105.0,0.18937895662390164,15,212.0,0.2515041101243791,4,73.0,0.30728222321975707,26,390.0
2285.0,21,146.0,1.3394495412844036,5.596823177929176,5,91.0,0.3063315279955971,12,209.0,0.2989351639668441,4,69.0,0.37051350575444303,21,369.0
2290.0,14,44.0,0.38596491228070173,4.423935219885971,4,72.0,0.24414607176389497,8,220.0,0.20851313936958318,2,64.0,0.3564007362064812,14,356.0
2295.0,22,65.0,0.5652173913043478,4.864845146650571,7,64.0,0.22790277304102485,9,201.0,0.22097037576365403,6,71.0,0.31904846737108056,22,336.0
2300.0,20,59.0,0.5267857142857143,3.819035098460747,5,69.0,0.19207772659283812,9,213.0,0.14468733541899156,6,78.0,0.21074927804091517,20,360.0
2305.0,23,78.0,0.7155963302752294,4.180230306002892,6,70.0,0.2377111072184637,12,211.0,0.23442040654823307,5,74.0,0.3009156496674719,23,355.0
2310.0,18,50.0,0.42735042735042733,3.651468986402406,9,97.0,0.2311936532969289,7,225.0,0.17131400673175823,2,75.0,0.2647724294147428,18,397.0
2315.0,25,100.0,0.819672131147541,4.1740453995814395,7,115.0,0.22160635480891944,11,226.0,0.17613570745607054,7,95.0,0.22968775381756584,25,436.0
2320.0,25,86.0,0.7478260869565218,3.0676158058282517,8,125.0,0.12580108240020604,10,219.0,0.12950354675101128,7,108.0,0.11729597973468038,25,452.0
2325.0,27,84.0,0.75,3.342418013423931,11,134.0,0.15501180813149473,13,209.0,0.1916948128658455,3,82.0,0.2561889153743391,27,425.0
2330.0,25,105.0,0.9051724137931034,3.854990333405593,8,148.0,0.2251840329282319,12,184.0,0.20620186071124533,5,78.0,0.24700095030878996,25,410.0
2335.0,28,91.0,0.7398373983739838,4.04970958559304,11,154.0,0.2598050709651072,10,202.0,0.1715275662412044,7,102.0,0.2605738311712299,28,458.0
2340.0,24,98.0,0.8099173553719008,4.314097261779656,9,158.0,0.21260193169108743,9,170.0,0.18885658287587537,6,104.0,0.23477439214413626,24,432.0
2345.0,21,75.0,0.635593220338983,3.498747382727983,8,173.0,0.15796104066125857,9,184.0,0.16729498548853466,4,65.0,0.18017929739165245,21,422.0
2350.0,19,63.0,0.5575221238938053,3.883380053601139,11,154.0,0.20472999631169964,8,169.0,0.2511006452552337,0,54.0,0.2874726436186521,19,377.0
2355.0,26,140.0,1.1965811965811965,4.649287995454744,11,175.0,0.25885655537650437,9,163.0,0.2799357794665077,6,72.0,0.2527644837991765,26,410.0
2360.0,34,224.0,1.8360655737704918,4.606135704853283,8,194.0,0.2973493368619628,14,200.0,0.265267625314576,12,116.0,0.2397093861880703,34,510.0
2365.0,35,246.0,2.0847457627118646,4.208023353120724,9,208.0,0.2533299189195781,10,206.0,0.27541123915932536,16,184.0,0.21649017329178016,35,598.0
2370.0,37,299.0,2.6,3.3931904344157937,8,228.0,0.14553836666728928,8,143.0,0.20593173707720674,21,278.0,0.12322017265532578,37,649.0
2375.0,36,253.0,2.2389380530973453,3.126702905613351,6,212.0,0.21974662758504127,9,158.0,0.17820042163472508,21,334.0,0.10527963655349633,36,704.0
2380.0,32,185.0,1.6371681415929205,3.4375393341643523,6,219.0,0.20257472660646453,8,165.0,0.2629655331159812,18,330.0,0.16810036877659215,32,714.0
2385.0,35,189.0,1.6153846153846154,3.94770780901562,10,206.0,0.18895940123202998,8,158.0,0.2648180659177357,17,300.0,0.14399392911644096,35,664.0
2390.0,33,180.0,1.565217391304348,3.717828236454283,9,214.0,0.1494113392756494,10,141.0,0.18134254563393992,14,358.0,0.1718914926773453,33,713.0
2395.0,29,158.0,1.4234234234234233,3.756654159576299,6,180.0,0.15193784254679293,8,169.0,0.19691989142837768,15,401.0,0.14862447986234298,29,750.0
2400.0,19,79.0,0.7314814814814815,3.8230569765850246,4,195.0,0.17848651022977355,5,152.0,0.22827986142377757,10,420.0,0.22880302637855762,19,767.0
2405.0,21,103.0,0.9809523809523809,4.8270737163749855,9,214.0,0.21598103161239432,7,142.0,0.33453468739616465,5,363.0,0.3135198914220768,21,719.0
2410.0,24,108.0,1.0093457943925233,4.42119914144801,9,213.0,0.17130510973654545,7,137.0,0.2827147756482243,8,273.0,0.27505335622660104,24,623.0
2415.0,18,99.0,0.9611650485436893,4.623765477066751,7,172.0,0.14468478517684388,7,116.0,0.27467824393331736,4,252.0,0.31969140226429826,18,540.0
2420.0,21,115.0,1.0849056603773586,4.903446932580948,7,143.0,0.18082038412469312,11,119.0,0.3017198584247674,3,206.0,0.27877481001001087,21,468.0
2425.0,18,128.0,1.2075471698113207,5.099852417166967,5,124.0,0.23613092177508307,8,129.0,0.2521569132395405,5,202.0,0.25192517299657596,18,455.0
2430.0,24,181.0,1.7920792079207921,5.399167253316049,4,113.0,0.29331908428130943,9,108.0,0.2804290753732108,11,251.0,0.3071010521160185,24,472.0
2435.0,21,203.0,2.1145833333333335,5.5801345890103216,5,120.0,0.4130672625654385,8,118.0,0.330230632651087,8,258.0,0.34203600322371686,21,496.0
2440.0,21,225.0,2.295918367346939,6.138599586743105,6,135.0,0.5226853723896884,6,130.0,0.4658728788328473,9,216.0,0.2969294221370985,21,481.0
2445.0,12,58.0,0.5858585858585859,5.3962987249184975,2,81.0,0.4560237156303431,4,123.0,0.3727191266140841,6,206.0,0.2854131198410525,12,410.0
2450.0,22,68.0,0.6538461538461539,5.4804293211831085,5,24.0,0.3720605227203357,7,102.0,0.3165027449529635,10,233.0,0.18575014360936937,22,359.0
2455.0,23,65.0,0.6701030927835051,3.65852583475305,7,39.0,0.23672509681564952,9,105.0,0.1271924158192372,7,232.0,0.1200450048117436,23,376.0
2460.0,18,51.0,0.5604395604395604,4.204445201273291,6,43.0,0.30003293495665273,8,110.0,0.28090556495231395,4,183.0,0.24194081163842715,18,336.0
2465.0,9,50.0,0.5154639175257731,6.043272698190992,3,44.0,0.3520488186274496,3,94.0,0.41898271493967176,3,103.0,0.3801414431871475,9,241.0
2470.0,13,41.0,0.41,5.381169752683995,8,60.0,0.3397039332719091,2,67.0,0.31777903970088867,3,98.0,0.31679087822427643,13,225.0
2475.0,29,146.0,1.46,4.3302826473632585,14,114.0,0.2244500917708367,8,78.0,0.19486302919394724,7,122.0,0.18395284691369537,29,314.0
2480.0,37,196.0,2.1777777777777776,2.4199641738199995,13,147.0,0.13918516087051772,10,94.0,0.1432000659579372,14,182.0,0.12766286815002875,37,423.0
2485.0,29,137.0,1.4574468085106382,3.6487600455953824,11,147.0,0.24169403876004078,3,76.0,0.3185435010331586,15,211.0,0.18784244265026281,29,434.0
2490.0,17,65.0,0.6701030927835051,5.218786101557007,6,158.0,0.2997077166412758,2,42.0,0.507494062654774,9,196.0,0.2770327119499631,17,396.0
2495.0,17,59.0,0.59,4.835807483772218,10,191.0,0.20818776819641627,1,37.0,0.41635700920177776,6,154.0,0.2499261793227025,17,382.0
2500.0,21,69.0,0.711340206185567,4.663584174037608,9,201.0,0.1433082060812195,7,55.0,0.27366674481495706,5,111.0,0.3187183946699336,21,367.0
2505.0,15,47.0,0.5108695652173914,4.777961535190216,5,164.0,0.16332458836061167,6,66.0,0.3469903274415777,4,81.0,0.3845279838438772,15,311.0
2510.0,6,25.0,0.26881720430107525,5.517084352844837,4,169.0,0.21414724729054055,1,44.0,0.38981536327538924,1,67.0,0.4611351229930516,6,280.0
2515.0,12,50.0,0.5376344086021505,5.972289374615738,9,193.0,0.20603079573718877,1,15.0,0.38538964546820825,2,60.0,0.6191328739707469,12,268.0
2520.0,9,29.0,0.31521739130434784,5.7516567953369195,7,192.0,0.212898073483407,0,4.0,0.4706643348683983,2,37.0,0.5888402329080835,9,233.0
2525.0,12,38.0,0.40425531914893614,5.273979568133192,4,150.0,0.18207977894253177,2,6.0,0.481801136646527,6,56.0,0.4226187196995911,12,212.0
2530.0,14,33.0,0.3473684210526316,4.770753534000957,6,170.0,0.1567509647167998,3,11.0,0.49928505519969324,5,64.0,0.3224140930671952,14,245.0
2535.0,18,79.0,0.8315789473684211,4.862824300377853,10,206.0,0.08992017867464336,5,31.0,0.47816621842359897,3,52.0,0.2583214803142849,18,289.0
2540.0,14,63.0,0.7078651685393258,4.340070342202708,8,205.0,0.10094272049734332,5,37.0,0.31566364307815187,1,36.0,0.37313503613987703,14,278.0
2545.0,11,40.0,0.43956043956043955,5.36299791197889,5,160.0,0.19448985672086314,5,40.0,0.36330594811799694,1,24.0,0.6045002686247898,11,224.0
2550.0,10,33.0,0.34375,5.24777318975062,6,185.0,0.15664400087021413,2,36.0,0.3439743216715586,2,24.0,0.638400393492008,10,245.0
2555.0,19,83.0,0.8645833333333334,4.775655726094566,11,231.0,0.11434384949558905,3,40.0,0.3136972860710361,5,35.0,0.5212510276399539,19,306.0
2560.0,18,102.0,1.096774193548387,3.867612567092705,10,230.0,0.08633231086241239,3,44.0,0.17575893725986289,5,55.0,0.4567720374526434,18,329.0
2565.0,12,24.0,0.2696629213483146,3.8419608370446796,7,179.0,0.13421118392518622,3,42.0,0.23054027370743502,2,30.0,0.43480619080400146,12,251.0
2570.0,10,43.0,0.48314606741573035,5.403889734921211,6,117.0,0.18786957637085566,1,35.0,0.3455105811145828,3,13.0,0.4981565125111449,10,165.0
2575.0,7,42.0,0.47191011235955055,5.819072838122858,4,92.0,0.24150524826584951,2,38.0,0.39103129924324814,1,13.0,0.45989434746837415,7,143.0
2580.0,7,68.0,0.7640449438202247,6.1264461926861795,2,81.0,0.3184859523049734,3,47.0,0.38052361281029357,2,9.0,0.5062789417384688,7,137.0
2585.0,8,58.0,0.651685393258427,6.75345063813308,3,66.0,0.4524994940357734,3,41.0,0.3473167392558889,2,14.0,0.6851795328737957,8,121.0
2590.0,12,104.0,1.1818181818181819,6.6458919632636215,3,69.0,0.5659899923139803,7,52.0,0.27107480933231093,2,21.0,0.5841684606902559,12,142.0
2595.0,18,137.0,1.5747126436781609,6.024465625806812,5,79.0,0.550006493430111,8,70.0,0.21562515690278106,5,38.0,0.44429318759957453,18,187.0
2600.0,12,113.0,1.3452380952380953,5.847351608113075,4,96.0,0.5116111876008468,6,69.0,0.21922835435240196,2,17.0,0.5204825679928641,12,182.0
2605.0,13,47.0,0.5529411764705883,5.870860782541741,4,59.0,0.42569849504320434,4,63.0,0.18709662880479402,5,18.0,0.5369031536701879,13,140.0
2610.0,15,72.0,0.8674698795180723,6.020814934435425,9,33.0,0.3688125641832875,5,76.0,0.2948660630584487,1,17.0,0.5804989278918804,15,126.0
2615.0,10,40.0,0.47619047619047616,5.931527021485706,7,61.0,0.3104300897901449,3,66.0,0.3041257318483858,0,4.0,0.6109251880940738,10,131.0
2620.0,14,47.0,0.5595238095238095,5.373300105010925,6,62.0,0.2662213744262409,7,64.0,0.2905385316719619,1,7.0,0.4710128060636561,14,133.0
2625.0,27,103.0,1.1704545454545454,5.234609064692227,9,64.0,0.33206713460863435,10,91.0,0.26773793132358237,8,32.0,0.2176121642504604,27,187.0
2630.0,12,50.0,0.5681818181818182,5.566349323055752,2,58.0,0.4072970902340478,4,92.0,0.255361782919032,6,51.0,0.3781507293379802,12,201.0
2635.0,16,55.0,0.6179775280898876,6.355286645175557,7,55.0,0.44370184258462086,5,74.0,0.3077333760597715,4,31.0,0.37104621152800565,16,160.0
2640.0,12,33.0,0.3793103448275862,5.12894578521954,7,78.0,0.2075550505136595,2,61.0,0.31927694997460454,3,37.0,0.4301037540084568,12,176.0
2645.0,21,84.0,1.0,4.873537967606474,5,78.0,0.1836174990810002,8,78.0,0.2757086478824066,8,58.0,0.2962966622210314,21,214.0
2650.0,19,80.0,0.963855421686747,5.087666693298329,5,75.0,0.403959601861445,8,95.0,0.2620633392374744,6,64.0,0.16361198624978165,19,234.0
2655.0,10,68.0,0.7906976744186046,6.412325526591855,4,77.0,0.5619785549304384,4,81.0,0.3191261065708629,2,38.0,0.3569356304278672,10,196.0
2660.0,11,90.0,1.0344827586206897,6.610186788489184,6,87.0,0.4996073553225931,3,86.0,0.3055189190002462,2,25.0,0.4588371024561615,11,198.0
2665.0,15,57.0,0.6477272727272727,5.746519551561579,3,58.0,0.3666471696169956,9,116.0,0.18561565148238168,3,26.0,0.5062324996066683,15,200.0
2670.0,21,93.0,1.0689655172413792,4.995563060152385,6,35.0,0.2612618964401997,9,130.0,0.13888337458903666,6,38.0,0.4197677076253176,21,203.0
2675.0,13,25.0,0.29069767441860467,5.067393942806216,6,48.0,0.4029139401741717,5,97.0,0.1273514296262894,2,28.0,0.426647689167784,13,173.0
2680.0,12,40.0,0.47619047619047616,6.678313970632427,3,19.0,0.5655977956412364,3,76.0,0.27638124242786893,6,25.0,0.40103339557051604,12,120.0
2685.0,9,28.0,0.3333333333333333,6.878776787849781,3,12.0,0.5373126740824632,1,48.0,0.37606082943380786,5,35.0,0.4304617446367778,9,95.0
2690.0,11,52.0,0.6265060240963856,6.677878146070245,5,30.0,0.4623860853351229,1,39.0,0.4353627084572875,5,36.0,0.40626027101989964,11,105.0
2695.0,8,36.0,0.43902439024390244,6.724003116678199,5,38.0,0.38095761609417794,1,27.0,0.5499338089519378,2,31.0,0.39714530233175077,8,96.0
2700.0,10,55.0,0.6875,6.97317041523709,1,24.0,0.3555153169520575,2,29.0,0.6977403995312653,7,44.0,0.39513582809429476,10,97.0
2705.0,13,71.0,0.8765432098765432,6.62123566334069,3,17.0,0.3614846202895817,1,34.0,0.7857918757708031,9,67.0,0.30184041768112013,13,118.0
2710.0,11,74.0,0.925,6.996071258038967,4,25.0,0.42739312665395535,1,39.0,0.7788185393212026,6,50.0,0.20607951496056426,11,114.0
2715.0,7,59.0,0.7283950617283951,7.352207702948166,3,36.0,0.443067894744702,2,7.0,0.6332294237268165,2,47.0,0.32709037627148546,7,90.0
2720.0,12,107.0,1.2738095238095237,8.044332131185321,4,53.0,0.5149327457587826,6,28.0,0.5046323702140638,2,41.0,0.5169599462841722,12,122.0
2725.0,8,54.0,0.6666666666666666,7.102344214539717,1,33.0,0.5298141911203776,4,40.0,0.364168500419954,3,46.0,0.5450692760894953,8,119.0
2730.0,8,25.0,0.30864197530864196,6.427073728142801,6,22.0,0.3715786602052603,1,24.0,0.29845369669479777,1,6.0,0.46641843285338314,8,52.0
2735.0,16,52.0,0.6842105263157895,5.167423878224658,7,47.0,0.23638917153765665,2,19.0,0.24853000853641843,7,30.0,0.37106930204382,16,96.0
2740.0,18,73.0,1.0,4.619701416815932,4,50.0,0.2766347925291515,7,46.0,0.19879703467700258,7,51.0,0.27987415083573736,18,147.0
2745.0,14,66.0,0.9041095890410958,5.529195729447273,2,49.0,0.39939092442704444,9,68.0,0.29996166256494283,3,45.0,0.323812990424257,14,162.0
2750.0,8,65.0,0.8666666666666667,7.6731334737764065,2,54.0,0.6422382048481711,3,59.0,0.37992860934623984,3,31.0,0.5284125380010686,8,144.0
2755.0,7,85.0,1.103896103896104,8.15910949150246,4,57.0,0.5352080776021038,1,44.0,0.3715033271081636,2,32.0,0.6806841452676599,7,133.0
2760.0,9,123.0,1.7083333333333333,8.929609624884657,5,77.0,0.5686695547203873,2,32.0,0.46566107838507964,2,41.0,0.7678595618389764,9,150.0
2765.0,10,158.0,2.1944444444444446,7.458438430430972,6,104.0,0.48696744007298504,1,32.0,0.38695786386478065,3,52.0,0.5929612461425094,10,188.0
2770.0,17,227.0,3.1527777777777777,7.010350751688948,6,134.0,0.402542229622074,8,51.0,0.28936256759698203,3,67.0,0.5893993194239029,17,252.0
2775.0,12,121.0,1.8333333333333333,6.02710426690902,2,92.0,0.3319424397522134,6,72.0,0.2768723280254243,4,85.0,0.49407428467424647,12,249.0
2780.0,8,25.0,0.38461538461538464,6.219647638767114,3,23.0,0.5271072864316677,2,43.0,0.2198170714481582,3,64.0,0.3824938689996527,8,130.0
2785.0,6,19.0,0.296875,7.393738118547616,0,12.0,0.706673441942818,3,26.0,0.23540633260296787,3,24.0,0.5338276907014581,6,62.0
2790.0,3,6.0,0.1,7.7999212745219255,0,2.0,0.7853152635694464,2,24.0,0.31403893683117723,1,22.0,0.6174707849920753,3,48.0
2795.0,12,41.0,0.6612903225806451,7.046908900508205,1,0.0,0.6368323222367274,7,49.0,0.2887043016625413,4,26.0,0.49108593096264436,12,75.0
2800.0,14,63.0,1.0161290322580645,5.82078510119479,2,4.0,0.6094241009189467,6,64.0,0.18214708492672702,6,49.0,0.4202146845495997,14,117.0
2805.0,5,17.0,0.25757575757575757,6.605297049617838,1,11.0,0.6588575687636197,2,51.0,0.23395285970652444,2,39.0,0.41878172409559156,5,101.0
2810.0,7,27.0,0.39705882352941174,8.062370835066579,2,16.0,0.6751120323958678,2,20.0,0.31685160851651584,3,15.0,0.5319874054907029,7,51.0
2815.0,6,45.0,0.7377049180327869,7.914737404852832,1,21.0,0.6829382023317222,2,22.0,0.3670847740100328,3,26.0,0.6137706623818082,6,69.0
2820.0,10,64.0,1.103448275862069,6.011569517712902,0,1.0,0.5994892963909441,6,43.0,0.2827316224838157,4,43.0,0.3363019676169387,10,87.0
2825.0,14,32.0,0.5079365079365079,4.69523708852901,5,10.0,0.3275857265979966,3,50.0,0.18238177962446836,6,36.0,0.17986905487069169,14,96.0
2830.0,7,24.0,0.39344262295081966,6.931154577699598,2,22.0,0.5330811081710932,2,30.0,0.34434518117986834,3,30.0,0.4435098220971299,7,82.0
2835.0,3,2.0,0.03225806451612903,8.212676441927716,1,11.0,0.6427537265419727,0,14.0,0.51866446670666,2,24.0,0.4833646544636984,3,49.0
2840.0,10,33.0,0.4925373134328358,7.809490298984006,1,8.0,0.650416836432129,3,19.0,0.46316472690785543,6,32.0,0.3496234350333096,10,59.0
2845.0,14,60.0,0.9230769230769231,6.811849744986132,4,18.0,0.5157161914951537,5,41.0,0.418525763692681,5,46.0,0.3046454858094217,14,105.0
2850.0,9,20.0,0.3076923076923077,5.880371185373613,4,12.0,0.3653866824389305,5,48.0,0.36172538825782513,0,25.0,0.31198291987186927,9,85.0
2855.0,8,28.0,0.45161290322580644,7.965100867502811,5,22.0,0.39592244080589606,3,41.0,0.48309940694119524,0,4.0,0.6359554108675328,8,67.0
2860.0,6,20.0,0.3076923076923077,8.122469285934578,5,35.0,0.3963508517307929,1,28.0,0.39979595556066316,0,2.0,0.8160653850343821,6,65.0
2865.0,5,35.0,0.5303030303030303,8.31023612068314,3,29.0,0.49458564527067655,2,29.0,0.4325475706213084,0,2.0,0.8052283239468161,5,60.0
2870.0,6,40.0,0.6153846153846154,8.445785394327178,4,39.0,0.4966389389953105,2,32.0,0.47641143974036104,0,0.0,0.7536559718529289,6,71.0
2875.0,9,45.0,0.703125,7.048875631714813,8,54.0,0.39089258811990274,0,4.0,0.39997041715730847,1,1.0,0.5845214655455608,9,59.0
2880.0,16,57.0,0.9193548387096774,5.891080006815232,6,65.0,0.3125835091657446,5,17.0,0.339333465114535,5,16.0,0.3927860660107078,16,98.0
2885.0,10,31.0,0.5535714285714286,5.333127629439155,2,40.0,0.3286203082339441,4,32.0,0.3425645208496066,4,26.0,0.34143992134982226,10,98.0
2890.0,8,22.0,0.3728813559322034,7.893715486869425,0,21.0,0.5873179192574844,4,37.0,0.466931004301853,4,30.0,0.4706547437981362,8,88.0
2895.0,6,35.0,0.5555555555555556,8.723063815667324,0,10.0,0.761561149022274,3,43.0,0.49798257695289566,3,31.0,0.529626399731432,6,84.0
2900.0,8,32.0,0.5079365079365079,8.270472727350242,1,2.0,0.7839415694373236,7,69.0,0.37448155343268347,0,12.0,0.6516137279145359,8,83.0
2905.0,13,38.0,0.59375,6.028053857644792,3,3.0,0.4824814305139985,8,85.0,0.2291289434132775,2,6.0,0.4107848479581114,13,94.0
2910.0,10,41.0,0.6721311475409836,6.719911274058723,2,15.0,0.621279126101849,7,84.0,0.283353638378127,1,5.0,0.5845044441600977,10,104.0
2915.0,7,38.0,0.6229508196721312,6.647147790042846,3,29.0,0.5942111429474295,3,82.0,0.3368208593626232,1,2.0,0.579620418155982,7,113.0
2920.0,13,76.0,1.1692307692307693,6.71997018759835,4,42.0,0.5321504475204515,7,98.0,0.2806690084359774,2,10.0,0.5849052097856654,13,150.0
2925.0,15,100.0,1.4705882352941178,5.867212349885719,4,57.0,0.5006903850028018,9,111.0,0.16572131698317982,2,20.0,0.607642340145625,15,188.0
2930.0,15,102.0,1.5,5.679209143295989,4,76.0,0.5016388359426865,8,105.0,0.2361085497319286,3,6.0,0.4298607790130993,15,187.0
2935.0,9,48.0,0.676056338028169,6.910710793084598,0,32.0,0.5502817381133025,4,89.0,0.3080825012997391,5,26.0,0.45936906806480415,9,147.0
2940.0,7,44.0,0.6376811594202898,7.652948497672326,1,6.0,0.6935716804375276,4,76.0,0.3277816470916515,2,28.0,0.4893515572014136,7,110.0
2945.0,7,57.0,0.8636363636363636,8.101282329065793,2,2.0,0.5411652705569704,4,67.0,0.5597854309029822,1,8.0,0.5482894307522084,7,77.0
2950.0,7,24.0,0.375,7.959177520164182,2,12.0,0.5245581055323386,4,43.0,0.5085307697616915,1,5.0,0.6239201245889503,7,60.0
2955.0,13,55.0,0.8088235294117647,7.544670716512627,3,14.0,0.35919183163719015,9,53.0,0.37247886773618866,1,10.0,0.6854367999898338,13,77.0
2960.0,16,75.0,1.1904761904761905,6.187557994232033,9,34.0,0.24592614500074036,6,70.0,0.2608941817353432,1,15.0,0.7617775454553936,16,119.0
2965.0,16,110.0,1.896551724137931,5.603963185818478,12,84.0,0.29134618956496267,3,41.0,0.2635909916868255,1,22.0,0.6872448687979932,16,147.0
2970.0,13,91.0,1.4918032786885247,5.82465216075239,10,114.0,0.32473407142761224,1,30.0,0.26662712614098727,2,27.0,0.6514669955465376,13,171.0
2975.0,7,48.0,0.7741935483870968,6.457371622021545,5,87.0,0.31147146937912507,0,21.0,0.37633836765122486,2,32.0,0.7056765970523519,7,140.0
2980.0,2,42.0,0.6774193548387096,8.084138395201368,1,50.0,0.4391944321619595,0,8.0,0.4949852439611539,1,35.0,0.7118839246230765,2,93.0
2985.0,5,54.0,0.8709677419354839,8.681635602126933,2,26.0,0.501997692597337,1,3.0,0.614587821841822,2,40.0,0.6242344493931365,5,69.0
2990.0,3,69.0,1.0952380952380953,9.073552770832245,1,19.0,0.48756149960682227,1,7.0,0.6937400770254647,1,45.0,0.6911076649073645,3,71.0
2995.0,5,84.0,1.2923076923076924,9.039032168286095,1,22.0,0.5756530613525471,1,12.0,0.6568107476329158,3,50.0,0.5839115796846152,5,84.0
3000.0,7,88.0,1.375,8.28515066511678,2,28.0,0.6193570306446553,4,5.0,0.45353732937976526,1,55.0,0.682267123815504,7,88.0
3005.0,12,132.0,2.2,7.408853431396238,3,39.0,0.5651244386445724,8,33.0,0.2722102389742316,1,60.0,0.5925342663675852,12,132.0
3010.0,13,156.0,2.689655172413793,6.35210229621668,3,54.0,0.4808073594238836,8,64.0,0.24460040107930636,2,69.0,0.5567548594113989,13,187.0
3015.0,10,82.0,1.3898305084745763,6.609421781973764,5,71.0,0.47773740712589735,5,64.0,0.2662470626946743,0,2.0,0.6396210322655027,10,137.0
3020.0,5,18.0,0.29508196721311475,7.121551855705275,1,22.0,0.5590250541207707,3,55.0,0.2440767972757992,1,4.0,0.5388197728634141,5,81.0
3025.0,4,24.0,0.39344262295081966,8.224482636489164,3,13.0,0.5809923188434037,1,41.0,0.3864965605970072,0,7.0,0.5994517005114075,4,61.0
3030.0,6,24.0,0.42105263157894735,8.415290805197424,3,20.0,0.4868897060646994,2,36.0,0.5595921435220712,1,2.0,0.666027396374957,6,58.0
3035.0,5,12.0,0.21052631578947367,7.859152053070621,4,22.0,0.3684407386100349,1,19.0,0.6050594656395125,0,0.0,0.7129731371278641,5,41.0
3040.0,6,18.0,0.3,7.403488502907011,2,19.0,0.30053875479743797,4,32.0,0.5078712687039991,0,0.0,0.6758663240378472,6,51.0
3045.0,12,42.0,0.6885245901639344,7.120299601066775,6,34.0,0.32744883998082375,4,40.0,0.4181941903230712,2,5.0,0.5343660237427055,12,79.0
3050.0,11,42.0,0.711864406779661,7.121747269938367,6,44.0,0.361302564250289,3,36.0,0.4790211204611565,2,16.0,0.657662160328986,11,96.0
3055.0,5,31.0,0.5,8.840268800613414,3,39.0,0.4919084524655702,0,22.0,0.6869348664601986,2,26.0,0.6854638316026407,5,87.0
3060.0,3,35.0,0.5737704918032787,8.760171065317305,0,19.0,0.4838767277194959,1,23.0,0.6157021932558975,2,36.0,0.6864536060627449,3,78.0
3065.0,8,65.0,1.1206896551724137,8.246280759928968,0,4.0,0.5459693669499178,6,43.0,0.37339956204203273,2,44.0,0.6617466717347519,8,91.0
3070.0,10,76.0,1.3818181818181818,7.435710699481065,2,3.0,0.6287824136053546,5,55.0,0.291197398069359,3,57.0,0.515497008760149,10,115.0
3075.0,7,83.0,1.456140350877193,8.484522336923268,1,10.0,0.6972100536119573,2,36.0,0.46065399676573887,4,74.0,0.45177679983462377,7,120.0
3080.0,4,100.0,1.7543859649122806,9.330142407150111,1,15.0,0.7324010147763133,0,10.0,0.5369883238771239,3,89.0,0.5848575441423244,4,114.0
3085.0,3,26.0,0.48148148148148145,9.974388909810012,2,24.0,0.7636775534849544,1,6.0,0.6049724189759286,0,18.0,0.7150520726974918,3,48.0
3090.0,6,48.0,0.8421052631578947,9.243681591422186,2,32.0,0.7137104849511383,1,9.0,0.6377941026853734,3,9.0,0.5399951017979813,6,50.0
3095.0,4,17.0,0.3148148148148148,8.39467395746622,2,14.0,0.6613032337999986,1,14.0,0.6724217342335455,1,5.0,0.48761627217473774,4,33.0
3100.0,9,38.0,0.7037037037037037,7.174800195949282,6,18.0,0.3360779666021213,1,21.0,0.5261125130267648,2,2.0,0.4708179509130359,9,41.0
3105.0,6,21.0,0.3888888888888889,6.789909088800487,3,28.0,0.1482803092230018,0,2.0,0.8370929579793354,3,12.0,0.42245986897819227,6,42.0
3110.0,5,33.0,0.6,8.910762981481335,1,19.0,0.4054366815189879,0,4.0,0.7488938340642097,4,32.0,0.4875603699047046,5,55.0
3115.0,5,5.0,0.09259259259259259,7.656179657201511,1,14.0,0.43362687561117036,1,3.0,0.6598173566986755,3,23.0,0.4020539719134489,5,40.0
3120.0,9,41.0,0.7454545454545455,8.212688211293196,2,15.0,0.5821860083328849,1,8.0,0.5455993250566403,6,24.0,0.34673026991922545,9,47.0
3125.0,6,29.0,0.5918367346938775,8.325405148592653,0,3.0,0.7113199681478041,2,15.0,0.5100983147993575,4,37.0,0.3619477733186686,6,55.0
3130.0,7,41.0,0.9111111111111111,8.229509179378713,4,16.0,0.5273396233574162,2,27.0,0.43047550428728654,1,21.0,0.4869570841151245,7,64.0
3135.0,3,10.0,0.20833333333333334,7.998379522866231,1,14.0,0.3796942895493159,1,14.0,0.6352120718203231,1,9.0,0.5926133816775697,3,37.0
3140.0,2,13.0,0.2653061224489796,9.675949304411867,1,2.0,0.41190674055348775,0,2.0,0.7704073728851555,1,13.0,0.7511449884960524,2,17.0
3145.0,1,18.0,0.36,9.747922167226365,0,0.0,0.6004533080256185,0,0.0,0.6757425225823653,1,18.0,0.5025778866874143,1,18.0
3150.0,3,8.0,0.16,10.020791394397206,0,0.0,0.7941896750175024,3,8.0,0.6114313591353334,0,1.0,0.536124583612625,3,9.0
3155.0,8,33.0,0.6470588235294118,9.418777835661038,0,0.0,0.8026566777545387,4,24.0,0.574103219060009,4,9.0,0.44612901816135186,8,33.0
3160.0,3,5.0,0.10869565217391304,8.031947608596688,0,2.0,0.7100143263060558,2,19.0,0.4186559268892716,1,7.0,0.43282176469020167,3,28.0
3165.0,10,35.0,0.8333333333333334,7.8165032637392535,4,12.0,0.4663033122970653,5,27.0,0.2749632311271998,1,1.0,0.5740073930798593,10,40.0
3170.0,4,11.0,0.2558139534883721,7.635850083181361,1,16.0,0.3402059725274486,3,33.0,0.4406100517581607,0,0.0,0.7734531335275283,4,49.0
3175.0,1,0.0,0.0,10.541521860187865,1,5.0,0.6215862268561153,0,14.0,0.7582858345012944,0,2.0,0.8575968856140371,1,21.0
3180.0,2,0.0,0.0,11.390458619458954,0,2.0,0.8600928847532676,1,4.0,0.7664647790415711,1,2.0,0.8124844757182094,2,8.0
3185.0,1,4.0,0.09090909090909091,11.060825450547854,0,2.0,0.709599192769552,1,6.0,0.8236404835760539,0,0.0,0.8549824067555928,1,8.0
3190.0,4,10.0,0.21739130434782608,8.498084646353753,3,11.0,0.5067387587132741,1,3.0,0.4698859706488425,0,0.0,0.7911087572933119,4,14.0
3195.0,11,31.0,0.6326530612244898,6.9565148926088405,3,17.0,0.395825978075668,7,29.0,0.2623534844192748,1,0.0,0.6959903171454868,11,46.0
3200.0,6,25.0,0.5208333333333334,7.942058664663875,2,12.0,0.38290068400470445,4,47.0,0.4309888015686924,0,0.0,0.8203270188091734,6,59.0
3205.0,2,18.0,0.375,9.778618032712565,2,20.0,0.5845187766977475,0,23.0,0.6218330939219215,0,2.0,0.8761997872602315,2,45.0
3210.0,4,31.0,0.6326530612244898,10.273255804139724,2,30.0,0.7080683967097213,1,10.0,0.7207401369417934,1,2.0,0.7122908470684258,4,42.0
3215.0,9,51.0,0.9807692307692307,9.429465627477729,4,44.0,0.6369234469509429,3,9.0,0.6208002328995667,2,2.0,0.732844114318387,9,55.0
3220.0,4,5.0,0.09433962264150944,8.670825441536467,2,26.0,0.5399999209155562,2,5.0,0.5284250745662005,0,0.0,0.8146871547955559,4,31.0
3225.0,10,44.0,0.8148148148148148,7.82022971175201,6,28.0,0.2367604219596905,3,15.0,0.4874324772639763,1,3.0,0.7120185750095591,10,46.0
3230.0,10,31.0,0.5636363636363636,6.943625590616614,6,43.0,0.23230462933995746,1,11.0,0.41934164996139595,3,12.0,0.5653334465809933,10,66.0
3235.0,2,4.0,0.07547169811320754,8.334221650298792,0,28.0,0.4799533633492597,1,9.0,0.5546731476865225,1,9.0,0.5787215551930521,2,46.0
3240.0,5,20.0,0.37735849056603776,10.228926437271019,1,13.0,0.6985318726499052,1,11.0,0.7642453227307985,3,13.0,0.6223462145768762,5,37.0
3245.0,4,16.0,0.32653061224489793,8.87536884422145,2,9.0,0.5903638806008206,1,16.0,0.6349331840064623,1,9.0,0.5700813784221844,4,34.0
3250.0,8,44.0,0.9565217391304348,7.737037994854887,6,29.0,0.4286276261536708,2,25.0,0.6731344127121293,0,2.0,0.48678004558112226,8,56.0
3255.0,7,42.0,0.875,7.3501890475042515,5,37.0,0.25915524894673747,2,35.0,0.6454109023140306,0,0.0,0.6879273540375695,7,72.0
3260.0,2,3.0,0.06,8.426027917718427,0,15.0,0.3742528618347986,2,7.0,0.7222279738960277,0,0.0,0.7441101278457214,2,22.0
3265.0,6,18.0,0.33962264150943394,8.918530118949,0,3.0,0.5632069397289452,4,21.0,0.5765322060723651,2,1.0,0.7178501486989532,6,25.0
3270.0,2,7.0,0.12962962962962962,8.347484733342931,1,1.0,0.6787191725028846,0,15.0,0.5274383626729362,1,6.0,0.4493652149992693,2,22.0
3275.0,3,10.0,0.19230769230769232,8.60850991657642,1,8.0,0.7834590388496953,0,0.0,0.5731051107376172,2,13.0,0.45546494525411885,3,21.0
3280.0,6,24.0,0.47058823529411764,9.864715035669882,2,13.0,0.7174806331062785,1,4.0,0.6736341787739133,3,14.0,0.6612994358795683,6,31.0
3285.0,4,29.0,0.5576923076923077,10.070730502042826,1,16.0,0.818207298605904,2,12.0,0.7142967590059923,1,11.0,0.6216203873238944,4,39.0
3290.0,7,41.0,0.7592592592592593,8.497128272614434,1,21.0,0.7344901787291966,1,4.0,0.6128168963950305,5,20.0,0.46736193367386963,7,45.0
3295.0,11,54.0,0.9818181818181818,6.588287039065935,2,26.0,0.6685672257790221,6,21.0,0.2824513291665488,3,29.0,0.33784359590364776,11,76.0
3300.0,6,45.0,0.8181818181818182,7.265618881959136,1,31.0,0.6260177198907847,4,36.0,0.394253316241443,1,12.0,0.3744379395068495,6,79.0
3305.0,2,4.0,0.07142857142857142,9.104438822725658,0,2.0,0.7320605654204694,1,27.0,0.5040865835159877,1,4.0,0.558841267920504,2,33.0
3310.0,4,11.0,0.19642857142857142,8.845269738721424,2,8.0,0.5194503984003334,0,12.0,0.6918037435524381,2,7.0,0.5197469643948854,4,27.0
3315.0,8,34.0,0.6415094339622641,7.553728474210471,0,9.0,0.57020174034892,1,2.0,0.6659111492076926,7,35.0,0.4063490599085988,8,46.0
3320.0,8,30.0,0.6122448979591837,7.282591267353818,1,0.0,0.6743393791873691,1,8.0,0.668558032726885,6,57.0,0.3546952329113211,8,65.0
3325.0,4,4.0,0.07692307692307693,8.316581125585241,0,0.0,0.7806241687190559,1,4.0,0.796709390990872,3,38.0,0.2941412920138869,4,42.0
3330.0,0,0.0,0.0,10.236357325898519,0,0.0,0.7896022135221245,0,4.0,0.8884571608257372,0,15.0,0.4125336518431976,0,19.0
3335.0,1,2.0,0.03571428571428571,10.342316039830925,1,2.0,0.7167070338949234,0,4.0,0.6842390982483338,0,0.0,0.7104799727126767,1,6.0
3340.0,3,11.0,0.19298245614035087,9.362739095679947,2,11.0,0.4995174194772858,1,3.0,0.5792001064140234,0,0.0,0.7888157320426917,3,14.0
3345.0,2,1.0,0.01818181818181818,9.48961803308537,2,8.0,0.6060596234948206,0,0.0,0.5930108594916031,0,2.0,0.8035978846012094,2,10.0
3350.0,2,9.0,0.17647058823529413,9.831989891412482,2,9.0,0.5866384186455902,0,0.0,0.6475733412346281,0,2.0,0.7897601093482718,2,11.0
3355.0,2,6.0,0.13333333333333333,9.89282774985012,1,13.0,0.6290157468914862,1,3.0,0.6170381500807777,0,2.0,0.8642190996152546,2,18.0
3360.0,3,6.0,0.13636363636363635,8.567420557427186,0,3.0,0.5477547086820646,3,8.0,0.5418930908887086,0,0.0,0.723649713795205,3,11.0
3365.0,7,25.0,0.5102040816326531,9.053787049258844,1,0.0,0.6637388751304195,5,27.0,0.5038113538638599,1,0.0,0.6889171619168695,7,27.0
3370.0,3,8.0,0.16666666666666666,9.303025672025441,1,1.0,0.736738986487387,2,28.0,0.5897671706952177,0,0.0,0.51891799878638,3,29.0
3375.0,4,15.0,0.3,9.279413748782677,2,9.0,0.6519592665358602,0,10.0,0.4905630114496912,2,10.0,0.6766202194833288,4,29.0
3380.0,4,23.0,0.4791666666666667,9.14745361471722,0,6.0,0.7121976354474922,1,5.0,0.465901908453689,3,20.0,0.6328248448665998,4,31.0
3385.0,3,15.0,0.3409090909090909,9.213392649870018,2,7.0,0.5418854125874465,1,12.0,0.6172830602643348,0,2.0,0.7797437707378911,3,21.0
3390.0,8,28.0,0.6363636363636364,7.1152019634607875,3,13.0,0.3590026262587135,1,17.0,0.6957847331714012,4,9.0,0.49710401179625063,8,39.0
3395.0,3,14.0,0.32558139534883723,7.705222625956367,3,17.0,0.507203054209913,0,4.0,0.716471729493935,0,11.0,0.5032145093213016,3,32.0
3400.0,4,31.0,0.6739130434782609,8.218468039849316,2,24.0,0.5360760117751926,2,13.0,0.6475003932058092,0,0.0,0.48649848495376397,4,37.0
3405.0,7,57.0,1.163265306122449,8.123037878636273,2,34.0,0.553213853496227,3,27.0,0.5627131304350347,2,2.0,0.47656753530989543,7,63.0
3410.0,10,95.0,1.8627450980392157,8.410154736652384,2,44.0,0.6182390288756848,6,50.0,0.4507258113448447,2,7.0,0.6446690199698409,10,101.0
3415.0,8,75.0,1.4150943396226414,7.887237027458598,3,54.0,0.498518284527985,4,45.0,0.4156854803835548,1,12.0,0.6477703512713053,8,111.0
3420.0,5,86.0,1.5925925925925926,8.296054404658717,2,66.0,0.579300311943498,1,13.0,0.5199448736933046,2,24.0,0.6264549175289958,5,103.0
3425.0,4,36.0,0.6923076923076923,8.909786872502684,0,2.0,0.7036637619344671,1,3.0,0.6324609109659713,3,35.0,0.606722655399394,4,40.0
3430.0,10,67.0,1.2641509433962264,8.323620156043962,2,7.0,0.6020286086462463,3,14.0,0.6159821706962997,5,50.0,0.5615623648115745,10,71.0
3435.0,6,12.0,0.23076923076923078,6.354162976911821,2,8.0,0.5763105315133947,3,22.0,0.336365450077758,1,24.0,0.4741603310516339,6,54.0
3440.0,15,57.0,1.0178571428571428,6.531104447845278,1,6.0,0.6193650125441081,8,39.0,0.2697694697373126,6,22.0,0.255867295716388,15,67.0
3445.0,11,45.0,0.8035714285714286,7.122340457276252,1,9.0,0.6321506685480129,7,63.0,0.34598268022697054,3,33.0,0.3621964201733434,11,105.0
3450.0,3,29.0,0.5087719298245614,8.458085273003505,1,16.0,0.6819658353305897,2,48.0,0.4875168448291151,0,15.0,0.6032790061328724,3,79.0
3455.0,7,30.0,0.5,8.76066324007132,2,23.0,0.7098765578791381,4,40.0,0.4614583206807991,1,2.0,0.75868903779487,7,65.0
3460.0,10,72.0,1.1428571428571428,7.931833487479941,2,33.0,0.5600298078346982,8,70.0,0.3900864959034674,0,2.0,0.7134947409082626,10,105.0
3465.0,9,29.0,0.48333333333333334,6.624302996575946,1,12.0,0.40976904863958286,5,73.0,0.31522085996919785,3,7.0,0.6432881660761461,9,92.0
3470.0,12,42.0,0.75,6.315062745864706,5,21.0,0.4087371433214194,4,43.0,0.2700517238868954,3,19.0,0.5258889024355113,12,83.0
3475.0,6,10.0,0.18518518518518517,6.717201915045884,1,21.0,0.4933420817330385,3,39.0,0.3322257859745614,2,17.0,0.593003779544919,6,77.0
3480.0,3,17.0,0.30357142857142855,9.057276450563217,0,2.0,0.7010019858457689,1,36.0,0.559538943039019,2,10.0,0.6195829894243003,3,48.0
3485.0,2,14.0,0.2413793103448276,9.676317613984681,0,0.0,0.718630337043838,1,32.0,0.7064111189087314,1,7.0,0.5747218963404765,2,39.0
3490.0,2,19.0,0.34545454545454546,9.939944914847185,0,0.0,0.7482684307781033,1,26.0,0.6780034965353298,1,0.0,0.6182382746671449,2,26.0
3495.0,1,2.0,0.03571428571428571,9.823926244648545,0,0.0,0.7531396085197145,1,9.0,0.5811693732786106,0,0.0,0.7146381309392213,1,9.0
3500.0,4,17.0,0.3148148148148148,9.348105270918424,0,0.0,0.7965413065856826,3,20.0,0.5167364585283027,1,4.0,0.6863296897807915,4,24.0
3505.0,8,49.0,0.9607843137254902,8.065048346367393,0,0.0,0.7469826819926317,7,47.0,0.3481314822605132,1,9.0,0.7636877748150669,8,56.0
3510.0,8,51.0,1.0,6.70559261008498,0,0.0,0.6041530877584297,6,66.0,0.29825261310390283,2,15.0,0.5066781402910413,8,81.0
3515.0,7,45.0,0.8653846153846154,7.966276729510384,0,2.0,0.8013227238599525,5,64.0,0.4233172215049982,2,27.0,0.5205151335048009,7,93.0
3520.0,1,3.0,0.058823529411764705,9.399839185386506,0,2.0,0.9182266611835281,1,48.0,0.4424936090226642,0,2.0,0.7890739761483938,1,52.0
3525.0,2,7.0,0.14893617021276595,9.945981999318109,0,2.0,0.6789373381372943,1,37.0,0.5783703026251291,1,5.0,0.7788290689184405,2,44.0
3530.0,3,14.0,0.3181818181818182,8.540016776984391,2,5.0,0.5605097362061093,1,23.0,0.6001361217982769,0,1.0,0.5863052014702104,3,29.0
3535.0,3,19.0,0.40425531914893614,9.21145259846066,0,0.0,0.6476731873975019,2,21.0,0.68937563828478,1,0.0,0.5904652845366403,3,21.0
3540.0,2,29.0,0.58,10.134467606892462,0,0.0,0.6313597276847385,2,31.0,0.6494439587629494,0,0.0,0.7252825900604251,2,31.0
3545.0,1,0.0,0.0,9.316941487416688,0,0.0,0.5813083136323068,0,3.0,0.5885339855757395,1,0.0,0.6777732910681865,1,3.0
3550.0,6,16.0,0.32653061224489793,9.001177978134969,1,0.0,0.49237681947200346,3,13.0,0.42729611266030365,2,5.0,0.7037244821009718,6,18.0
3555.0,2,12.0,0.2608695652173913,9.7206826534867,0,0.0,0.6418359505026355,1,14.0,0.5937664523784727,1,10.0,0.728533411449444,2,24.0
3560.0,2,16.0,0.34782608695652173,9.37647294484862,1,3.0,0.5174760184268532,0,3.0,0.7775373573198389,1,17.0,0.6447761018586533,2,23.0
3565.0,7,37.0,0.7551020408163265,9.236594722323737,6,19.0,0.5291852118620779,0,0.0,0.697472995384502,1,22.0,0.6615692820692438,7,41.0
3570.0,3,3.0,0.06818181818181818,7.904311694989661,2,19.0,0.5364066429243496,1,1.0,0.3931179424605212,0,2.0,0.6634127067153416,3,22.0
3575.0,9,30.0,0.7142857142857143,7.633559462770059,1,7.0,0.5658387247899638,5,19.0,0.39005894268172964,3,9.0,0.44194233879246925,9,35.0
3580.0,5,25.0,0.5681818181818182,7.5204985698925615,2,15.0,0.5227780760410937,2,25.0,0.4684836222822309,1,3.0,0.3267638718872596,5,43.0
3585.0,3,25.0,0.5319148936170213,10.529801447032744,3,27.0,0.592843286462405,0,17.0,0.7812395565180169,0,2.0,0.6970041804141329,3,46.0
3590.0,5,37.0,0.7872340425531915,10.84011273180607,2,37.0,0.7644896413167163,1,3.0,0.7864173722596114,2,3.0,0.5896367908090387,5,43.0
3595.0,4,18.0,0.4,10.204649680793885,0,19.0,0.7157762369312052,1,6.0,0.7575804729295674,3,14.0,0.6115477180213348,4,39.0
3600.0,4,21.0,0.4666666666666667,8.475581973405482,3,12.0,0.45972491445925207,1,11.0,0.6544233575698908,0,9.0,0.6135655118666328,4,32.0
