step,system_total_stopped,system_total_waiting_time,system_mean_waiting_time,system_mean_speed,A0_stopped,A0_accumulated_waiting_time,A0_average_speed,B0_stopped,B0_accumulated_waiting_time,B0_average_speed,C0_stopped,C0_accumulated_waiting_time,C0_average_speed,agents_total_stopped,agents_total_accumulated_waiting_time
5.0,0,0.0,0.0,0.0,0,0.0,1.0,0,0.0,1.0,0,0.0,1.0,0,0.0
10.0,0,0.0,0.0,8.61899195704609,0,0.0,0.6084104122805761,0,0.0,1.0,0,0.0,1.0,0,0.0
15.0,0,0.0,0.0,9.368286708858175,0,0.0,0.6538785470583293,0,0.0,1.0,0,0.0,1.0,0,0.0
20.0,0,0.0,0.0,11.762008953192996,0,0.0,0.8273492672581352,0,0.0,1.0,0,0.0,1.0,0,0.0
25.0,0,0.0,0.0,9.511769938726038,0,0.0,0.956989260874523,0,0.0,0.6612757962554735,0,0.0,0.19505590212760773,0,0.0
30.0,0,0.0,0.0,11.928289548115119,0,0.0,0.9336044277673582,0,0.0,0.8321817064680102,0,0.0,0.9607226499690932,0,0.0
35.0,0,0.0,0.0,11.893713663809539,0,0.0,1.0,0,0.0,0.941345901587732,0,0.0,0.7456762013253986,0,0.0
40.0,0,0.0,0.0,9.971849267000788,0,0.0,0.3332112427335515,0,0.0,0.6431941234085273,0,0.0,0.9365346927414268,0,0.0
45.0,2,4.0,0.5,7.269610895739479,0,0.0,0.9695968545890585,1,4.0,0.5021047978293091,1,0.0,0.4499277619819664,2,4.0
50.0,0,0.0,0.0,8.539778110844686,0,0.0,0.9179535442066086,0,1.0,0.4766399112781871,0,0.0,0.6238658013345816,0,1.0
55.0,1,2.0,0.2222222222222222,10.681672644888273,0,0.0,0.7297252850449548,0,0.0,0.9590450537518281,1,4.0,0.7325372052388454,1,4.0
60.0,0,0.0,0.0,9.480200073830877,0,0.0,0.6572090564635367,0,2.0,0.5068380375475804,0,2.0,0.8212794861682289,0,4.0
65.0,2,5.0,0.38461538461538464,8.540044508763607,0,0.0,0.5013152035557609,1,6.0,0.5375548307665582,1,3.0,0.6507999449241372,2,9.0
70.0,4,12.0,0.75,6.084681361500509,0,0.0,0.7144643958718472,2,14.0,0.3038543735973506,2,0.0,0.3024574680549722,4,14.0
75.0,1,0.0,0.0,9.693892624645029,1,0.0,0.6450206684931621,0,10.0,0.607722371893778,0,0.0,0.6533459843392488,1,10.0
80.0,1,0.0,0.0,11.07378595858466,0,2.0,0.8278807631548093,0,2.0,0.8886686616546758,1,0.0,0.628169084587077,1,4.0
85.0,1,3.0,0.15,11.566013351201487,0,2.0,0.8928872606962153,0,0.0,0.8389014457686097,1,3.0,0.6680779576507371,1,5.0
90.0,1,1.0,0.05555555555555555,9.154349964317138,0,2.0,0.9209633145072935,0,0.0,0.6446420411811091,1,1.0,0.37351083256130274,1,3.0
95.0,6,23.0,1.2105263157894737,6.068874165918234,1,4.0,0.2801244019464738,2,9.0,0.5941596314795227,3,12.0,0.3289918211060717,6,25.0
100.0,5,21.0,1.0,5.089194178433759,4,20.0,0.01441827339472535,0,7.0,0.48386900938507726,1,16.0,0.44863252176762436,5,43.0
105.0,0,0.0,0.0,8.929741579846246,0,18.0,0.426368168311131,0,2.0,0.8359269829462326,0,3.0,0.7355146671415411,0,23.0
110.0,2,1.0,0.043478260869565216,10.042892174983967,1,2.0,0.528410289672579,1,5.0,0.7343074239407392,0,0.0,0.7217644891886473,2,7.0
115.0,2,11.0,0.4583333333333333,10.04810747400193,0,2.0,0.6874311772425481,1,10.0,0.7036643852462918,1,5.0,0.7239132562079686,2,17.0
120.0,3,12.0,0.41379310344827586,8.706346971091277,2,4.0,0.5262444450948488,0,2.0,0.7619852064068141,1,10.0,0.3724570093341192,3,16.0
125.0,1,1.0,0.034482758620689655,10.294254931738546,0,3.0,0.7743886101375531,1,1.0,0.5858255541188243,0,2.0,0.8188683062159264,1,6.0
130.0,2,8.0,0.2962962962962963,11.059295085573414,1,2.0,0.7679652019684255,1,6.0,0.71718562425646,0,2.0,0.9044828174955656,2,10.0
135.0,2,8.0,0.2962962962962963,10.273361242203427,1,7.0,0.6645354973157855,0,0.0,0.7881052773997934,1,3.0,0.6748467685238452,2,10.0
140.0,3,22.0,0.9166666666666666,10.139216039554535,1,12.0,0.6333525288308172,1,4.0,0.7465603765986105,1,6.0,0.0,3,22.0
145.0,1,17.0,0.7727272727272727,9.313264947613838,1,17.0,0.5943485362972355,0,0.0,0.6987334131610918,0,0.0,0.4700048759214155,1,17.0
150.0,0,0.0,0.0,10.848047455245032,0,2.0,0.9401350641988179,0,0.0,0.7166042378481712,0,0.0,0.7189806015319186,0,2.0
155.0,0,0.0,0.0,11.116957954700206,0,2.0,0.7506146028580717,0,0.0,0.043823393523209284,0,0.0,0.8583245520914554,0,2.0
160.0,0,0.0,0.0,11.020938775508002,0,2.0,0.8749107468219205,0,0.0,0.9170257248045732,0,0.0,0.7214381214243877,0,2.0
165.0,3,4.0,0.21052631578947367,10.387237222127444,2,0.0,0.3172005230331251,0,0.0,0.8255471861829351,1,4.0,0.7376947886281878,3,4.0
170.0,1,1.0,0.05,10.056961156606828,0,0.0,0.6115888522053928,0,0.0,0.9100451416376232,1,1.0,0.4967512405297734,1,1.0
175.0,3,12.0,0.5217391304347826,9.418686179198781,1,1.0,0.6276694228544933,0,0.0,0.6332294590519433,2,11.0,0.3900711151988691,3,12.0
180.0,1,6.0,0.2727272727272727,9.06331494345888,1,6.0,0.5730281906009592,0,0.0,0.8309672494140878,0,1.0,0.5654895422967101,1,7.0
185.0,0,0.0,0.0,10.44880263095177,0,0.0,0.7401131162878176,0,2.0,0.8962149874561022,0,0.0,0.6095813884123135,0,2.0
190.0,2,2.0,0.08,10.091705752465117,1,2.0,0.5035362720226829,0,4.0,0.9179240141406345,1,0.0,0.6990006883554338,2,6.0
195.0,1,1.0,0.041666666666666664,9.532879726197558,1,4.0,0.4151243303600485,0,4.0,0.8099552848861882,0,0.0,0.7961875483765972,1,8.0
200.0,2,10.0,0.38461538461538464,8.281080875227463,2,10.0,0.455224512187271,0,2.0,0.5878835439532709,0,0.0,0.5455615729103275,2,12.0
205.0,7,32.0,1.28,7.149997749190147,3,22.0,0.43240908707415954,0,0.0,0.69142351977829,4,12.0,0.44810272182718924,7,34.0
210.0,1,1.0,0.041666666666666664,8.711110144285518,0,4.0,0.6978320912823338,0,0.0,1.0,1,12.0,0.5881304265286065,1,16.0
215.0,0,0.0,0.0,11.577159916198031,0,0.0,0.9157539522255125,0,4.0,0.869167067624606,0,1.0,0.6888811905550591,0,5.0
220.0,2,2.0,0.08695652173913043,10.497130232649923,0,0.0,0.9479465895057057,0,4.0,0.9455777930176827,2,2.0,0.3163992261303768,2,6.0
225.0,5,20.0,0.8695652173913043,10.007666280628813,1,0.0,0.45401163692479923,0,0.0,0.9545751073326539,4,20.0,0.11486608439907242,5,20.0
230.0,4,2.0,0.08695652173913043,7.159107646463408,2,0.0,0.4506467314402278,2,2.0,0.5109025098074327,0,15.0,0.33806012156558485,4,17.0
235.0,5,19.0,0.9047619047619048,8.10112195049253,0,0.0,0.7967460555520041,5,21.0,0.3799160388742355,0,0.0,0.6769672049173208,5,21.0
240.0,7,51.0,2.3181818181818183,7.313777467510025,0,0.0,0.7312229912832363,7,53.0,0.27154579970224907,0,0.0,0.6816374827168962,7,53.0
245.0,8,88.0,3.8260869565217392,7.184257807296075,0,0.0,0.7570012928129484,8,90.0,0.19612448059639861,0,0.0,0.8151373603349955,8,90.0
250.0,5,23.0,1.0952380952380953,6.768051050105508,0,0.0,0.7663786682112268,5,86.0,0.23840303195324616,0,0.0,0.9400827834495505,5,86.0
255.0,2,8.0,0.32,8.378995928613444,0,2.0,0.6408742739124288,1,32.0,0.5063057102916875,1,4.0,0.5639873408514264,2,38.0
260.0,3,6.0,0.24,9.661779274204916,0,2.0,0.918923713245581,3,32.0,0.5255422070653164,0,2.0,0.7661041939184319,3,36.0
265.0,5,26.0,1.0,8.454207863185621,0,2.0,0.8257687573414237,5,52.0,0.2263301953973976,0,2.0,0.6399695413475859,5,56.0
270.0,9,58.0,2.32,5.670262167483645,0,0.0,0.4232201044161609,7,82.0,0.003620685596215446,2,2.0,0.6842435915754977,9,84.0
275.0,5,19.0,0.76,6.720312484559746,2,0.0,0.2955517569728379,2,66.0,0.3467500566688898,1,7.0,0.3074463788670674,5,73.0
280.0,0,0.0,0.0,10.370809573659733,0,2.0,0.7521810679251554,0,14.0,0.6978070732737779,0,4.0,0.7983344141869225,0,20.0
285.0,0,0.0,0.0,11.782717011365868,0,2.0,0.934658845571813,0,1.0,0.8229058246982186,0,2.0,0.7113338353220454,0,5.0
290.0,2,3.0,0.13636363636363635,8.781423390170296,1,3.0,0.6842197719231099,1,3.0,0.38326875856209364,0,2.0,0.6550791676801909,2,8.0
295.0,6,23.0,1.0,8.161162635971223,1,6.0,0.6307049191398354,5,20.0,0.32853464879149025,0,0.0,0.5505027276679137,6,26.0
300.0,1,11.0,0.5,10.178974069148303,1,11.0,0.6218670824119784,0,17.0,0.629891636545009,0,0.0,0.8517394119344032,1,28.0
305.0,1,0.0,0.0,9.668037751630617,1,2.0,0.45262951012659086,0,2.0,0.6446914022243326,0,2.0,0.7335934273127752,1,6.0
310.0,1,2.0,0.07407407407407407,9.796721548431206,1,4.0,0.7350434849344246,0,2.0,0.1837278291237484,0,2.0,0.7123656894883861,1,8.0
315.0,3,9.0,0.391304347826087,9.0073644631688,0,2.0,0.7663139959663283,2,10.0,0.32139462278121317,1,3.0,0.6956930797374702,3,15.0
320.0,5,27.0,1.08,9.00275999389827,1,3.0,0.47653507655967686,2,22.0,0.6658603399464741,2,6.0,0.618476662311024,5,31.0
325.0,3,19.0,0.7916666666666666,10.215758866030056,1,8.0,0.7123515314408851,1,13.0,0.7674292021975808,1,11.0,0.697616549136035,3,32.0
330.0,2,17.0,0.68,10.190599516072043,0,2.0,0.6368205642486441,0,0.0,0.9037780688768959,2,17.0,0.5613943561968386,2,19.0
335.0,4,30.0,1.2,9.188929592303607,1,4.0,0.623025141952562,1,1.0,0.6413007580749636,2,27.0,0.48836731720407356,4,32.0
340.0,4,12.0,0.5,7.423354197602985,0,3.0,0.6785628008954582,4,12.0,0.2767568388652773,0,9.0,0.6285436858375447,4,24.0
345.0,3,3.0,0.13043478260869565,8.230338924342146,0,0.0,0.9284591048916798,1,16.0,0.49012150672025595,2,1.0,0.13865223866745277,3,17.0
350.0,0,0.0,0.0,9.581259842849173,0,2.0,0.7291023884800825,0,4.0,0.48907933882258087,0,2.0,0.8778743546265688,0,8.0
355.0,2,7.0,0.2916666666666667,10.45869816402204,1,4.0,0.6593332402330376,1,7.0,0.7050894587070236,0,2.0,0.9550687266353848,2,13.0
360.0,2,2.0,0.07692307692307693,9.661723729209456,0,2.0,0.738336586094781,1,4.0,0.5701975974186521,1,0.0,0.6405724357528529,2,6.0
365.0,3,15.0,0.625,9.697730240224791,1,6.0,0.6721250815263559,2,13.0,0.5786412734302441,0,0.0,0.7429576023951301,3,19.0
370.0,1,1.0,0.041666666666666664,6.325475818807696,0,0.0,0.35855734710177656,1,10.0,0.3803291163651695,0,0.0,0.682791907816961,1,10.0
375.0,2,3.0,0.12,9.685377350463053,1,0.0,0.6009297775612901,0,1.0,0.7708461618043528,1,5.0,0.6634330138709706,2,6.0
380.0,3,9.0,0.3333333333333333,9.683057766745527,0,0.0,0.8742883774787578,2,1.0,0.5974322984534233,1,10.0,0.6558190509192577,3,11.0
385.0,3,22.0,0.7096774193548387,9.243924735451516,0,0.0,0.8224559091391308,2,9.0,0.5162324829410175,1,15.0,0.7202852280510516,3,24.0
390.0,1,18.0,0.5806451612903226,8.940694102874167,0,0.0,0.6815726913754802,0,4.0,0.6280353421940742,1,18.0,0.6806004315454325,1,22.0
395.0,4,4.0,0.125,8.76789279078536,1,2.0,0.704168564152757,1,2.0,0.5473217826654462,2,4.0,0.5156847287796242,4,8.0
400.0,6,30.0,1.0,9.032666506569505,0,2.0,0.7627378899454772,2,12.0,0.5349766691958951,4,20.0,0.5241099571709132,6,34.0
405.0,2,6.0,0.21428571428571427,7.997715262634053,1,7.0,0.5898645400214578,0,0.0,0.46660469000029114,1,17.0,0.553562451365813,2,24.0
410.0,5,20.0,0.7692307692307693,7.917742402046743,3,16.0,0.24108862014922489,2,8.0,0.45708817996909445,0,1.0,0.6148224212515787,5,25.0
415.0,3,21.0,0.84,9.048876832661705,0,4.0,0.5368406263398443,3,23.0,0.5070471719346512,0,0.0,0.8586530006383594,3,27.0
420.0,5,36.0,1.3333333333333333,8.966147384166971,1,0.0,0.6239554569448877,4,40.0,0.5656419042126317,0,0.0,0.21086799098918385,5,40.0
425.0,2,4.0,0.14285714285714285,8.643879316231576,0,0.0,0.8777758903649988,0,19.0,0.5298465968262392,2,4.0,0.43828291210529,2,23.0
430.0,2,4.0,0.14814814814814814,9.194740157230084,1,2.0,0.6385454125800158,1,6.0,0.4587468561176185,0,2.0,0.8425787904112857,2,10.0
435.0,2,12.0,0.48,8.90240929454251,0,2.0,0.7322417440621456,2,14.0,0.43749681056731227,0,2.0,0.7543946448291137,2,18.0
440.0,4,31.0,1.1481481481481481,9.000159237694236,1,7.0,0.6840855801938427,3,28.0,0.29032397061176746,0,2.0,0.8621632528481228,4,37.0
445.0,1,2.0,0.07407407407407407,9.258137543555707,0,0.0,0.6938366281708185,0,9.0,0.7788373547438685,1,2.0,0.5729877141153438,1,11.0
450.0,1,7.0,0.25925925925925924,10.581434743215821,0,0.0,0.7175736841021735,0,2.0,0.8196878672180468,1,7.0,0.553391980596607,1,9.0
455.0,2,13.0,0.5,9.44397419332191,1,1.0,0.3683241672823278,0,2.0,0.8593761860417458,1,12.0,0.6760237283026108,2,15.0
460.0,6,21.0,0.7777777777777778,7.566649970375888,5,20.0,0.24825974665893794,1,3.0,0.604646124918269,0,0.0,0.6178085970134007,6,23.0
465.0,2,10.0,0.38461538461538464,6.9609864654824,0,20.0,0.44368361582830035,1,6.0,0.3568596926096638,1,4.0,0.5186695276825242,2,30.0
470.0,4,14.0,0.5,8.782849006115011,0,0.0,0.9120957967304281,1,4.0,0.5450549082997803,3,14.0,0.3529510313678746,4,18.0
475.0,1,7.0,0.23333333333333334,10.211708230112707,0,0.0,0.7098086182544677,1,9.0,0.8339134323895309,0,8.0,0.6057787548607834,1,17.0
480.0,0,0.0,0.0,11.461053745470801,0,0.0,0.9420169753186984,0,4.0,0.6819214903534807,0,2.0,0.890717430548206,0,6.0
485.0,5,10.0,0.38461538461538464,8.651127915211221,0,0.0,0.47941903793889096,3,10.0,0.5908300231106909,2,4.0,0.5566692175473347,5,14.0
490.0,2,12.0,0.42857142857142855,9.334426353218435,0,0.0,0.47577396519434945,0,2.0,0.767052046977498,2,14.0,0.6622738302955669,2,16.0
495.0,5,9.0,0.28125,8.046169016107575,2,2.0,0.4768649081046686,3,9.0,0.45539713322175995,0,12.0,0.5756486109489439,5,23.0
500.0,2,4.0,0.13793103448275862,7.926983910057276,0,0.0,0.6994090302707805,0,3.0,0.5921229185115093,2,6.0,0.3058738857316736,2,9.0
505.0,3,8.0,0.27586206896551724,8.235865422132985,2,8.0,0.5454796638253187,0,2.0,0.6849343234065909,1,9.0,0.5760086624387332,3,19.0
510.0,5,23.0,0.7419354838709677,9.10951561117343,3,23.0,0.6587756747908299,1,4.0,0.5722198465136039,1,4.0,0.7302632322896975,5,31.0
515.0,3,16.0,0.4444444444444444,8.601653205623643,0,21.0,0.5271792971152667,3,18.0,0.6058532477684592,0,2.0,0.5898077977644541,3,41.0
520.0,5,13.0,0.38235294117647056,8.900637580577449,3,9.0,0.4235556123956296,1,17.0,0.5933071488272429,1,5.0,0.6580192078160297,5,31.0
525.0,3,14.0,0.42424242424242425,8.61736880737289,1,9.0,0.4527083133610527,0,1.0,0.8088622175100856,2,14.0,0.4659910922660961,3,24.0
530.0,3,5.0,0.16666666666666666,10.425071872089198,2,7.0,0.705309645890884,0,2.0,0.9473356006344056,1,10.0,0.6617602100764297,3,19.0
535.0,2,11.0,0.3333333333333333,10.529294240397522,1,10.0,0.7368235952373227,0,2.0,0.938550167020387,1,1.0,0.5858096220960834,2,13.0
540.0,1,15.0,0.45454545454545453,10.253562006370005,1,15.0,0.7684446614317197,0,2.0,0.9391259540244608,0,0.0,0.6124395008951085,1,17.0
545.0,2,22.0,0.7333333333333333,11.234962572250184,1,20.0,0.7308819261812891,0,2.0,0.9153962242272273,1,2.0,0.6324029407468267,2,24.0
550.0,0,0.0,0.0,10.201127500531237,0,0.0,0.6031013407753456,0,2.0,0.8466420071928817,0,2.0,0.8317055363172642,0,4.0
555.0,3,8.0,0.26666666666666666,10.37431543083041,2,6.0,0.5904495710268247,0,2.0,0.8673466329500072,1,2.0,0.6437727991903347,3,10.0
560.0,1,1.0,0.038461538461538464,9.162230591692417,0,5.0,0.654750456082778,1,1.0,0.46775796982983914,0,1.0,0.5674428210763407,1,7.0
565.0,1,4.0,0.17391304347826086,10.650733944180761,1,4.0,0.6171521439524392,0,4.0,0.8778692319081907,0,0.0,0.7907054836250568,1,8.0
570.0,2,11.0,0.44,10.373464914348897,1,9.0,0.565199401439955,0,4.0,0.8805239883104777,1,2.0,0.6472091564089756,2,15.0
575.0,2,7.0,0.25925925925925924,9.964623499811117,0,0.0,0.5838648895845217,1,4.0,0.7832150693104344,1,7.0,0.7237074216987525,2,11.0
580.0,3,5.0,0.20833333333333334,9.561016178254237,3,5.0,0.6006687120375122,0,0.0,0.7147937570692592,0,0.0,0.7081087106642536,3,5.0
585.0,2,6.0,0.25,10.002207697975836,0,4.0,0.7281193845460158,0,0.0,0.7416520391953845,2,6.0,0.6277758202559177,2,10.0
590.0,0,0.0,0.0,9.673033649672838,0,0.0,0.749223824002368,0,0.0,0.595451228230393,0,6.0,0.6893796477235762,0,6.0
595.0,1,0.0,0.0,11.195607222362359,1,0.0,0.7270104262611461,0,2.0,0.8460063059971582,0,0.0,0.7307461018440677,1,2.0
600.0,1,0.0,0.0,10.809155549942405,0,0.0,0.6580452468232161,1,2.0,0.7198208725332056,0,0.0,0.8315772983151162,1,2.0
605.0,3,9.0,0.28125,10.281695290840585,1,5.0,0.5910188889387165,1,6.0,0.7649723712711212,1,0.0,0.6953520500110568,3,11.0
610.0,3,2.0,0.06060606060606061,8.405124672159697,2,1.0,0.5249138739847627,0,0.0,0.5671206343269262,1,1.0,0.6951373284138079,3,2.0
615.0,7,23.0,0.6764705882352942,8.286924380616352,3,10.0,0.5042776793338274,4,13.0,0.30094117741115284,0,0.0,0.7892526474457793,7,23.0
620.0,3,6.0,0.2,7.009065936594778,1,14.0,0.4569558215277714,1,14.0,0.2567217060557084,1,1.0,0.6578564920718447,3,29.0
625.0,3,4.0,0.125,8.667633250104567,2,9.0,0.5546643395529057,0,4.0,0.831658694384596,1,3.0,0.6192666272238612,3,16.0
630.0,4,13.0,0.38235294117647056,10.454449605472107,1,11.0,0.6922470912490216,2,8.0,0.6996730855685876,1,2.0,0.7772816212044259,4,21.0
635.0,3,28.0,0.8235294117647058,10.430685920661945,1,16.0,0.7724568308374256,2,18.0,0.6920003372697098,0,2.0,0.7440066435643737,3,36.0
640.0,1,19.0,0.5277777777777778,9.29237202782756,1,19.0,0.6092974825939896,0,5.0,0.5899012328497873,0,0.0,0.728690786179436,1,24.0
645.0,8,28.0,0.6829268292682927,8.015278397748228,3,26.0,0.5558885070779574,2,1.0,0.5412799372155238,3,5.0,0.4837605005729958,8,32.0
650.0,1,6.0,0.14634146341463414,9.943026429217687,0,2.0,0.8478770008994096,1,6.0,0.5880233199777664,0,5.0,0.6795455697307189,1,13.0
655.0,2,16.0,0.42105263157894735,10.332882839121902,0,2.0,0.8420326644274133,1,11.0,0.5190252371399006,1,7.0,0.7384785174071683,2,20.0
660.0,5,21.0,0.5675675675675675,8.424710204862237,2,0.0,0.5798726297817428,2,21.0,0.567918365930886,1,0.0,0.5976703979468463,5,21.0
665.0,2,2.0,0.05263157894736842,8.934921790692671,0,0.0,0.7088217738401299,1,12.0,0.48857741944977917,1,0.0,0.6214015553070755,2,12.0
670.0,4,14.0,0.3181818181818182,10.09989534824185,0,0.0,0.6740455460482072,3,16.0,0.5935904592832616,1,0.0,0.6489934112415453,4,16.0
675.0,1,2.0,0.046511627906976744,10.758719153880664,1,2.0,0.6584381049949325,0,16.0,0.7043852493892722,0,0.0,0.7754874599336415,1,18.0
680.0,4,12.0,0.3076923076923077,10.131587904699899,1,7.0,0.8174181804695396,1,1.0,0.7528580004996733,2,6.0,0.5523483414057372,4,14.0
685.0,5,37.0,0.9487179487179487,9.452197691487736,1,12.0,0.7216880589988073,1,6.0,0.7520661126550666,3,21.0,0.51455030841377,5,39.0
690.0,9,71.0,1.8205128205128205,8.096501755631099,2,17.0,0.6692871671045596,1,11.0,0.6894253563781051,6,45.0,0.4717632004871549,9,73.0
695.0,6,36.0,0.8780487804878049,6.6007198260856565,2,24.0,0.5719320630457204,2,5.0,0.4348447667006745,2,39.0,0.3250520780351423,6,68.0
700.0,6,30.0,0.6976744186046512,7.778455894936553,0,0.0,0.6764016413116732,3,20.0,0.5118794864175565,3,18.0,0.3530004875681005,6,38.0
705.0,5,30.0,0.6976744186046512,8.684023757475195,1,3.0,0.4878429599149797,0,8.0,0.5986104511241995,4,27.0,0.4225232837211996,5,38.0
710.0,2,2.0,0.047619047619047616,9.119706528209242,1,5.0,0.3798922968112649,0,2.0,0.8746904994282582,1,12.0,0.6040808989569273,2,19.0
715.0,7,23.0,0.575,8.948635288718279,2,11.0,0.516411967427058,1,2.0,0.5999973600382122,4,16.0,0.5524902486473696,7,29.0
720.0,14,67.0,1.675,6.772777362420757,3,19.0,0.5088159593476653,3,9.0,0.47505972746704395,8,43.0,0.23311867725128385,14,71.0
725.0,7,48.0,1.2972972972972974,6.586458343753351,2,29.0,0.6200370112944298,1,16.0,0.5452252157392456,4,54.0,0.2053740570659387,7,99.0
730.0,6,43.0,1.162162162162162,8.147613248559368,3,41.0,0.6189805740399361,1,9.0,0.7101619629230902,2,22.0,0.36554629685854445,6,72.0
735.0,3,18.0,0.4864864864864865,9.814620412899247,0,23.0,0.6791260667399851,1,10.0,0.7930772676956002,2,12.0,0.6318431756979285,3,45.0
740.0,5,23.0,0.575,8.98435813215114,3,10.0,0.537949473949124,1,15.0,0.7971622086625032,1,10.0,0.5768313359988819,5,35.0
745.0,5,28.0,0.6363636363636364,7.8908908104107525,2,10.0,0.5065269441362908,1,18.0,0.5337203230152082,2,9.0,0.5409720518248146,5,37.0
750.0,2,3.0,0.06666666666666667,8.213588068278662,0,3.0,0.6062741347135694,2,5.0,0.49792884656875547,0,6.0,0.4892234096445287,2,14.0
755.0,4,23.0,0.5227272727272727,9.146723360281017,0,1.0,0.6069549533281008,3,20.0,0.6589165128234484,1,5.0,0.5266804310561126,4,26.0
760.0,5,23.0,0.5227272727272727,7.905725456738486,3,10.0,0.34239715467915555,0,10.0,0.5393194274410845,2,14.0,0.5131935459335476,5,34.0
765.0,6,16.0,0.3902439024390244,6.721077393089915,3,19.0,0.32774380053035984,2,8.0,0.534761105363705,1,7.0,0.5536917767109671,6,34.0
770.0,4,28.0,0.6363636363636364,8.865924582660256,0,11.0,0.5274155256468044,2,20.0,0.5651932667615679,2,12.0,0.6693308773706131,4,43.0
775.0,4,30.0,0.6521739130434783,8.862060165306033,1,2.0,0.6224030075646357,2,30.0,0.6931025011504022,1,10.0,0.5568701540940796,4,42.0
780.0,6,40.0,0.8888888888888888,7.821854588758954,2,2.0,0.45370315919722876,3,42.0,0.6221145029790147,1,0.0,0.5518379007531754,6,44.0
785.0,8,21.0,0.44680851063829785,7.4935944657572495,4,19.0,0.36641511729436727,0,2.0,0.7745061507639739,4,2.0,0.355578812664707,8,23.0
790.0,7,28.0,0.6222222222222222,7.084003645281903,1,18.0,0.41717610864973315,1,6.0,0.5286392510221423,5,22.0,0.35771095819551024,7,46.0
795.0,7,14.0,0.3333333333333333,7.059959571708362,2,5.0,0.43355193067387826,3,11.0,0.4117523738466746,2,28.0,0.4109579308151101,7,44.0
800.0,5,6.0,0.14634146341463414,7.6815499483963805,3,6.0,0.439544763596891,1,8.0,0.6927159079827561,1,10.0,0.42799237519847666,5,24.0
805.0,3,17.0,0.38636363636363635,9.011747752603453,3,19.0,0.5343451102151442,0,2.0,0.7892713724001421,0,7.0,0.5880030938718336,3,28.0
810.0,8,17.0,0.3541666666666667,9.031969276559977,2,18.0,0.6024701185649207,1,5.0,0.7633035702956523,5,20.0,0.5158720588421556,8,43.0
815.0,6,20.0,0.47619047619047616,8.492971668841438,1,2.0,0.6179871485554078,2,12.0,0.6229646184685375,3,24.0,0.5522755599056615,6,38.0
820.0,5,29.0,0.6590909090909091,9.162007901583882,2,9.0,0.6644922478940353,3,24.0,0.6582697377177583,0,11.0,0.5603834352242741,5,44.0
825.0,4,6.0,0.12,9.051349863889708,3,7.0,0.640156916537461,0,4.0,0.772802536744014,1,5.0,0.4763146192473737,4,16.0
830.0,6,25.0,0.49019607843137253,8.736307616157605,3,10.0,0.44870714547230456,1,6.0,0.6633865439276154,2,13.0,0.5493632433440295,6,29.0
835.0,4,5.0,0.10416666666666667,6.782055543544883,3,17.0,0.34078641967795337,0,4.0,0.5042437757272894,1,8.0,0.5354272656355057,4,29.0
840.0,3,4.0,0.08,8.328223936733895,2,9.0,0.42402717720503463,1,4.0,0.5558547217524056,0,2.0,0.7744980121643522,3,15.0
845.0,2,9.0,0.17647058823529413,9.533920496177432,1,8.0,0.6005427215470868,1,8.0,0.6629489449113011,0,2.0,0.8226367728306809,2,18.0
850.0,4,17.0,0.3333333333333333,9.220662550248761,4,19.0,0.5247739239675964,0,2.0,0.6518090654811773,0,2.0,0.8425467437624835,4,23.0
855.0,9,23.0,0.45098039215686275,7.346039179513343,6,27.0,0.2913426857041591,3,13.0,0.4959123702427173,0,0.0,0.8714060156766176,9,40.0
860.0,8,39.0,0.7358490566037735,7.433693012267286,2,23.0,0.37555348205522254,6,37.0,0.46990867203366604,0,0.0,0.566629364725563,8,60.0
865.0,3,11.0,0.20754716981132076,7.782464299342074,2,22.0,0.33363400690052325,1,36.0,0.532859001463881,0,0.0,0.6308003453474946,3,58.0
870.0,10,32.0,0.5925925925925926,7.647142406159615,9,51.0,0.3403832652481501,0,8.0,0.440742519840102,1,2.0,0.6574349748633102,10,61.0
875.0,7,33.0,0.66,7.750844913083807,6,71.0,0.33168348021580263,1,5.0,0.46997998725753876,0,2.0,0.7348668356730627,7,78.0
880.0,5,20.0,0.40816326530612246,7.559454891427213,3,53.0,0.4286809789136518,1,12.0,0.600343006926403,1,0.0,0.6167877071864881,5,65.0
885.0,4,13.0,0.24074074074074073,9.00357138833923,2,31.0,0.5017419460782842,0,4.0,0.9177135611001273,2,3.0,0.5982744945138359,4,38.0
890.0,5,20.0,0.3389830508474576,9.408284050916127,3,26.0,0.5612170912809835,0,4.0,0.7696932681683111,2,4.0,0.5619490067733705,5,34.0
895.0,9,31.0,0.5344827586206896,7.900407947104348,2,11.0,0.45957602598904296,0,0.0,0.6756315656165557,7,27.0,0.33194575234199003,9,38.0
900.0,12,46.0,0.8518518518518519,6.585928335403912,8,37.0,0.256666878147326,1,3.0,0.5694443707891798,3,38.0,0.37524488843251397,12,78.0
905.0,12,41.0,0.803921568627451,6.383565388370182,8,61.0,0.1643583797314003,3,14.0,0.5645531879859366,1,14.0,0.6082810965465307,12,89.0
910.0,4,23.0,0.42592592592592593,8.14610057314283,2,44.0,0.2737239207472423,2,26.0,0.6434228084999999,0,0.0,0.7240056193884251,4,70.0
915.0,3,7.0,0.11864406779661017,9.645466673112871,0,14.0,0.5397762446395425,1,18.0,0.8010600736817259,2,5.0,0.6470426328445351,3,37.0
920.0,9,27.0,0.4153846153846154,8.876674735230361,2,1.0,0.6014648313462865,3,12.0,0.5311895880666494,4,19.0,0.5577448988464853,9,32.0
925.0,4,8.0,0.12903225806451613,7.372434103327598,2,6.0,0.49017866509994623,0,11.0,0.46217595696230074,2,19.0,0.4572104640531832,4,36.0
930.0,4,11.0,0.18032786885245902,7.821058411695564,0,7.0,0.5687509654106659,0,4.0,0.5255757339251839,4,15.0,0.43966698823968287,4,26.0
935.0,5,11.0,0.18032786885245902,8.30174346157407,0,2.0,0.7100443936128353,2,8.0,0.47815962664886735,3,27.0,0.4534941025893341,5,37.0
940.0,5,16.0,0.27586206896551724,7.479088032168117,0,2.0,0.4593303161777571,2,10.0,0.47168726318421067,3,19.0,0.5585091154058708,5,31.0
945.0,14,61.0,0.9682539682539683,6.963297220077713,2,10.0,0.49095140758844164,7,34.0,0.3375101102388151,5,28.0,0.5357352605468471,14,72.0
950.0,13,49.0,0.7101449275362319,7.338947548347477,5,22.0,0.48780248365266016,6,58.0,0.4236882804773065,2,21.0,0.5572127378846469,13,101.0
955.0,7,20.0,0.273972602739726,7.523581776638184,0,8.0,0.5964974519681917,2,48.0,0.40172532771978653,5,20.0,0.4651557913803863,7,76.0
960.0,8,24.0,0.3380281690140845,7.747556520912784,3,9.0,0.586563039711465,3,22.0,0.37152937294460947,2,27.0,0.5118417896002849,8,58.0
965.0,5,14.0,0.2153846153846154,7.2568657577674855,1,9.0,0.5608561366563588,2,17.0,0.34825832202032947,2,16.0,0.4439802146334643,5,42.0
970.0,12,40.0,0.6451612903225806,6.995000342364468,3,11.0,0.5383266211447729,8,43.0,0.3150115734817807,1,7.0,0.4834338060227479,12,61.0
975.0,15,66.0,1.0153846153846153,7.308534808469296,3,21.0,0.523051571985078,7,64.0,0.4068247141701893,5,20.0,0.26138142609489545,15,105.0
980.0,8,16.0,0.24615384615384617,6.726769952030236,1,6.0,0.6477252474510492,3,44.0,0.319047343106882,4,35.0,0.3540484323847762,8,85.0
985.0,5,25.0,0.43103448275862066,8.530271829665772,2,14.0,0.6940073554509575,3,24.0,0.3857157251229585,0,17.0,0.5742598892244377,5,55.0
990.0,1,1.0,0.017857142857142856,8.214376080125117,0,11.0,0.6317799040129377,1,12.0,0.4398894263961307,0,2.0,0.5990712046974362,1,25.0
995.0,8,25.0,0.423728813559322,8.752378764580966,1,0.0,0.6218021548513696,6,30.0,0.44724570555813586,1,4.0,0.6953288180327676,8,34.0
1000.0,11,75.0,1.293103448275862,8.315176238927833,0,0.0,0.7427010098296146,10,75.0,0.40687049499781164,1,9.0,0.5918729811374203,11,84.0
1005.0,13,65.0,1.0483870967741935,6.925278515103323,2,2.0,0.5208774007908805,9,95.0,0.32324998453064435,2,18.0,0.6471441524047817,13,115.0
1010.0,8,46.0,0.696969696969697,7.923865616310448,1,9.0,0.7356263784565139,3,65.0,0.41754432007758036,4,32.0,0.5506964830329637,8,106.0
1015.0,9,62.0,0.9253731343283582,7.831644017060846,1,2.0,0.6376606975220209,5,43.0,0.3538220055595164,3,47.0,0.7105713792738121,9,92.0
1020.0,8,69.0,1.0454545454545454,7.420119102158263,3,7.0,0.5595800702613898,2,35.0,0.3538184390470991,3,60.0,0.6334933906540493,8,102.0
1025.0,12,109.0,1.703125,7.029770025047691,1,10.0,0.5050817168670243,7,52.0,0.24614769842774992,4,75.0,0.567753926657046,12,137.0
1030.0,12,121.0,1.8059701492537314,6.768605947394574,2,8.0,0.44774645332931284,7,74.0,0.2560323149855997,3,90.0,0.48938814346888837,12,172.0
1035.0,10,122.0,1.8208955223880596,7.32160405556569,3,15.0,0.47528915630590474,3,63.0,0.353593074483492,4,108.0,0.551795476313725,10,186.0
1040.0,9,35.0,0.49295774647887325,7.474454082501857,6,37.0,0.4855193116727601,2,41.0,0.3494251072404816,1,37.0,0.5501886704991871,9,115.0
1045.0,8,32.0,0.45714285714285713,7.84737186948595,4,44.0,0.4859839539909202,1,26.0,0.4888799307133621,3,7.0,0.5558137956450433,8,77.0
1050.0,9,36.0,0.5373134328358209,7.552101371204984,4,40.0,0.46348178101316084,1,23.0,0.587140566720364,4,19.0,0.4622367594784479,9,82.0
1055.0,6,28.0,0.4307692307692308,7.639270256620432,2,27.0,0.5806465638042888,1,18.0,0.5284836712506781,3,21.0,0.4656786964360413,6,66.0
1060.0,9,57.0,0.8142857142857143,8.419134957231678,3,30.0,0.5415214618336284,4,34.0,0.5810656888113653,2,14.0,0.4639077717118429,9,78.0
1065.0,9,61.0,0.8591549295774648,8.075161355631034,4,44.0,0.4968478467910955,2,37.0,0.6241099046936198,3,8.0,0.42964367458234926,9,89.0
1070.0,12,38.0,0.5352112676056338,7.194023185620179,2,34.0,0.4292356485043818,2,20.0,0.5297329129900739,8,34.0,0.3598473976538376,12,88.0
1075.0,15,57.0,0.8142857142857143,7.200716792965224,4,17.0,0.5450542454722632,4,19.0,0.36861583125479525,7,54.0,0.38194315362088976,15,90.0
1080.0,8,19.0,0.2923076923076923,6.328766473707093,3,18.0,0.5908550698260358,1,20.0,0.38300798571661326,4,49.0,0.29906414459729663,8,87.0
1085.0,9,32.0,0.5,6.130078911492715,1,7.0,0.5329082833721795,6,29.0,0.38964594247745205,2,59.0,0.22224473757424668,9,95.0
1090.0,16,55.0,0.8208955223880597,5.568815264459264,4,11.0,0.37613781626713305,3,42.0,0.4382749307056614,9,87.0,0.1811906277509063,16,140.0
1095.0,19,78.0,1.1470588235294117,5.376023724895841,7,40.0,0.3981567956403653,2,19.0,0.3242834368258346,10,109.0,0.28407170618606453,19,168.0
1100.0,10,35.0,0.5,6.771331200964007,4,47.0,0.5061427179662712,1,14.0,0.6455095438344282,5,92.0,0.34502358028607255,10,153.0
1105.0,7,10.0,0.1388888888888889,6.483295946505745,0,17.0,0.5606122810395228,2,6.0,0.5667483953907283,5,84.0,0.26597463906754193,7,107.0
1110.0,11,40.0,0.5405405405405406,7.031422208508055,2,1.0,0.5630161321229538,2,15.0,0.6398958221945787,7,107.0,0.21819089279242687,11,123.0
1115.0,10,36.0,0.5070422535211268,6.325041746533739,3,9.0,0.5096558996134851,0,9.0,0.6978661840291088,7,114.0,0.24325395858952417,10,132.0
1120.0,7,14.0,0.1917808219178082,6.596460717692284,1,3.0,0.4895607209915639,1,3.0,0.714716762607324,5,72.0,0.267902619123092,7,78.0
1125.0,7,26.0,0.33766233766233766,6.8579078787045376,4,15.0,0.5561210833000884,1,8.0,0.6930424228256663,2,75.0,0.2810999229931982,7,98.0
1130.0,11,36.0,0.45,6.3593758879856885,3,17.0,0.3745289538823905,2,11.0,0.6356970069596092,6,99.0,0.2690980877609684,11,127.0
1135.0,11,37.0,0.4567901234567901,5.052874644532376,4,19.0,0.3592972767324354,1,4.0,0.4030310600427305,6,111.0,0.19924355697939883,11,134.0
1140.0,13,35.0,0.4117647058823529,5.8268047703498205,0,16.0,0.4632424778546999,6,29.0,0.5319348530551464,7,80.0,0.1917950687850065,13,125.0
1145.0,13,71.0,0.8160919540229885,5.746898446792796,4,13.0,0.34321511051431436,6,59.0,0.5051682229235546,3,87.0,0.18883613864050255,13,159.0
1150.0,15,56.0,0.691358024691358,4.824134669000084,5,30.0,0.24162687277927794,3,59.0,0.2602270231568352,7,109.0,0.1803815249150492,15,198.0
1155.0,16,61.0,0.8243243243243243,4.685830896029188,5,42.0,0.34466791763368937,2,20.0,0.40371124217749726,9,122.0,0.19361527116362262,16,184.0
1160.0,13,84.0,1.1506849315068493,5.827924207724457,5,52.0,0.4657547536087767,2,24.0,0.6905973483774321,6,102.0,0.2165878600218187,13,178.0
1165.0,12,46.0,0.575,6.156689313778297,4,49.0,0.47593381978065813,1,6.0,0.8060865755971048,7,73.0,0.18167886279306045,12,128.0
1170.0,11,68.0,0.8095238095238095,6.507110703338151,5,38.0,0.4085485214387447,3,12.0,0.5177180113850647,3,70.0,0.2896661995935697,11,120.0
1175.0,13,27.0,0.3375,4.940391364294591,8,54.0,0.2176144080592288,2,12.0,0.35018607572596167,3,48.0,0.30773272529202267,13,114.0
1180.0,14,68.0,0.8947368421052632,6.250657753891462,6,63.0,0.3480723270581277,0,9.0,0.5900363442274807,8,68.0,0.2812042891302417,14,140.0
1185.0,15,50.0,0.6666666666666666,4.951597481969128,3,56.0,0.3372911393058794,1,11.0,0.44819143459649874,11,93.0,0.20623411319307056,15,160.0
1190.0,19,69.0,0.8625,5.293826533965124,7,55.0,0.30689995372309026,6,34.0,0.4200286199963789,6,93.0,0.18660988295022982,19,182.0
1195.0,11,26.0,0.325,5.698123409935121,4,60.0,0.22627038470164024,4,39.0,0.46415870148267185,3,69.0,0.2518819340125053,11,168.0
1200.0,8,18.0,0.2222222222222222,6.819516390210569,6,49.0,0.2364789831330208,1,17.0,0.6480486173869464,1,52.0,0.45022372459806503,8,118.0
1205.0,8,18.0,0.21176470588235294,6.92480398474475,4,50.0,0.3138623259655352,3,22.0,0.4607915435987788,1,28.0,0.5560690819750963,8,100.0
1210.0,17,64.0,0.7191011235955056,6.645853119741015,7,66.0,0.2678325184530131,8,48.0,0.3470968915380587,2,23.0,0.4713058574502934,17,137.0
1215.0,20,69.0,0.8117647058823529,4.827131618066348,6,71.0,0.20200748397610702,8,61.0,0.09056308414992673,6,43.0,0.3129704376080447,20,175.0
1220.0,18,51.0,0.6455696202531646,4.931176730802996,7,72.0,0.20071294297186917,4,54.0,0.29942252252428825,7,59.0,0.28766490032369235,18,185.0
1225.0,11,24.0,0.3037974683544304,5.396718518401922,6,90.0,0.30103990578024675,2,46.0,0.40031863026168835,3,39.0,0.31212078292213963,11,175.0
1230.0,15,62.0,0.7294117647058823,6.400898014795301,5,111.0,0.2789446740804479,7,71.0,0.38201816729190524,3,25.0,0.4516566068493855,15,207.0
1235.0,14,63.0,0.7241379310344828,6.0454748364927084,4,111.0,0.17461075974428414,7,82.0,0.2884231242021859,3,27.0,0.47575635556807966,14,220.0
1240.0,12,27.0,0.32142857142857145,5.294713202495824,4,101.0,0.27374002751473653,6,65.0,0.25824773972742676,2,16.0,0.4666068549712743,12,182.0
1245.0,18,74.0,0.8705882352941177,6.406402900362312,7,79.0,0.3539386242300263,5,57.0,0.3146823576399514,6,31.0,0.4941382392650787,18,167.0
1250.0,10,67.0,0.8170731707317073,6.166880323194807,1,80.0,0.3720511096065762,1,54.0,0.40523466949834336,8,69.0,0.3444131753808602,10,203.0
1255.0,17,66.0,0.8148148148148148,4.6350941336112985,5,85.0,0.26612398971647316,5,50.0,0.23697073349453882,7,89.0,0.2033432059321048,17,224.0
1260.0,22,75.0,0.9375,4.026650532002945,8,91.0,0.1889171837864855,11,92.0,0.16725359735582945,3,54.0,0.3338693918595966,22,237.0
1265.0,16,75.0,0.9375,5.33734446219899,4,75.0,0.19960642383589128,9,121.0,0.30167324926554495,3,29.0,0.5479488907695603,16,225.0
1270.0,13,52.0,0.611764705882353,6.048783742565108,6,64.0,0.26544654597891226,6,106.0,0.33109140200809206,1,28.0,0.49623404792107545,13,198.0
1275.0,16,93.0,1.0568181818181819,6.591995410444451,3,66.0,0.37235459666917475,7,82.0,0.33615097735640864,6,47.0,0.44995555565191114,16,195.0
1280.0,11,77.0,0.9506172839506173,6.219070529887633,4,74.0,0.44698285332209164,3,97.0,0.3930071116892971,4,50.0,0.3690777334202021,11,221.0
1285.0,14,118.0,1.5128205128205128,5.7359131298923325,4,86.0,0.45142081480696566,7,113.0,0.3181075175489145,3,29.0,0.31916052308009457,14,228.0
1290.0,13,46.0,0.5411764705882353,5.634639889344298,2,52.0,0.4062193307760859,8,127.0,0.22075016197568714,3,25.0,0.4605209283544054,13,204.0
1295.0,16,64.0,0.7032967032967034,6.6053617065785195,9,28.0,0.3097900072344879,5,112.0,0.30934184324934516,2,32.0,0.6531561997097314,16,172.0
1300.0,8,70.0,0.7865168539325843,6.838632409355613,5,48.0,0.39876445130462523,1,77.0,0.27857644214538574,2,40.0,0.6614259067186362,8,165.0
1305.0,15,99.0,1.1511627906976745,6.85480279560098,5,46.0,0.3650856060772973,5,60.0,0.39177459936344794,5,55.0,0.6216689646880234,15,161.0
1310.0,12,36.0,0.4,6.157028029415513,8,52.0,0.3625346344246625,3,51.0,0.3745380647056932,1,12.0,0.504149335641117,12,115.0
1315.0,15,44.0,0.46808510638297873,5.959047609587992,3,47.0,0.31144586983389855,7,55.0,0.3602051964393913,5,17.0,0.4017230925899331,15,119.0
1320.0,18,55.0,0.5789473684210527,5.063740877607292,8,51.0,0.2408348676197452,7,71.0,0.22666029813461638,3,30.0,0.27542982969085245,18,152.0
1325.0,22,98.0,1.101123595505618,5.7397027631863855,12,101.0,0.26184614424412683,7,62.0,0.22162474943156954,3,21.0,0.5110397486731755,22,184.0
1330.0,24,193.0,2.1931818181818183,5.909132381625386,15,169.0,0.28159577306129857,7,64.0,0.26985205526422823,2,19.0,0.6320183534711415,24,252.0
1335.0,30,317.0,3.4456521739130435,6.101030207513985,20,254.0,0.23336605565842544,7,82.0,0.35420849966583345,3,31.0,0.622911705974764,30,367.0
1340.0,30,248.0,2.610526315789474,4.656293576649185,17,297.0,0.18409153730723632,6,66.0,0.26681636150312926,7,50.0,0.4534588616960285,30,413.0
1345.0,26,163.0,1.63,5.474191136757405,16,288.0,0.1823164668556682,6,39.0,0.3423558606482115,4,34.0,0.4683102964494641,26,361.0
1350.0,24,150.0,1.530612244897959,6.0227039306306445,11,318.0,0.18258333468596216,8,65.0,0.3992264962480337,5,26.0,0.358792188138563,24,409.0
1355.0,29,154.0,1.6559139784946237,4.802660327561889,12,372.0,0.11263874263947238,10,81.0,0.20421731280337355,7,48.0,0.3030932682475411,29,501.0
1360.0,34,200.0,2.4096385542168677,3.9496040069810125,14,395.0,0.16388679334500386,11,103.0,0.17050604438014944,9,93.0,0.3897971047126179,34,591.0
1365.0,21,116.0,1.380952380952381,4.78319929469493,7,343.0,0.25316451121889433,7,122.0,0.3179038752644837,7,96.0,0.37167911130009706,21,561.0
1370.0,9,38.0,0.4222222222222222,6.239199606267036,2,246.0,0.25945147832671117,4,110.0,0.4359695412369889,3,51.0,0.5330411355621318,9,407.0
1375.0,9,33.0,0.3473684210526316,6.498315622375109,3,194.0,0.30949498668192377,3,99.0,0.4854086608764336,3,31.0,0.36287049478047073,9,324.0
1380.0,14,55.0,0.5789473684210527,5.958681654143805,1,170.0,0.3298402965080781,5,103.0,0.3278165658147574,8,62.0,0.2631555649547897,14,335.0
1385.0,24,85.0,0.9340659340659341,4.9734265075282185,8,179.0,0.27623999579830144,8,108.0,0.20805075552023142,8,70.0,0.292598082715531,24,357.0
1390.0,20,100.0,1.1363636363636365,5.576803810063074,14,230.0,0.2975880090853813,4,99.0,0.2645579965561636,2,46.0,0.4671976984215679,20,375.0
1395.0,23,110.0,1.25,5.279439248281801,14,250.0,0.14626813198378485,8,93.0,0.2844124258924302,1,15.0,0.506390798941146,23,358.0
1400.0,20,70.0,0.7777777777777778,4.560328016234519,9,217.0,0.17863017629751082,8,113.0,0.23517525909815915,3,15.0,0.34540159638703166,20,345.0
1405.0,20,82.0,0.8723404255319149,5.707985480470399,6,162.0,0.29893421471766324,6,93.0,0.31355677843899193,8,42.0,0.3603383171652824,20,297.0
1410.0,18,76.0,0.8085106382978723,5.837512960116227,8,179.0,0.2783675918483263,4,82.0,0.39611922750566486,6,59.0,0.4018932875335,18,320.0
1415.0,19,72.0,0.7741935483870968,5.50956066203447,9,201.0,0.2323660744187772,3,73.0,0.3854987129107639,7,54.0,0.3481677166726062,19,328.0
1420.0,20,68.0,0.7391304347826086,4.354831107023728,8,206.0,0.13930977847598866,7,65.0,0.24007229872186656,5,69.0,0.276624685752848,20,340.0
1425.0,27,121.0,1.3010752688172043,4.573330594214787,6,167.0,0.19017757789494744,12,103.0,0.21480616464897376,9,81.0,0.22105847825149477,27,351.0
1430.0,31,176.0,2.0,4.779269186239159,4,103.0,0.3094768183302711,11,126.0,0.234841304544807,16,128.0,0.17539452727670593,31,357.0
1435.0,27,225.0,2.5280898876404496,4.919434131419852,3,92.0,0.30265986645442494,6,110.0,0.2686007346077519,18,210.0,0.19465475317216965,27,412.0
1440.0,20,172.0,1.8695652173913044,5.943467863372973,2,87.0,0.34818110629765003,5,66.0,0.34136205614913295,13,244.0,0.36251998506028876,20,397.0
1445.0,13,73.0,0.7604166666666666,5.899414865300069,3,75.0,0.4128462083652223,1,62.0,0.41007379479514855,9,192.0,0.2828949306407035,13,329.0
1450.0,18,50.0,0.5102040816326531,5.216708714509237,5,75.0,0.3097563321085496,8,62.0,0.28870829615633636,5,195.0,0.2915527269198145,18,332.0
1455.0,22,113.0,1.1894736842105262,5.5484306053168035,3,70.0,0.24995272220698475,11,117.0,0.3193562530735943,8,221.0,0.24497279491937002,22,408.0
1460.0,26,169.0,1.898876404494382,4.406546142483738,5,56.0,0.1442252621464253,7,132.0,0.27694052522710233,14,277.0,0.08678320530638264,26,465.0
1465.0,16,91.0,1.058139534883721,4.778394918502241,1,51.0,0.2721865204049165,1,89.0,0.3900480679056153,14,292.0,0.1659458502029434,16,432.0
1470.0,12,46.0,0.5348837209302325,5.607860009780967,4,36.0,0.3523350950966403,2,26.0,0.4159479322306127,6,235.0,0.26620169618717227,12,297.0
1475.0,14,55.0,0.6179775280898876,6.349704100086721,4,40.0,0.37615422377043284,3,24.0,0.571910641390059,7,154.0,0.3191570498855394,14,218.0
1480.0,13,37.0,0.40217391304347827,6.654390634822867,5,37.0,0.34704377872458636,0,18.0,0.5907385202539107,8,123.0,0.3684889633193185,13,178.0
1485.0,11,41.0,0.44086021505376344,6.287220317261757,2,37.0,0.3277547444157044,4,13.0,0.5307898387605061,5,137.0,0.286291945402621,11,187.0
1490.0,15,48.0,0.5333333333333333,4.957869901306055,1,26.0,0.23650631901965233,3,24.0,0.3647450099391151,11,170.0,0.19577391551405057,15,220.0
1495.0,24,129.0,1.5176470588235293,5.008355287832406,6,37.0,0.24363197411497337,3,25.0,0.28014410935757345,15,237.0,0.21062305993871328,24,299.0
1500.0,19,122.0,1.5061728395061729,4.889420171632267,3,44.0,0.3388247868571558,4,30.0,0.3845029494004678,12,257.0,0.2410084925992706,19,331.0
1505.0,12,84.0,1.024390243902439,6.110053291469436,2,28.0,0.43048133497728924,4,49.0,0.4777828613412324,6,215.0,0.33515586314165313,12,292.0
1510.0,15,42.0,0.4666666666666667,6.098737451883315,2,19.0,0.37553295571903805,2,34.0,0.5962699228706706,11,159.0,0.25938282916712413,15,212.0
1515.0,11,45.0,0.46875,6.544840686402474,3,21.0,0.38402775929140404,3,18.0,0.5901168273132626,5,175.0,0.23225849629519663,11,214.0
1520.0,17,81.0,0.826530612244898,6.469822415020516,3,26.0,0.3683889602435051,6,36.0,0.5396228921794807,8,205.0,0.21206168125063712,17,267.0
1525.0,16,47.0,0.5053763440860215,4.950810564767665,2,17.0,0.4236212045545398,8,54.0,0.2365819070823498,6,212.0,0.20108199862619083,16,283.0
1530.0,14,45.0,0.4787234042553192,5.697148093868313,4,14.0,0.49212121241182877,6,64.0,0.30615447339702173,4,186.0,0.24743276040112375,14,264.0
1535.0,14,38.0,0.4,5.855666759099159,5,23.0,0.32266628181493234,3,57.0,0.3626970924235399,6,142.0,0.3171773947370695,14,222.0
1540.0,19,49.0,0.5051546391752577,5.256214046164514,7,34.0,0.3245602467469561,7,77.0,0.3289509280188245,5,147.0,0.25801095645677163,19,258.0
1545.0,21,106.0,1.092783505154639,4.800522470875848,2,40.0,0.3009245127178654,11,126.0,0.19708112285819668,8,156.0,0.21098893737530167,21,322.0
1550.0,28,118.0,1.2826086956521738,3.768613500358779,6,43.0,0.2793910055900795,12,153.0,0.0530778518485932,10,168.0,0.14097754008341104,28,364.0
1555.0,19,77.0,0.9058823529411765,4.405285599150614,8,65.0,0.19459234364101144,5,134.0,0.29359549663789697,6,124.0,0.27177099257481324,19,323.0
1560.0,18,67.0,0.7204301075268817,5.301285081388068,11,82.0,0.23614166196565642,2,90.0,0.47368660267197804,5,133.0,0.30263858595938437,18,305.0
1565.0,14,51.0,0.5204081632653061,5.954427974053658,5,103.0,0.25852071196129306,2,64.0,0.48325054007807955,7,141.0,0.35742206508637975,14,308.0
1570.0,14,49.0,0.4803921568627451,5.824071495240417,6,92.0,0.2710627460294424,2,38.0,0.5124256487655067,6,131.0,0.26583476003458234,14,261.0
1575.0,14,42.0,0.4375,4.975863515729668,6,99.0,0.2700597749291279,1,30.0,0.44457231789684637,7,100.0,0.22797831493317813,14,229.0
1580.0,16,77.0,0.7938144329896907,5.336406827152789,7,96.0,0.19314987403602973,5,48.0,0.4795980877535764,4,95.0,0.2571641737188207,16,239.0
1585.0,20,121.0,1.174757281553398,5.77210928549898,8,98.0,0.22665738067740535,7,82.0,0.44630922622085767,5,91.0,0.26084880535317856,20,271.0
1590.0,14,61.0,0.580952380952381,5.445283581739815,7,98.0,0.21805496742366898,4,77.0,0.44456713483289434,3,68.0,0.2101968498075443,14,243.0
1595.0,18,88.0,0.8712871287128713,5.324834945214888,10,126.0,0.21423625567315796,1,32.0,0.40314583928079273,7,65.0,0.251886541662743,18,223.0
1600.0,20,74.0,0.74,5.335412726342575,11,143.0,0.2855312773504865,2,19.0,0.43210842114457926,7,78.0,0.2975805233509121,20,240.0
1605.0,20,62.0,0.6326530612244898,4.6911903378272815,9,116.0,0.2674928217490067,4,26.0,0.3457957811425135,7,69.0,0.29085631046516114,20,211.0
1610.0,23,103.0,0.9809523809523809,5.3291327759812965,9,147.0,0.18799339349222302,6,42.0,0.48378502659262285,8,67.0,0.2598841555096428,23,256.0
1615.0,23,80.0,0.7547169811320755,4.686680469122078,12,185.0,0.1403148221747428,4,42.0,0.3792645970725868,7,77.0,0.22466050817668246,23,304.0
1620.0,25,82.0,0.82,4.226745178388304,12,211.0,0.1612982154180383,3,23.0,0.2227871530840473,10,88.0,0.2547312310555431,25,322.0
1625.0,26,143.0,1.5052631578947369,4.683267163956089,9,193.0,0.2077252070881364,3,30.0,0.3459346763591977,14,123.0,0.2668830092440559,26,346.0
1630.0,20,95.0,0.9595959595959596,4.602738472296007,7,207.0,0.2109087714807302,2,18.0,0.3824471979362643,11,150.0,0.25316263910733666,20,375.0
1635.0,22,86.0,0.86,4.8152397158885485,9,221.0,0.17225905885907758,5,21.0,0.457838204135581,8,122.0,0.21795120328024498,22,364.0
1640.0,24,85.0,0.85,4.502331547248289,11,230.0,0.12250286101083815,2,22.0,0.5349987498199993,11,115.0,0.19284461046643472,24,367.0
1645.0,18,72.0,0.7422680412371134,4.756979868668328,9,206.0,0.19175518479858328,3,21.0,0.48336953516104725,6,134.0,0.2732612583095907,18,361.0
1650.0,25,145.0,1.4215686274509804,5.7501855450955075,10,189.0,0.2700391718275678,5,42.0,0.5458387515098297,10,149.0,0.24089122542644442,25,380.0
1655.0,16,57.0,0.5533980582524272,4.82050648243752,4,187.0,0.24625840590313547,2,35.0,0.46628462241654517,10,176.0,0.1581818518996114,16,398.0
1660.0,16,49.0,0.47572815533980584,5.056208239643585,6,159.0,0.21066436643519534,4,16.0,0.4585371825322471,6,163.0,0.20257608401003285,16,338.0
1665.0,24,111.0,1.11,4.566923826422271,12,180.0,0.1821928490472306,9,50.0,0.2976615267965263,3,168.0,0.19144001543088557,24,398.0
1670.0,24,114.0,1.1515151515151516,4.195465981281293,11,196.0,0.1662033152459473,5,60.0,0.2571283751356315,8,189.0,0.15440920590900212,24,445.0
1675.0,24,138.0,1.4526315789473685,4.699739172282343,10,175.0,0.2503670953902253,1,27.0,0.3950243914988453,13,247.0,0.19635878413769642,24,449.0
1680.0,25,151.0,1.5252525252525253,5.107478035333774,12,144.0,0.2733272832306719,2,17.0,0.5061091040040973,11,259.0,0.27478515785484736,25,420.0
1685.0,16,54.0,0.5242718446601942,4.999745433941061,7,163.0,0.28713564785569695,2,15.0,0.570698019213279,7,212.0,0.23624199010595787,16,390.0
1690.0,18,63.0,0.5833333333333334,5.317117412211733,8,169.0,0.23721299799714538,2,11.0,0.5857852923357237,8,160.0,0.20643425598871218,18,340.0
1695.0,22,95.0,0.8962264150943396,4.705115215738471,11,203.0,0.20517495711263503,4,24.0,0.45810467575910246,7,178.0,0.18265242858212413,22,405.0
1700.0,28,159.0,1.4722222222222223,4.693900148195373,16,263.0,0.17081579492003515,2,18.0,0.4187008128886805,10,199.0,0.1822877357200705,28,480.0
1705.0,31,201.0,1.9514563106796117,5.062196678551321,16,298.0,0.19606555697528213,1,13.0,0.5010547859714253,14,262.0,0.2524983980725192,31,573.0
1710.0,25,161.0,1.5784313725490196,4.439529568071532,11,280.0,0.24450072442234452,3,14.0,0.3843688502459291,11,278.0,0.22448653389523593,25,572.0
1715.0,31,146.0,1.4038461538461537,4.022365502803779,13,335.0,0.2142008267304065,5,39.0,0.46304327660403255,13,257.0,0.21836147850208065,31,631.0
1720.0,30,112.0,0.9911504424778761,4.136691625192802,17,382.0,0.16965779986661514,3,35.0,0.4769105575389702,10,270.0,0.1812633085548277,30,687.0
1725.0,28,121.0,1.0341880341880343,4.546369560514607,16,409.0,0.1126087541838678,0,14.0,0.5096932002030988,12,298.0,0.17769161024345126,28,721.0
1730.0,29,98.0,0.9158878504672897,4.086939705638811,11,375.0,0.1387939899485127,3,13.0,0.4946204274994104,15,320.0,0.12876886046003697,29,708.0
1735.0,19,56.0,0.5333333333333333,4.382546805836849,5,361.0,0.19326199692233326,2,17.0,0.4935125500151497,12,269.0,0.16028557789016146,19,647.0
1740.0,19,80.0,0.7476635514018691,4.742313761269757,8,369.0,0.23423801629136498,3,17.0,0.5461230385037315,8,301.0,0.20064408320993973,19,687.0
1745.0,24,98.0,0.8990825688073395,4.8209637660711175,9,361.0,0.21256128503487987,4,28.0,0.43222867262177744,11,306.0,0.2192345876550811,24,695.0
1750.0,18,77.0,0.7403846153846154,4.32427201365038,6,303.0,0.23059095693850082,2,33.0,0.3420425012038622,10,304.0,0.19539996399508017,18,640.0
1755.0,17,60.0,0.5825242718446602,4.2758029296240565,5,314.0,0.18788837395275934,3,25.0,0.5009354125825999,9,267.0,0.16414189385342925,17,606.0
1760.0,18,88.0,0.8301886792452831,4.819218350921803,9,326.0,0.1755571859513304,4,34.0,0.526429260438123,5,237.0,0.1847661827294189,18,597.0
1765.0,21,68.0,0.6355140186915887,4.275784237590224,10,317.0,0.12880981058972088,1,23.0,0.4624584263701533,10,221.0,0.14030882882952606,21,561.0
1770.0,28,125.0,1.2376237623762376,4.575448873636705,9,263.0,0.22178033529564284,4,13.0,0.5402505464668195,15,267.0,0.17408620378044992,28,543.0
1775.0,19,91.0,0.91,4.427177566731545,5,241.0,0.26490189452968943,2,16.0,0.45736742774160327,12,275.0,0.18312102546965006,19,532.0
1780.0,20,69.0,0.6699029126213593,5.022396011098955,8,243.0,0.21449489252462142,3,17.0,0.513655873827747,9,224.0,0.18621268797334367,20,484.0
1785.0,20,58.0,0.5686274509803921,4.0941584204237005,11,244.0,0.12783863585797464,0,13.0,0.5247606157301926,9,260.0,0.16367042444438756,20,517.0
1790.0,24,83.0,0.8383838383838383,4.352451185996049,6,197.0,0.25672108525453974,3,13.0,0.4484751050598132,15,303.0,0.1675997813423545,24,513.0
1795.0,23,94.0,0.912621359223301,4.6416666921961935,5,121.0,0.33033319521864307,2,20.0,0.4317064814346715,16,319.0,0.15077930405572343,23,460.0
1800.0,18,55.0,0.5,4.798948726347602,3,118.0,0.2606226770421878,3,24.0,0.5001703529557486,12,279.0,0.15296219552604992,18,421.0
1805.0,18,74.0,0.6548672566371682,5.100989855748981,7,110.0,0.21658263819547027,4,37.0,0.5448753963154194,7,268.0,0.17624817834373957,18,415.0
1810.0,24,104.0,0.9369369369369369,4.552012632932758,12,155.0,0.2224806413906453,2,33.0,0.22848888179794102,10,287.0,0.11946463915002416,24,475.0
1815.0,35,240.0,2.4242424242424243,4.062365987765687,16,222.0,0.23760881689351906,4,21.0,0.2588460923068838,15,338.0,0.1631696285163661,35,581.0
1820.0,35,314.0,3.204081632653061,4.49056372672276,13,236.0,0.23291641543322422,5,41.0,0.29062101745267366,17,409.0,0.216918440196006,35,686.0
1825.0,36,342.0,3.4545454545454546,3.7881535722324804,10,196.0,0.22793495820390328,4,37.0,0.4000878494568424,22,507.0,0.1607518542995418,36,740.0
1830.0,39,319.0,3.0673076923076925,4.084112042829868,12,149.0,0.2137740122889993,1,19.0,0.6238907913981622,26,534.0,0.08363599697430232,39,702.0
1835.0,34,232.0,2.188679245283019,4.914961655611658,12,180.0,0.18725465850549483,1,16.0,0.7182634299932334,21,501.0,0.14190487646570082,34,697.0
1840.0,30,186.0,1.7884615384615385,4.407782706052827,12,230.0,0.14091272066532573,2,23.0,0.575536070704832,16,546.0,0.14844406163399998,30,799.0
1845.0,25,128.0,1.28,4.461147306440715,7,253.0,0.19292084407752902,1,6.0,0.46786319559767003,17,612.0,0.14429318334745347,25,871.0
1850.0,23,146.0,1.553191489361702,4.762999048914068,3,217.0,0.2619760740468196,1,9.0,0.5285829082370153,19,703.0,0.18013977178766877,23,929.0
1855.0,26,131.0,1.3645833333333333,4.569586019359928,6,189.0,0.2927382632518387,3,8.0,0.561063623603668,17,704.0,0.14913288049874654,26,901.0
1860.0,19,84.0,0.8484848484848485,4.883547145750576,2,175.0,0.2817383838072675,4,24.0,0.5834832421842204,13,613.0,0.13598415987924192,19,812.0
1865.0,23,62.0,0.5849056603773585,4.2333101466589325,8,182.0,0.22257390767859445,2,24.0,0.4396714731999126,13,623.0,0.15537223636010764,23,829.0
1870.0,28,122.0,1.1730769230769231,4.627510490177729,11,222.0,0.2521819111960165,3,23.0,0.4087095120311671,14,679.0,0.18625985418545912,28,924.0
1875.0,29,130.0,1.25,4.064239692348223,8,226.0,0.28358846666668674,4,32.0,0.4229325040729477,17,674.0,0.14969297945971435,29,932.0
1880.0,25,84.0,0.8076923076923077,4.027340105352253,9,198.0,0.22314539647397283,3,25.0,0.44077244253279496,13,608.0,0.16689006045879776,25,831.0
1885.0,22,101.0,0.926605504587156,4.854538583757422,10,204.0,0.22891732349455857,5,27.0,0.5452252809574826,7,575.0,0.1678543934571974,22,806.0
1890.0,24,106.0,0.9137931034482759,4.784197449324383,7,202.0,0.20859966712383943,6,56.0,0.4107792153738514,11,601.0,0.17852974325891366,24,859.0
1895.0,26,135.0,1.173913043478261,4.404940069775903,9,223.0,0.23722423207050639,5,61.0,0.164349090882864,12,633.0,0.16251398681067133,26,917.0
1900.0,29,139.0,1.3495145631067962,4.0383397395402,10,252.0,0.2645944574804282,4,42.0,0.28780473889162744,15,618.0,0.1844803985884888,29,912.0
1905.0,29,118.0,1.1238095238095238,3.9540909719883106,10,256.0,0.25551258824167233,3,34.0,0.4791161805089578,16,540.0,0.15614133540167677,29,830.0
1910.0,29,89.0,0.8090909090909091,4.2164086251378325,10,214.0,0.2759511464145016,3,29.0,0.5287955026222882,16,515.0,0.15648691751688004,29,758.0
1915.0,24,96.0,0.8205128205128205,5.186007536695135,8,173.0,0.2651007769356591,5,45.0,0.5557971220211425,11,543.0,0.14995694823869063,24,761.0
1920.0,22,57.0,0.475,3.965542067622627,3,177.0,0.2037382531304468,6,52.0,0.3021412099889187,13,529.0,0.12916448293489452,22,758.0
1925.0,23,94.0,0.8173913043478261,4.316607094751118,6,183.0,0.25823024932767813,5,55.0,0.3288523197980846,12,465.0,0.19221197248259794,23,703.0
1930.0,19,78.0,0.6610169491525424,4.619350474908826,9,220.0,0.2880340195081826,3,50.0,0.3515074091980622,7,457.0,0.18227775149167671,19,727.0
1935.0,28,144.0,1.180327868852459,4.7010799884810055,13,274.0,0.20121965455826243,4,32.0,0.33043507237235287,11,445.0,0.1439245297798392,28,751.0
1940.0,39,299.0,2.5555555555555554,4.1754934664091845,19,353.0,0.12375935952264926,8,58.0,0.21654461469278302,12,476.0,0.14965908179251475,39,887.0
1945.0,47,330.0,3.0841121495327104,2.908290892010056,18,376.0,0.11045455152122384,12,110.0,0.2306339362036383,17,474.0,0.13888878312576444,47,960.0
1950.0,43,337.0,3.0089285714285716,3.6855138558459157,15,344.0,0.17706209590605715,12,170.0,0.3194535647153522,16,423.0,0.13409564567911236,43,937.0
1955.0,32,239.0,2.060344827586207,3.9975961943295304,14,371.0,0.14930266061818354,6,170.0,0.41473556467403916,12,411.0,0.152036434159058,32,952.0
1960.0,31,166.0,1.4188034188034189,4.64216395662321,16,444.0,0.19364953592508707,5,113.0,0.3733791417205049,10,440.0,0.20451727782316925,31,997.0
1965.0,29,155.0,1.3839285714285714,4.059741537636164,10,459.0,0.23417890510672162,3,96.0,0.25360560265437104,16,494.0,0.17166454476214335,29,1049.0
1970.0,36,223.0,2.1037735849056602,3.9917602288773053,7,404.0,0.20982882133112427,9,114.0,0.38180081455744974,20,575.0,0.09491088376939534,36,1093.0
1975.0,38,254.0,2.3518518518518516,3.8659167238603804,6,419.0,0.2247484977621525,12,161.0,0.3102664989491802,20,590.0,0.10138950982975149,38,1170.0
1980.0,40,305.0,2.7232142857142856,3.914532242256333,9,436.0,0.1923613819526995,14,226.0,0.1566230672799744,17,513.0,0.11888040981767468,40,1175.0
1985.0,33,220.0,1.981981981981982,4.196823752857489,7,422.0,0.2030970360073042,11,238.0,0.31133717661838833,15,398.0,0.15616291883097655,33,1058.0
1990.0,21,94.0,0.8867924528301887,4.40339907245517,7,360.0,0.22418296188562328,4,166.0,0.3775582250976137,10,428.0,0.22147580067610878,21,954.0
1995.0,20,83.0,0.7904761904761904,4.6833591410976405,5,380.0,0.24512026951009247,3,81.0,0.37011486896155893,12,465.0,0.23405016708692009,20,926.0
2000.0,27,147.0,1.4271844660194175,5.072384167345241,7,384.0,0.3199202380796414,6,59.0,0.4086633899767105,14,536.0,0.21206520666820994,27,979.0
2005.0,25,123.0,1.1941747572815533,3.5434038652746067,6,354.0,0.19020289439460436,4,66.0,0.21758919564627976,15,531.0,0.1715458284412257,25,951.0
2010.0,28,104.0,1.0196078431372548,4.0607446813713315,7,301.0,0.2103955117582784,7,70.0,0.3515710473469015,14,463.0,0.13954593823084793,28,834.0
2015.0,17,59.0,0.5673076923076923,4.13183092745571,3,306.0,0.16761669829624443,4,76.0,0.46551323151288765,10,454.0,0.16856743230070434,17,836.0
2020.0,24,89.0,0.8165137614678899,4.751256385384711,7,325.0,0.22091205529364769,5,58.0,0.3494911519683764,12,493.0,0.199119286675912,24,876.0
2025.0,27,153.0,1.53,4.27438262779365,4,303.0,0.22938623840094233,6,72.0,0.33001367912741253,17,562.0,0.16275882432925085,27,937.0
2030.0,33,200.0,2.0618556701030926,3.3638673738181892,7,242.0,0.2308004615944857,4,64.0,0.25740710725468563,22,656.0,0.10150999354534249,33,962.0
2035.0,33,243.0,2.3365384615384617,4.262489924541034,7,176.0,0.2152897491166128,4,37.0,0.43664457907422977,22,677.0,0.09430419510331044,33,890.0
2040.0,23,137.0,1.3173076923076923,4.783431540047354,2,170.0,0.20540797118211765,2,25.0,0.6011858609717153,19,607.0,0.1413132409135082,23,802.0
2045.0,23,131.0,1.2718446601941749,5.309787870323335,5,155.0,0.23256701306996663,3,19.0,0.5395448649177347,15,482.0,0.2170447236959281,23,656.0
2050.0,29,173.0,1.696078431372549,5.231361120372296,9,183.0,0.25114903134007066,6,44.0,0.5412668433094043,14,425.0,0.22399764462727267,29,652.0
2055.0,28,211.0,2.0686274509803924,4.867752792173656,11,232.0,0.2401801264991439,9,79.0,0.36923430628951404,8,421.0,0.2781593222876581,28,732.0
2060.0,25,161.0,1.5940594059405941,4.704163171487445,11,237.0,0.21973512610514825,6,85.0,0.2767868527862615,8,432.0,0.29788801049723235,25,754.0
2065.0,22,100.0,0.9615384615384616,4.828748738691242,12,214.0,0.2066450110434026,3,61.0,0.3554402750498717,7,401.0,0.2762935797449771,22,676.0
2070.0,20,85.0,0.8252427184466019,4.898099498186969,8,240.0,0.17698408400244417,5,46.0,0.5165447336899466,7,318.0,0.21565575290335776,20,604.0
2075.0,28,99.0,0.9611650485436893,4.230753734720085,17,304.0,0.11991692273427798,4,56.0,0.36666331254783224,7,341.0,0.19056342110465874,28,701.0
2080.0,27,110.0,1.0891089108910892,4.170859584449904,12,330.0,0.14320354392220322,5,60.0,0.26379870389134646,10,370.0,0.2074440304143556,27,760.0
2085.0,17,69.0,0.71875,4.235378593193558,7,281.0,0.24947732500452016,2,56.0,0.35571518289367565,8,350.0,0.1776506824711411,17,687.0
2090.0,17,72.0,0.7741935483870968,4.514177243632002,5,225.0,0.3012894624181469,5,54.0,0.4533200324861481,7,269.0,0.15599213225588593,17,548.0
2095.0,16,73.0,0.73,4.589203169870385,6,195.0,0.19760313392788678,3,55.0,0.5427256107381986,7,280.0,0.17874335158741964,16,530.0
2100.0,11,40.0,0.39215686274509803,5.21625737825664,2,186.0,0.2985965948295582,0,23.0,0.5705814661994977,9,309.0,0.19840128074051624,11,518.0
2105.0,14,48.0,0.4528301886792453,5.376901993766373,4,171.0,0.3610517093463931,1,4.0,0.6463317963804246,9,288.0,0.18161214498118258,14,463.0
2110.0,18,82.0,0.803921568627451,5.3637923163993,8,198.0,0.44543304627146,2,10.0,0.5922872842398095,8,236.0,0.18934622299734433,18,444.0
2115.0,21,115.0,1.1616161616161615,4.704023145270754,8,200.0,0.3176899725230869,2,20.0,0.572208335832798,11,208.0,0.18024974416661577,21,428.0
2120.0,19,76.0,0.7238095238095238,4.230273031091508,9,166.0,0.25363892103883906,1,6.0,0.563970868902343,9,234.0,0.1456902244389174,19,406.0
2125.0,22,90.0,0.8333333333333334,4.904384122196531,11,164.0,0.26184613103677673,1,7.0,0.5280724258202987,10,242.0,0.15623396635250292,22,413.0
2130.0,27,140.0,1.308411214953271,4.701965180627977,7,184.0,0.17749457804641278,4,21.0,0.4830085973677604,16,277.0,0.15492379359596636,27,482.0
2135.0,26,150.0,1.4563106796116505,4.140156462348954,9,196.0,0.1692630267071562,1,21.0,0.4951345196682489,16,306.0,0.09085086737829744,26,523.0
2140.0,28,159.0,1.6224489795918366,4.876956998175952,11,247.0,0.2278206875543405,3,15.0,0.5445739188327781,14,266.0,0.19306403388662036,28,528.0
2145.0,19,108.0,1.1020408163265305,4.654446911185415,10,257.0,0.2399392303144512,1,12.0,0.4746291748252561,8,209.0,0.21154099249305258,19,478.0
2150.0,19,104.0,1.04,5.601821158510487,9,219.0,0.2442505050457652,4,31.0,0.6027698973802254,6,163.0,0.2300923029396783,19,413.0
2155.0,15,41.0,0.3942307692307692,5.325344990728202,7,216.0,0.2079778424811098,1,27.0,0.49977863770521924,7,161.0,0.3155415787241014,15,404.0
2160.0,22,84.0,0.8316831683168316,5.4858018203152525,11,250.0,0.23520581476582314,3,15.0,0.38753048416163116,8,182.0,0.302204284889542,22,447.0
2165.0,21,78.0,0.7878787878787878,4.771827456810007,8,257.0,0.2194730241441616,3,27.0,0.3968067430649066,10,186.0,0.24065323854423865,21,470.0
2170.0,19,62.0,0.6739130434782609,4.639133408176575,9,227.0,0.24762105559719128,1,16.0,0.48703754146506195,9,165.0,0.2414978285599688,19,408.0
2175.0,22,129.0,1.316326530612245,5.65634774540955,9,203.0,0.20330348188076905,6,23.0,0.5704967458075263,7,134.0,0.23141405775161297,22,360.0
2180.0,22,171.0,1.693069306930693,5.431964710596367,10,199.0,0.17944361370490866,7,50.0,0.5470639887215167,5,139.0,0.2556202344901661,22,388.0
2185.0,20,157.0,1.5544554455445545,5.109557625339257,4,192.0,0.2179631111942845,9,90.0,0.3322550426173922,7,138.0,0.25629419562087385,20,420.0
2190.0,24,116.0,1.1717171717171717,4.369685867640282,5,131.0,0.2215145290429641,9,116.0,0.2347344306310476,10,139.0,0.1930369007564128,24,386.0
2195.0,18,65.0,0.6914893617021277,4.847530287883873,4,126.0,0.3135141304365881,4,104.0,0.3580407515381105,10,134.0,0.24576754631869843,18,364.0
2200.0,11,31.0,0.32978723404255317,5.057835599553106,3,110.0,0.3614315968518281,2,63.0,0.4237489371617855,6,132.0,0.2533373656428153,11,305.0
2205.0,15,70.0,0.7070707070707071,5.5207766236677545,5,88.0,0.3956304519189748,2,49.0,0.5410743199492803,8,133.0,0.22083304885000046,15,270.0
2210.0,16,98.0,0.9607843137254902,5.384948281902696,4,88.0,0.43089007201908214,2,32.0,0.6572041818994592,10,145.0,0.11700789012924696,16,265.0
2215.0,12,73.0,0.73,5.082791314439123,1,49.0,0.3763847512392381,3,42.0,0.6081007716417868,8,128.0,0.1678929266644915,12,219.0
2220.0,13,41.0,0.38317757009345793,5.185707770499086,6,33.0,0.3426943718566029,3,6.0,0.5234408020878158,4,137.0,0.19802149823347426,13,176.0
2225.0,26,74.0,0.6666666666666666,4.104482145403653,10,54.0,0.21294680135162797,5,19.0,0.3195655528983324,11,151.0,0.1472197639246324,26,224.0
2230.0,25,129.0,1.2169811320754718,3.850570095184815,7,67.0,0.2534831185113722,4,30.0,0.2929759717498059,14,206.0,0.12971627174320255,25,303.0
2235.0,19,109.0,1.0092592592592593,3.708918791776948,2,62.0,0.2696448535722112,3,24.0,0.47324992616649203,14,236.0,0.1299191611186717,19,322.0
2240.0,26,134.0,1.2072072072072073,4.476803470761646,7,64.0,0.29493363162268893,4,39.0,0.557616652753168,15,224.0,0.13001059488523342,26,327.0
2245.0,24,70.0,0.6306306306306306,3.466157551728818,8,84.0,0.14080269495894024,3,26.0,0.35901864503302067,13,261.0,0.14482204744300184,24,371.0
2250.0,31,106.0,0.9814814814814815,4.074059960939921,10,91.0,0.1355732143681265,4,21.0,0.5534270347138546,17,317.0,0.09894770421148548,31,429.0
2255.0,23,89.0,0.8476190476190476,3.8329499865200574,5,103.0,0.17068846892005166,4,40.0,0.48994066905664374,14,340.0,0.09016825887194099,23,483.0
2260.0,20,76.0,0.7450980392156863,3.596345640878418,9,121.0,0.15785763156763835,4,43.0,0.29275980379993044,7,315.0,0.1540093423601791,20,479.0
2265.0,13,62.0,0.6262626262626263,4.498864698872492,9,137.0,0.20564028909003346,2,30.0,0.4571671067722973,2,252.0,0.24110405205468083,13,419.0
2270.0,12,34.0,0.33663366336633666,4.406448263647757,9,125.0,0.19257701704267968,1,9.0,0.6446666409641435,2,231.0,0.1732616361415971,12,365.0
2275.0,20,80.0,0.7766990291262136,4.640329730192552,9,113.0,0.18748852616927633,5,23.0,0.4165815908416197,6,254.0,0.15937838369187465,20,390.0
2280.0,21,84.0,0.8235294117647058,3.8049650659001033,7,130.0,0.18682477149041488,6,51.0,0.30825633367638894,8,257.0,0.16062515435723174,21,438.0
2285.0,18,54.0,0.5294117647058824,4.109940620578551,10,136.0,0.14483984901677321,5,55.0,0.3693426490211012,3,209.0,0.20384172940794254,18,400.0
2290.0,18,103.0,1.0098039215686274,5.081491754992861,15,193.0,0.21834184987648297,2,22.0,0.49166611480258265,1,155.0,0.26642000975422575,18,370.0
2295.0,19,107.0,1.0594059405940595,5.165008936391192,14,224.0,0.18409909303259214,3,33.0,0.4525176745840566,2,107.0,0.29902800683360736,19,364.0
2300.0,23,109.0,1.101010101010101,5.53814609566471,14,209.0,0.1414232157566389,7,50.0,0.48650526282085055,2,76.0,0.398889494301739,23,335.0
2305.0,26,153.0,1.53,5.434184338987527,14,257.0,0.13484287863778954,10,91.0,0.42479284212106455,2,60.0,0.5196538883372092,26,408.0
2310.0,25,140.0,1.386138613861386,5.506698860574699,14,305.0,0.14020161802993472,9,98.0,0.2813709000815887,2,46.0,0.6001895428671786,25,449.0
2315.0,24,148.0,1.48,5.149745553567905,18,374.0,0.1582038512055843,4,74.0,0.27925056962420275,2,13.0,0.4935961452270912,24,461.0
2320.0,24,146.0,1.5208333333333333,5.375965209496004,15,395.0,0.21296779793233309,3,44.0,0.31038635097067946,6,35.0,0.4235491835257676,24,474.0
2325.0,23,151.0,1.6593406593406594,5.147579150202946,10,339.0,0.21621563458519488,4,50.0,0.48038476389439694,9,75.0,0.388804971563279,23,464.0
2330.0,25,163.0,1.7340425531914894,4.864600620046665,10,275.0,0.2815300586406755,5,66.0,0.5529104694678849,10,94.0,0.22339367612952057,25,435.0
2335.0,16,69.0,0.69,4.736003894614431,6,274.0,0.2445075068895616,3,62.0,0.44104787598487183,7,89.0,0.25995886953606817,16,425.0
2340.0,21,65.0,0.6190476190476191,4.820311274340238,11,301.0,0.18867922887885363,5,45.0,0.4257763562519833,5,98.0,0.2755973552695565,21,444.0
2345.0,28,121.0,1.1634615384615385,4.743386747299254,11,310.0,0.1775286046101858,8,56.0,0.357313259255247,9,133.0,0.16105581909811914,28,499.0
2350.0,27,97.0,1.0210526315789474,3.525703959141539,8,254.0,0.1779008628400643,8,74.0,0.2063313934080914,11,149.0,0.12079440071359167,27,477.0
2355.0,13,46.0,0.4791666666666667,4.794810647603748,3,263.0,0.26790738457063434,5,58.0,0.41263947319030303,5,128.0,0.2674836991730945,13,449.0
2360.0,17,82.0,0.8367346938775511,5.248979530433708,7,274.0,0.22719908165013286,4,46.0,0.5359984431748239,6,132.0,0.28540751811524673,17,452.0
2365.0,28,137.0,1.3979591836734695,4.175543842438126,11,278.0,0.16044239856320658,7,69.0,0.2940601680443589,10,158.0,0.27044614327121025,28,505.0
2370.0,19,67.0,0.6836734693877551,3.8024366062130013,7,229.0,0.16318883594061168,4,61.0,0.29455845792515106,8,157.0,0.19804368794621052,19,447.0
2375.0,12,72.0,0.7422680412371134,4.974396435561774,4,179.0,0.21844852348085222,4,35.0,0.5505625863167409,4,114.0,0.1470965099539364,12,328.0
2380.0,12,64.0,0.6464646464646465,5.579640549456775,3,165.0,0.2360182703584202,4,46.0,0.5694439693667728,5,73.0,0.17046737168170426,12,284.0
2385.0,13,57.0,0.6,5.883546368248403,8,175.0,0.19179317294231424,2,35.0,0.5105058048728278,3,68.0,0.2953943997355162,13,278.0
2390.0,14,72.0,0.8089887640449438,5.7020595415398825,10,186.0,0.21225214652739094,1,9.0,0.5290375481691272,3,65.0,0.2967219792893338,14,260.0
2395.0,9,31.0,0.36046511627906974,6.290120772039975,7,150.0,0.25105725121920164,1,11.0,0.6667743523669946,1,51.0,0.41613683546908964,9,212.0
2400.0,9,50.0,0.5494505494505495,6.952349032838881,4,89.0,0.26428175933884046,1,16.0,0.6997336879079394,4,49.0,0.4637071808697091,9,154.0
2405.0,12,43.0,0.4777777777777778,5.799361907151757,4,82.0,0.23788537645971633,4,27.0,0.5498108438325153,4,56.0,0.4079490086764213,12,165.0
2410.0,13,73.0,0.8021978021978022,5.40424161014565,6,93.0,0.22694130572463858,4,49.0,0.547728666921001,3,45.0,0.336762919860893,13,187.0
2415.0,17,97.0,1.0210526315789474,5.447058849283922,11,98.0,0.18053603731744924,4,69.0,0.5936483954732249,2,26.0,0.3925939610735769,17,193.0
2420.0,10,44.0,0.4536082474226804,5.329248196701785,7,88.0,0.18751701685634284,1,54.0,0.6063811203952078,2,22.0,0.39906644257752594,10,164.0
2425.0,17,90.0,0.9090909090909091,5.522531087850463,8,81.0,0.19576993014488034,4,33.0,0.43956562062235827,5,42.0,0.318411875641562,17,156.0
2430.0,13,42.0,0.4329896907216495,4.570633376134032,4,85.0,0.1871911128398472,4,23.0,0.3297233228873789,5,49.0,0.2211836113487467,13,157.0
2435.0,11,39.0,0.42391304347826086,5.746302530938414,7,78.0,0.22822432795665826,1,17.0,0.6043279317723903,3,42.0,0.2844586132732381,11,137.0
2440.0,13,52.0,0.5977011494252874,5.8646453692200184,8,98.0,0.18246296203740833,1,14.0,0.7037612274477686,4,34.0,0.33036680487798414,13,146.0
2445.0,17,63.0,0.7411764705882353,5.515236811128023,11,103.0,0.17730964088577505,1,6.0,0.5694749456424398,5,45.0,0.4449669837771999,17,154.0
2450.0,11,35.0,0.3977272727272727,5.388998194333261,5,122.0,0.1602002863048438,5,22.0,0.5052063889911611,1,22.0,0.457935360967588,11,166.0
2455.0,13,48.0,0.5333333333333333,4.9707532857282395,8,123.0,0.14839185089240614,0,22.0,0.37884713773376977,5,23.0,0.32587684429637453,13,168.0
2460.0,14,37.0,0.42528735632183906,4.168159554442787,9,132.0,0.1717594723579726,0,2.0,0.2347624206195314,5,30.0,0.369484533966525,14,164.0
2465.0,13,30.0,0.3409090909090909,5.170971898310162,11,126.0,0.18606196551827686,1,8.0,0.5731053453362855,1,21.0,0.4378414603909341,13,155.0
2470.0,11,27.0,0.2872340425531915,5.478314270597101,9,157.0,0.14204006749984074,0,4.0,0.6091041325645129,2,12.0,0.4736433751311724,11,173.0
2475.0,16,44.0,0.43564356435643564,5.435239481999709,9,189.0,0.12503434823050716,5,14.0,0.5013577147442844,2,8.0,0.4415968025718333,16,211.0
2480.0,21,64.0,0.6530612244897959,4.218602762781932,10,209.0,0.1104500631871452,3,21.0,0.29381151802228705,8,25.0,0.2699820458204656,21,255.0
2485.0,19,60.0,0.6521739130434783,4.22608097041084,10,199.0,0.17575842688538007,4,28.0,0.3903205894363022,5,40.0,0.2512284157863065,19,267.0
2490.0,14,42.0,0.45652173913043476,4.159763651037572,8,215.0,0.12866460747602734,2,32.0,0.41949447839815174,4,37.0,0.3049957284092981,14,284.0
2495.0,16,65.0,0.6842105263157895,5.13354208051808,8,227.0,0.15100189638597075,5,43.0,0.5389450038448423,3,35.0,0.3362609393070744,16,305.0
2500.0,19,79.0,0.8404255319148937,4.281413771163557,10,232.0,0.11672037048946883,6,52.0,0.3399554442319579,3,40.0,0.364782830814181,19,324.0
2505.0,16,61.0,0.6421052631578947,4.981817269210452,11,210.0,0.1711840343411951,4,52.0,0.36783826976460304,1,16.0,0.5065061491218477,16,278.0
2510.0,14,52.0,0.5591397849462365,5.199798240672946,7,213.0,0.19638528320169554,3,50.0,0.42508247434688573,4,24.0,0.44020732591726947,14,287.0
2515.0,18,76.0,0.8,4.772414547996557,10,206.0,0.15868751821902458,4,47.0,0.3766548325682543,4,28.0,0.28496269687052733,18,281.0
2520.0,16,38.0,0.4222222222222222,3.8184946364801484,11,212.0,0.10321405579859659,3,30.0,0.3674627263698862,2,18.0,0.36231446671805645,16,260.0
2525.0,21,72.0,0.7659574468085106,4.509909620928726,10,190.0,0.15085008467139696,7,44.0,0.3569347676400736,4,19.0,0.2818018214851805,21,253.0
2530.0,17,56.0,0.6021505376344086,4.09314087815604,6,200.0,0.16884563748886147,5,60.0,0.2587686857639081,6,39.0,0.2487762581032267,17,299.0
2535.0,18,70.0,0.7692307692307693,4.38736415752247,10,218.0,0.15381115933982803,4,49.0,0.2836045261372732,4,47.0,0.3197409021246089,18,314.0
2540.0,20,82.0,0.9534883720930233,3.8521849337506433,13,233.0,0.1105485348017261,3,43.0,0.4141289327275372,4,42.0,0.3346962376993937,20,318.0
2545.0,17,58.0,0.6744186046511628,4.244562074906773,10,204.0,0.12044263824779321,3,37.0,0.5014613095982269,4,34.0,0.3943119266898577,17,275.0
2550.0,12,56.0,0.6292134831460674,4.807825642749016,5,209.0,0.12771700690746374,5,52.0,0.4473307504074696,2,31.0,0.42610781421770105,12,292.0
2555.0,18,75.0,0.8152173913043478,4.572086923949831,13,256.0,0.08830131051595681,4,56.0,0.44728104433708454,1,28.0,0.4545001304786397,18,340.0
2560.0,16,63.0,0.6774193548387096,4.529029161893987,8,266.0,0.13048328035188958,4,41.0,0.4041462048460964,4,31.0,0.5294813077860304,16,338.0
2565.0,10,53.0,0.5463917525773195,5.244485109774366,4,214.0,0.17255639173090476,4,45.0,0.3518727683568659,2,36.0,0.6591516756400064,10,295.0
2570.0,9,78.0,0.7878787878787878,5.532468493876806,3,141.0,0.21313986017108436,3,60.0,0.31424508333350326,3,46.0,0.5913996179320692,9,247.0
2575.0,10,25.0,0.24271844660194175,5.461959770732776,6,99.0,0.22369202964080223,2,50.0,0.3430717371764269,2,18.0,0.4708284088533429,10,167.0
2580.0,17,73.0,0.6886792452830188,6.030940756633797,6,97.0,0.3139944136626303,7,61.0,0.289027667037363,4,9.0,0.3073676703776387,17,167.0
2585.0,13,42.0,0.42,5.494969887518886,1,73.0,0.3776714505735104,7,77.0,0.21643973938408392,5,27.0,0.2779686102801708,13,177.0
2590.0,16,46.0,0.5054945054945055,5.324217449118914,7,74.0,0.3623029698687595,5,70.0,0.18782310648066355,4,32.0,0.3674822093711407,16,176.0
2595.0,14,37.0,0.4065934065934066,5.193121151142584,6,88.0,0.25799496324116816,5,67.0,0.15817674306648152,3,35.0,0.4680859514146053,14,190.0
2600.0,14,47.0,0.5402298850574713,5.660170246268178,5,71.0,0.22566715265041076,5,74.0,0.32188955004322356,4,41.0,0.5235346599499228,14,186.0
2605.0,10,44.0,0.5,5.658691544231001,2,50.0,0.2755924138057736,3,74.0,0.4351712987154941,5,39.0,0.35799965390957644,10,163.0
2610.0,7,61.0,0.7093023255813954,6.54555129068178,1,32.0,0.3605597721924689,2,78.0,0.5560128838007998,4,41.0,0.3230361435083739,7,151.0
2615.0,7,82.0,0.9213483146067416,7.084375594175683,2,25.0,0.36798607773506026,2,77.0,0.5523761118377584,3,42.0,0.41038129757687036,7,144.0
2620.0,9,116.0,1.288888888888889,7.7548229481832145,4,30.0,0.4699722286349828,2,82.0,0.5481040506287835,3,48.0,0.49579600239890476,9,160.0
2625.0,8,14.0,0.15217391304347827,6.7867798397837875,3,14.0,0.4537261189602343,2,29.0,0.43394249825141334,3,28.0,0.3926282341273628,8,71.0
2630.0,22,91.0,1.011111111111111,5.393757006988825,8,30.0,0.3001322398183811,6,48.0,0.17431259623441508,8,59.0,0.2848133946006003,22,137.0
2635.0,29,136.0,1.6790123456790123,3.6391907599446878,14,85.0,0.08797689289767799,6,61.0,0.12205914549429646,9,82.0,0.16929801088398827,29,228.0
2640.0,24,111.0,1.4605263157894737,4.131998177271253,14,132.0,0.12782103368388925,2,47.0,0.30518095179462973,8,84.0,0.22613598841071628,24,263.0
2645.0,12,76.0,0.987012987012987,6.751859761222138,6,130.0,0.2937970165488967,2,25.0,0.4875783388024427,4,69.0,0.47178489654971667,12,224.0
2650.0,8,68.0,0.8607594936708861,7.232163193994982,3,97.0,0.4115651314251181,1,18.0,0.4297533347503852,4,70.0,0.5540751458243964,8,185.0
2655.0,13,115.0,1.4556962025316456,7.262604665407642,2,65.0,0.4173760555765946,7,43.0,0.3743281019839259,4,77.0,0.5955574844980517,13,185.0
2660.0,11,120.0,1.5384615384615385,6.228733999300555,2,53.0,0.4322948458319233,5,56.0,0.26990314111600694,4,94.0,0.4123540601948544,11,203.0
2665.0,11,38.0,0.5066666666666667,6.153358941616522,7,75.0,0.3909962220825492,2,33.0,0.28237618260128267,2,57.0,0.4446359214180921,11,165.0
2670.0,14,42.0,0.56,5.920783451695688,6,77.0,0.3265889620456833,2,25.0,0.2865843888808013,6,26.0,0.4679085583379845,14,128.0
2675.0,6,14.0,0.19444444444444445,6.592100438537624,2,41.0,0.2780304989158661,2,18.0,0.3860899328114535,2,24.0,0.6629022745914696,6,83.0
2680.0,6,16.0,0.2222222222222222,6.885876394655537,3,26.0,0.28518199340297645,3,26.0,0.4682627622973075,0,7.0,0.6095391410849662,6,59.0
2685.0,9,53.0,0.6883116883116883,7.0448142935984075,2,29.0,0.38040451750495163,4,37.0,0.385899391821779,3,10.0,0.5434774516366881,9,76.0
2690.0,11,67.0,0.8271604938271605,7.503310015744883,3,31.0,0.5114970931236974,4,41.0,0.3299754948538117,4,25.0,0.5508719979386464,11,97.0
2695.0,11,90.0,1.1111111111111112,7.547842558806272,4,43.0,0.5623596780361241,3,34.0,0.3518003531622639,4,42.0,0.4809092239346526,11,119.0
2700.0,2,13.0,0.16666666666666666,7.29007242176217,0,6.0,0.5087844575616504,1,22.0,0.30879221577361754,1,25.0,0.6090914769204708,2,53.0
2705.0,14,55.0,0.6875,7.218376086900529,6,20.0,0.40775275528807187,4,29.0,0.2909819871709464,4,16.0,0.5382612046481905,14,65.0
2710.0,11,55.0,0.7534246575342466,6.800130867892278,5,32.0,0.3188190695584892,3,40.0,0.38909263450360526,3,21.0,0.5404735946326654,11,93.0
2715.0,7,25.0,0.36231884057971014,6.647415950353951,5,35.0,0.2845809019011573,1,30.0,0.477888332126942,1,13.0,0.6139984790552442,7,78.0
2720.0,9,31.0,0.4246575342465753,6.7056477287880565,3,47.0,0.26495795735495237,4,20.0,0.44642456210386594,2,12.0,0.5725908963158007,9,79.0
2725.0,13,67.0,0.8933333333333333,6.445734174582792,7,58.0,0.19488560617718909,5,35.0,0.3518255886082731,1,17.0,0.6838607223728298,13,110.0
2730.0,14,69.0,1.0,6.0468441550685075,8,81.0,0.30585647757292517,4,39.0,0.2152263083245433,2,24.0,0.7084876035026159,14,144.0
2735.0,12,69.0,0.9857142857142858,6.1373765938859455,5,67.0,0.33303417162118454,5,46.0,0.35380143467291963,2,34.0,0.6631465672747604,12,147.0
2740.0,13,97.0,1.3472222222222223,6.606890556735611,6,48.0,0.34720817991376374,3,51.0,0.4423598476878843,4,44.0,0.47426359854893585,13,143.0
2745.0,8,73.0,1.0138888888888888,7.020245863919475,6,55.0,0.3350799758907339,0,32.0,0.5413074205897176,2,56.0,0.492249190914038,8,143.0
2750.0,8,80.0,1.0810810810810811,7.066993192164571,1,42.0,0.3915750036847585,5,29.0,0.4538657612709194,2,66.0,0.5599408827155847,8,137.0
2755.0,14,109.0,1.5352112676056338,5.556465404828326,6,53.0,0.34398362889977446,4,40.0,0.24069249102841903,4,79.0,0.4592500476281116,14,172.0
2760.0,15,128.0,1.8028169014084507,5.059306433209083,6,67.0,0.2972255470507213,4,44.0,0.16590682986242575,5,102.0,0.48533985360556336,15,213.0
2765.0,6,19.0,0.27941176470588236,5.181404245579991,3,57.0,0.2758024075405978,3,56.0,0.33577403199005174,0,27.0,0.5415616922866222,6,140.0
2770.0,14,67.0,0.9305555555555556,6.1497277247732685,4,43.0,0.25938618249962814,9,81.0,0.2867113514492285,1,6.0,0.5622129038275819,14,130.0
2775.0,16,80.0,1.095890410958904,6.171412815861353,3,47.0,0.37397650283731565,10,103.0,0.26635899539548996,3,6.0,0.4633507117282858,16,156.0
2780.0,9,84.0,1.2,7.794896912342783,3,58.0,0.644250395785273,4,97.0,0.32418240977409934,2,17.0,0.6440616667758691,9,172.0
2785.0,4,28.0,0.3888888888888889,7.224210945794741,2,23.0,0.4442303785374895,0,64.0,0.3735893157245016,2,27.0,0.6099749240141885,4,114.0
2790.0,9,30.0,0.42857142857142855,7.4518894811963055,6,28.0,0.36500098072049364,1,29.0,0.5076128589952811,2,20.0,0.5878374492372411,9,77.0
2795.0,11,36.0,0.5454545454545454,6.998287066388934,4,42.0,0.329161566110272,2,14.0,0.617428480112001,5,16.0,0.4859497642636756,11,72.0
2800.0,6,25.0,0.4032258064516129,6.836862494572476,3,32.0,0.3408409121333306,1,16.0,0.6610423106551865,2,22.0,0.5007777914108568,6,70.0
2805.0,5,11.0,0.171875,7.209302090627984,3,31.0,0.2942865202304131,1,7.0,0.6100023716546231,1,10.0,0.5257094133078473,5,48.0
2810.0,9,35.0,0.5072463768115942,8.557096593078041,2,30.0,0.3537572712219154,5,25.0,0.5813452690168465,2,8.0,0.5763954249871651,9,63.0
2815.0,12,81.0,1.1911764705882353,8.280388280422507,3,32.0,0.5087953661714874,8,57.0,0.44438452608783185,1,13.0,0.5969767498841206,12,102.0
2820.0,13,78.0,1.2380952380952381,7.7974597950057,2,34.0,0.6937585884721935,8,72.0,0.2850564694545969,3,22.0,0.5233031648237455,13,128.0
2825.0,9,80.0,1.2903225806451613,8.025672592558267,3,40.0,0.5941536695667619,3,43.0,0.41639162747341957,3,37.0,0.4780933795199765,9,120.0
2830.0,6,58.0,0.9830508474576272,8.468845157047715,3,48.0,0.5619800166931467,1,27.0,0.5087638233880832,2,18.0,0.5835691729539845,6,93.0
2835.0,3,26.0,0.4727272727272727,9.536389414581262,0,25.0,0.6585626133853696,1,23.0,0.5323539848000951,2,11.0,0.7270433842641014,3,59.0
2840.0,2,26.0,0.5098039215686274,9.366644078335975,1,6.0,0.5615379496135705,1,22.0,0.5879421441047336,0,8.0,0.6706383974908641,2,36.0
2845.0,3,2.0,0.043478260869565216,8.461084934198078,1,0.0,0.5081446955037533,2,4.0,0.3764473655452144,0,0.0,0.6980513816790747,3,4.0
2850.0,7,21.0,0.44680851063829785,7.767222426468152,2,3.0,0.4005233878259187,5,22.0,0.4797802491624286,0,0.0,0.6249342112626328,7,25.0
2855.0,9,52.0,1.1063829787234043,7.927227921716049,2,4.0,0.49574017613705096,6,52.0,0.40700901068466816,1,0.0,0.6257862126481145,9,56.0
2860.0,15,110.0,2.391304347826087,7.0775336727192615,6,24.0,0.3074236855532622,8,90.0,0.25071074560398204,1,0.0,0.7720881243845926,15,114.0
2865.0,10,74.0,1.6444444444444444,6.714838712268745,4,36.0,0.42881659692671054,6,93.0,0.25624319265006695,0,0.0,0.7056369147973973,10,129.0
2870.0,2,12.0,0.2727272727272727,8.78031206391723,0,23.0,0.7014087862575847,2,80.0,0.4926293184176966,0,2.0,0.7056680732341474,2,105.0
2875.0,3,5.0,0.10204081632653061,8.442330410607173,2,16.0,0.5273460046427038,1,39.0,0.49929961637149073,0,2.0,0.7631624756882753,3,57.0
2880.0,11,39.0,0.7090909090909091,7.810840830515432,6,35.0,0.4878074989847095,2,29.0,0.5655330780561258,3,8.0,0.5961138093347742,11,72.0
2885.0,4,10.0,0.17543859649122806,6.934694142192578,2,38.0,0.4855061090573629,2,19.0,0.31769616046424387,0,8.0,0.5386762096008146,4,65.0
2890.0,9,28.0,0.5,6.704453436333324,1,13.0,0.34173145521570614,6,34.0,0.36067908663014836,2,4.0,0.6292973301458655,9,51.0
2895.0,9,40.0,0.6666666666666666,7.948513423700403,3,17.0,0.38295735002361536,3,38.0,0.5729601657026054,3,14.0,0.5600086851385208,9,69.0
2900.0,4,11.0,0.18032786885245902,8.591728861812003,2,10.0,0.4897692883245509,1,21.0,0.6829293736393482,1,6.0,0.6479746688396594,4,37.0
2905.0,12,49.0,0.8166666666666667,8.233976503705746,7,26.0,0.4113269536728311,3,18.0,0.6000385968833702,2,9.0,0.6644786540040353,12,53.0
2910.0,10,56.0,1.018181818181818,6.838154867714264,6,48.0,0.3874653755326714,3,33.0,0.42301036732300584,1,10.0,0.5860102697948459,10,91.0
2915.0,4,13.0,0.24074074074074073,7.3333292086759965,1,32.0,0.3901336321302241,1,15.0,0.5739934500037182,2,8.0,0.6021165251641742,4,55.0
2920.0,7,32.0,0.5245901639344263,8.426653017399023,3,16.0,0.32048511458290413,3,15.0,0.6898797927775256,1,10.0,0.6483409744058789,7,41.0
2925.0,4,37.0,0.5873015873015873,8.703779974812432,1,3.0,0.4151721167298079,2,25.0,0.6208626179115642,1,15.0,0.719052317491523,4,43.0
2930.0,9,43.0,0.7049180327868853,7.600106722479405,8,23.0,0.2913094151708676,0,16.0,0.5279274516770797,1,20.0,0.610443074638145,9,59.0
2935.0,8,43.0,0.7288135593220338,6.8974402867936595,3,37.0,0.3566790242320465,1,3.0,0.37817527739846285,4,32.0,0.547766382647476,8,72.0
2940.0,2,11.0,0.2,8.514578209152711,0,21.0,0.5525522515898835,2,13.0,0.4959599720174947,0,10.0,0.6742076677184888,2,44.0
2945.0,6,33.0,0.6226415094339622,9.286658896920539,1,9.0,0.6413735111407066,2,23.0,0.6935854454612373,3,13.0,0.5344625758719895,6,45.0
2950.0,8,67.0,1.2407407407407407,8.117575925280947,1,8.0,0.5762277320499449,2,31.0,0.7326406758227222,5,32.0,0.41251519624700705,8,71.0
2955.0,9,69.0,1.2105263157894737,7.6761636289847495,3,16.0,0.5705864241134636,2,41.0,0.651857844509891,4,39.0,0.3808629738950445,9,96.0
2960.0,4,32.0,0.5517241379310345,9.003049015384441,2,26.0,0.6668269852024036,1,2.0,0.6919304365680126,1,18.0,0.546152045523379,4,46.0
2965.0,8,57.0,0.890625,9.101244322722504,3,37.0,0.5612574967866976,4,11.0,0.5842283841556862,1,11.0,0.5993334131118276,8,59.0
2970.0,9,56.0,0.875,8.20441334790629,0,6.0,0.38935609119746434,6,34.0,0.5232828898953992,3,24.0,0.5808039888523214,9,64.0
2975.0,12,50.0,0.819672131147541,7.176396946067089,5,17.0,0.4558561324088915,5,48.0,0.3861404840720794,2,21.0,0.38422346666638746,12,86.0
2980.0,6,25.0,0.43859649122807015,7.475723179648666,1,19.0,0.5710761150282284,2,44.0,0.30414248815946815,3,19.0,0.5060259779199379,6,82.0
2985.0,9,25.0,0.4716981132075472,8.09372112081778,3,14.0,0.6743986220684229,2,34.0,0.5852168974193935,4,19.0,0.4470717371951447,9,67.0
2990.0,7,55.0,1.1224489795918366,8.849035325039678,2,18.0,0.6903567017856465,2,33.0,0.5538492724673509,3,23.0,0.5747495105325476,7,74.0
2995.0,4,32.0,0.5925925925925926,8.643575394244808,2,28.0,0.6528040474940517,2,27.0,0.6930439602036157,0,17.0,0.4961297727630286,4,72.0
3000.0,9,69.0,1.2105263157894737,8.600526324618084,2,38.0,0.5973770795323203,3,27.0,0.5020813434044713,4,17.0,0.4559588883106167,9,82.0
3005.0,6,13.0,0.24528301886792453,6.2326710149619755,0,22.0,0.45394764975939605,1,24.0,0.30446631717193895,5,27.0,0.21940729868676392,6,73.0
3010.0,9,27.0,0.5294117647058824,7.755571416341528,6,15.0,0.39363024319023887,1,8.0,0.5331480699474562,2,21.0,0.46494773327476274,9,44.0
3015.0,6,34.0,0.6666666666666666,8.498039865943836,3,26.0,0.4644632466645333,1,10.0,0.6625245012731159,2,23.0,0.6255015079906818,6,59.0
3020.0,6,53.0,1.06,8.641381788428712,1,17.0,0.4771880789545164,2,22.0,0.6867390561454094,3,33.0,0.6195259842567193,6,72.0
3025.0,4,24.0,0.4528301886792453,8.00844946554491,3,23.0,0.44438628556364,0,10.0,0.6350281996896304,1,19.0,0.5104710793974326,4,52.0
3030.0,8,17.0,0.3148148148148148,8.123707167696157,3,12.0,0.5297200269826695,0,2.0,0.5971401033221807,5,18.0,0.44954114142657126,8,32.0
3035.0,3,15.0,0.30612244897959184,8.642993616773948,2,13.0,0.6620040118761621,0,2.0,0.5980388231341185,1,22.0,0.4818652294643659,3,37.0
3040.0,1,3.0,0.06382978723404255,8.90280917333571,0,3.0,0.6333766233544617,1,5.0,0.6373672860216191,0,4.0,0.574215569279737,1,12.0
3045.0,5,6.0,0.125,8.882413209839694,1,0.0,0.611113775393037,3,10.0,0.5352587943479924,1,0.0,0.6030752591247728,5,10.0
3050.0,6,28.0,0.5714285714285714,10.073752412273,1,2.0,0.70481444044236,5,30.0,0.5845675455696934,0,0.0,0.7445658059578418,6,32.0
3055.0,1,7.0,0.15555555555555556,8.507314345052706,0,0.0,0.47428641442186403,1,27.0,0.5523596857254092,0,0.0,0.7486023713842441,1,27.0
3060.0,8,17.0,0.3695652173913043,7.965546626201549,7,19.0,0.390158202602416,0,9.0,0.5585234204948879,1,2.0,0.7495949302997235,8,30.0
3065.0,2,6.0,0.13333333333333333,9.452086136841192,2,25.0,0.578771260881348,0,0.0,0.6486772409436502,0,2.0,0.839753692934019,2,27.0
3070.0,2,0.0,0.0,10.212842188545151,1,8.0,0.5788590665208083,0,2.0,0.8664019087025846,1,2.0,0.8087819840362894,2,12.0
3075.0,3,6.0,0.12244897959183673,8.677954000946368,2,12.0,0.4313279257170164,1,4.0,0.6139718837763073,0,0.0,0.8135706547044985,3,16.0
3080.0,11,44.0,0.8301886792452831,7.762097618638046,7,36.0,0.2737280326659213,4,18.0,0.4499812048735025,0,0.0,0.8076440250546563,11,54.0
3085.0,8,30.0,0.6122448979591837,6.964912389637168,6,54.0,0.2653787469564383,2,22.0,0.3614484721320887,0,0.0,0.7733551331306966,8,76.0
3090.0,2,4.0,0.08333333333333333,9.166208963251785,2,36.0,0.4334815781325111,0,12.0,0.6897618445009246,0,2.0,0.8727522754348286,2,50.0
3095.0,3,2.0,0.04081632653061224,10.23924670225686,2,13.0,0.594432471283818,0,2.0,0.8231707024641263,1,2.0,0.7420869630584246,3,17.0
3100.0,1,7.0,0.14285714285714285,11.59325890091283,1,8.0,0.7614122247159637,0,0.0,0.8507266944034909,0,2.0,0.9096682898665278,1,10.0
3105.0,3,14.0,0.30434782608695654,10.976573181671938,2,13.0,0.7445953576473584,0,0.0,0.8279319507999439,1,1.0,0.6378345144777986,3,14.0
3110.0,3,25.0,0.5208333333333334,10.180114017687037,2,23.0,0.7200657799923752,0,0.0,0.8281035066985866,1,2.0,0.5619535487458571,3,25.0
3115.0,6,15.0,0.28846153846153844,9.017691883404966,1,1.0,0.5879277456865334,1,0.0,0.7296041861842912,4,14.0,0.5250254589923439,6,15.0
3120.0,6,20.0,0.39215686274509803,8.656804637740434,5,16.0,0.49399857997797036,0,0.0,0.7097076736067708,1,18.0,0.6019071123878837,6,34.0
3125.0,6,11.0,0.21568627450980393,7.240187043219505,2,19.0,0.41220326866968904,1,4.0,0.4674302359223317,3,5.0,0.5723039683577043,6,28.0
3130.0,7,32.0,0.6274509803921569,8.02033866875,1,7.0,0.3933194320790602,4,20.0,0.606422996718362,2,15.0,0.5657011619812221,7,42.0
3135.0,5,37.0,0.6491228070175439,9.166716125906994,2,6.0,0.47948259947875566,1,25.0,0.6856236012244428,2,25.0,0.6019478351733016,5,56.0
3140.0,4,51.0,0.8947368421052632,10.346777069205794,1,11.0,0.576107012266487,1,7.0,0.7630309556072424,2,37.0,0.7167148249558027,4,55.0
3145.0,4,34.0,0.6296296296296297,10.141455621557354,2,21.0,0.6336318842992025,2,13.0,0.6835264676357403,0,21.0,0.6938483313263224,4,55.0
3150.0,7,58.0,1.1372549019607843,10.007550408354373,2,31.0,0.6814618651748207,2,23.0,0.6436550368742202,3,6.0,0.670813388737475,7,60.0
3155.0,2,2.0,0.046511627906976744,7.531414044164205,0,0.0,0.6067094100005282,1,12.0,0.2580668203699438,1,8.0,0.5297258538061851,2,20.0
3160.0,13,34.0,0.7727272727272727,6.676743382450524,7,16.0,0.3330954931376032,5,20.0,0.26467985065621547,1,2.0,0.4738766539739675,13,38.0
3165.0,3,5.0,0.11904761904761904,8.371064088721663,3,23.0,0.371367905123909,0,18.0,0.6244461852511576,0,0.0,0.6972754242466013,3,41.0
3170.0,1,0.0,0.0,10.580664094024456,0,5.0,0.5948941232757632,1,4.0,0.7660733115314146,0,2.0,0.8177151105659445,1,11.0
3175.0,3,6.0,0.13953488372093023,11.060968930508425,2,5.0,0.6733474594531218,1,5.0,0.7658156363010306,0,2.0,0.8591672497784982,3,12.0
3180.0,3,16.0,0.35555555555555557,10.733113910704148,1,8.0,0.7646417126185934,1,10.0,0.7318161324998471,1,0.0,0.6812958692689444,3,18.0
3185.0,4,15.0,0.3409090909090909,9.542347782317485,2,13.0,0.7382648413132173,1,3.0,0.6059437582995257,1,3.0,0.49060576126472144,4,19.0
3190.0,9,42.0,0.9545454545454546,8.387429140523286,2,20.0,0.654281268149967,6,24.0,0.422391524217939,1,2.0,0.5717868637761679,9,46.0
3195.0,7,45.0,1.0465116279069768,7.714178671223192,2,30.0,0.5964383247144333,4,35.0,0.3112992245908324,1,2.0,0.7041528096515158,7,67.0
3200.0,3,6.0,0.15,7.521119974678082,0,12.0,0.6296443227886186,2,31.0,0.3239625857525019,1,2.0,0.6557042240694432,3,45.0
3205.0,7,20.0,0.46511627906976744,6.8925483346003,2,11.0,0.5471373080400204,3,36.0,0.22088443750425416,2,5.0,0.6809372676796801,7,52.0
3210.0,8,45.0,1.0227272727272727,6.690019902748605,0,5.0,0.5533657733101213,7,65.0,0.2458346285405853,1,10.0,0.721089249265164,8,80.0
3215.0,13,98.0,2.227272727272727,6.738333252729841,0,0.0,0.7592521748802025,10,110.0,0.32206140800057054,3,18.0,0.5622182427397001,13,128.0
3220.0,11,77.0,1.6041666666666667,7.185135197337289,0,0.0,0.7172138421995552,7,123.0,0.3767320723513983,4,33.0,0.48618063463172706,11,156.0
3225.0,6,19.0,0.36538461538461536,7.298782471570773,1,2.0,0.7060254970521045,5,83.0,0.32221768034382264,0,24.0,0.6120607846381404,6,109.0
3230.0,5,19.0,0.37254901960784315,8.741666440924687,0,2.0,0.8929852091928492,2,55.0,0.35575690963650203,3,13.0,0.605616475056879,5,70.0
3235.0,2,4.0,0.08163265306122448,9.195964958850793,0,0.0,0.7500523089267602,0,36.0,0.6129908251563239,2,19.0,0.5760917006648933,2,55.0
3240.0,1,2.0,0.04081632653061224,9.396773774993958,0,0.0,0.6871485521420648,1,17.0,0.7168118163082797,0,8.0,0.5779369701126558,1,25.0
3245.0,3,0.0,0.0,9.475626029084223,1,0.0,0.6483107403597348,1,11.0,0.6344286215341935,1,3.0,0.6555291128897437,3,14.0
3250.0,4,13.0,0.23214285714285715,9.339456941794205,2,6.0,0.5933361828706687,2,18.0,0.5406573199212356,0,2.0,0.8316945095852771,4,26.0
3255.0,3,7.0,0.11864406779661017,8.572385125801214,1,5.0,0.4854956791983188,2,19.0,0.515764810842308,0,2.0,0.8388833789629739,3,26.0
3260.0,8,22.0,0.3793103448275862,8.325243849437724,5,19.0,0.39748326720896787,2,16.0,0.5437646053453007,1,4.0,0.7101065470394393,8,39.0
3265.0,5,18.0,0.32142857142857145,8.547480515743603,3,30.0,0.49428933575332445,2,15.0,0.5255082272167498,0,2.0,0.773522272192503,5,47.0
3270.0,3,8.0,0.14545454545454545,8.163406947324162,0,11.0,0.5653552397257084,1,9.0,0.4690941041736558,2,8.0,0.5893725470125962,3,28.0
3275.0,7,26.0,0.48148148148148145,7.779163379542037,0,2.0,0.6360984642689095,7,33.0,0.34661733187453225,0,9.0,0.5464153033501977,7,44.0
3280.0,10,72.0,1.3333333333333333,8.570199191306488,0,2.0,0.8051908286857367,10,81.0,0.38918052897134586,0,0.0,0.6573582314775551,10,83.0
3285.0,10,45.0,0.7758620689655172,8.376062103926339,0,2.0,0.8791448928975475,9,99.0,0.39208280995289174,1,0.0,0.688838689956551,10,101.0
3290.0,3,7.0,0.11290322580645161,8.5951079177311,1,2.0,0.7417185820635963,2,66.0,0.4204481861548277,0,2.0,0.7658977300059431,3,70.0
3295.0,2,12.0,0.21052631578947367,8.717247338785445,0,2.0,0.865474953542542,2,25.0,0.398943167160769,0,2.0,0.8017451742742107,2,29.0
3300.0,7,34.0,0.6296296296296297,8.869940477591413,2,5.0,0.7329138199539236,3,27.0,0.44032871419958275,2,5.0,0.7086056567701001,7,37.0
3305.0,4,23.0,0.45098039215686275,8.058872009315907,1,8.0,0.7164505608305912,1,18.0,0.4063806852198053,2,12.0,0.6817586247239957,4,38.0
3310.0,8,57.0,1.0555555555555556,8.032160705153323,1,13.0,0.6688113002307899,5,23.0,0.3619751212412961,2,22.0,0.5781522266140715,8,58.0
3315.0,10,70.0,1.320754716981132,7.39662000789012,1,18.0,0.6160574580709438,7,43.0,0.26863846188108054,2,32.0,0.6245545690701935,10,93.0
3320.0,6,71.0,1.3396226415094339,7.723868367333642,2,25.0,0.6901388230511902,2,39.0,0.27000026749996714,2,44.0,0.6113022294803979,6,108.0
3325.0,3,55.0,1.1,9.089507393002242,0,2.0,0.7573301466583942,1,27.0,0.43413467925070515,2,54.0,0.7045779588691303,3,83.0
3330.0,3,5.0,0.10416666666666667,9.278186651646445,2,6.0,0.6849445088074463,0,19.0,0.5553935832584546,1,3.0,0.7640616871324583,3,28.0
3335.0,6,15.0,0.29411764705882354,8.110042114246305,0,5.0,0.6085359408318705,2,12.0,0.5692860749854944,4,13.0,0.4855130192542909,6,30.0
3340.0,3,3.0,0.0625,7.467059762969085,1,0.0,0.6289841980436442,0,7.0,0.5813919717979426,2,16.0,0.4176295596142527,3,23.0
3345.0,6,15.0,0.29411764705882354,7.846968407078539,0,0.0,0.5889968132896589,5,24.0,0.543568234881148,1,4.0,0.4182112263934194,6,28.0
3350.0,1,5.0,0.09433962264150944,9.39630719132197,1,5.0,0.6233868003217093,0,25.0,0.6302727343261431,0,0.0,0.5564014600995271,1,30.0
3355.0,1,10.0,0.18518518518518517,10.517097214132118,1,12.0,0.6940599680478734,0,4.0,0.7304327337956521,0,2.0,0.7232015032238804,1,18.0
3360.0,1,0.0,0.0,10.420699794367973,0,2.0,0.6648145931951929,0,0.0,0.6224210208682489,1,2.0,0.807856252157952,1,4.0
3365.0,4,15.0,0.3125,10.1042921860359,3,12.0,0.5739651469927252,1,5.0,0.6825793960722518,0,2.0,0.8274292908773979,4,19.0
3370.0,2,14.0,0.30434782608695654,9.52011610324546,1,16.0,0.5416407420606961,1,10.0,0.7162180053980928,0,0.0,0.76156594085033,2,26.0
3375.0,3,8.0,0.16666666666666666,10.647759943087582,2,3.0,0.649809941190036,0,2.0,0.8046766981510497,1,5.0,0.7551066531407558,3,10.0
3380.0,4,22.0,0.46808510638297873,9.313470790929134,1,8.0,0.6659409322713444,1,5.0,0.5960512905777499,2,11.0,0.5264999340446745,4,24.0
3385.0,2,13.0,0.2765957446808511,8.773995423702186,1,13.0,0.6199830830740116,1,6.0,0.6444398291684872,0,5.0,0.34994943830758907,2,24.0
3390.0,5,30.0,0.6521739130434783,9.31542922124492,2,23.0,0.6461936744615683,0,0.0,0.6618140011334639,3,9.0,0.5598923413336561,5,32.0
3395.0,2,5.0,0.1111111111111111,9.435625633689604,1,8.0,0.6833059306096652,1,5.0,0.589853127416393,0,7.0,0.6799744421245281,2,20.0
3400.0,3,16.0,0.3902439024390244,10.443204996453714,1,6.0,0.6579336651969152,2,12.0,0.6228884395248884,0,0.0,0.9094724960151386,3,18.0
3405.0,3,6.0,0.16216216216216217,8.386849314017393,1,8.0,0.5320343036383038,2,6.0,0.4236891394098889,0,0.0,0.8788986785411896,3,14.0
3410.0,5,20.0,0.47619047619047616,9.224802315048057,1,2.0,0.5565362552833958,4,22.0,0.6006455768147221,0,0.0,0.6500451532913478,5,24.0
3415.0,4,40.0,0.9523809523809523,9.518281370251215,0,0.0,0.6561411250227284,4,42.0,0.5032236336551966,0,0.0,0.7828142174352207,4,42.0
3420.0,4,15.0,0.3333333333333333,8.953791149533583,1,0.0,0.6916223923026105,1,41.0,0.562173578547132,2,3.0,0.5674486729738883,4,44.0
3425.0,3,6.0,0.14634146341463414,8.965291652257056,1,2.0,0.6547587677859791,1,19.0,0.5960122274274389,1,4.0,0.6777021008821207,3,25.0
3430.0,8,26.0,0.6341463414634146,8.246730570571701,2,6.0,0.6522220196393635,3,11.0,0.4490694510596044,3,13.0,0.5573059865500934,8,30.0
3435.0,7,33.0,0.8461538461538461,7.568927556173728,1,10.0,0.6160379739224258,3,26.0,0.31653493263243526,3,18.0,0.5778712760941883,7,54.0
3440.0,1,1.0,0.023255813953488372,8.860015431498608,0,0.0,0.7163691834490964,1,14.0,0.6019727315117798,0,2.0,0.6302171425432826,1,16.0
3445.0,3,10.0,0.2127659574468085,10.54217758488397,1,0.0,0.644760130753345,2,14.0,0.7638084143981949,0,0.0,0.7096122915842926,3,14.0
3450.0,1,0.0,0.0,10.096907430566441,0,0.0,0.8155239011411136,0,11.0,0.6772177597420909,1,0.0,0.7086959497576714,1,11.0
3455.0,2,4.0,0.07547169811320754,10.009234623780062,0,0.0,0.7316894244286941,0,0.0,0.6882017232109615,2,6.0,0.6452374562744457,2,6.0
3460.0,0,0.0,0.0,10.805344475304729,0,0.0,0.8458799847127527,0,0.0,0.7778304065260633,0,2.0,0.7385825953182463,0,2.0
3465.0,4,9.0,0.1956521739130435,9.815122342800516,0,0.0,0.8636461647199972,1,3.0,0.6050877653772128,3,8.0,0.6259395908811543,4,11.0
3470.0,4,14.0,0.32558139534883723,8.827074550484184,2,1.0,0.6990916882822766,2,13.0,0.5615718238378681,0,8.0,0.5444290844205371,4,22.0
3475.0,5,11.0,0.24444444444444444,6.89368888220321,3,10.0,0.42960245238448985,1,12.0,0.45497315756352025,1,0.0,0.5492341751569395,5,22.0
3480.0,6,17.0,0.3469387755102041,8.38164732881606,1,14.0,0.41480364096289496,5,17.0,0.5354322408495743,0,0.0,0.7507457573932731,6,31.0
3485.0,6,36.0,0.7058823529411765,8.861484501357968,2,3.0,0.458844935263703,4,39.0,0.4914622056291707,0,0.0,0.7546944185995554,6,42.0
3490.0,3,7.0,0.14,9.386876574934103,2,6.0,0.5697670313946666,1,33.0,0.5297198271560973,0,0.0,0.9491782309001424,3,39.0
3495.0,2,14.0,0.2857142857142857,10.091187385567759,1,13.0,0.6722348079605293,1,6.0,0.6342494489691989,0,2.0,0.764392473756303,2,21.0
3500.0,3,9.0,0.17647058823529413,9.75616390050711,1,2.0,0.7227113139375875,2,11.0,0.5224817215833542,0,2.0,0.7887529300997165,3,15.0
3505.0,4,24.0,0.4897959183673469,9.892117186960771,2,7.0,0.6408644844451712,2,21.0,0.6913259616257148,0,0.0,0.6836844858847168,4,28.0
3510.0,2,8.0,0.16666666666666666,8.010216814114605,0,2.0,0.602805492271085,0,12.0,0.38141358087438176,2,8.0,0.623775624720695,2,22.0
3515.0,9,40.0,0.8,7.284719647125096,0,0.0,0.43086682791718506,7,26.0,0.28267340682465353,2,18.0,0.5992406254329058,9,44.0
3520.0,7,25.0,0.49019607843137253,7.847698144375036,3,6.0,0.5136500473198787,4,49.0,0.3960459059143219,0,11.0,0.4825124713377565,7,66.0
3525.0,5,13.0,0.2549019607843137,7.996040291515834,1,2.0,0.5252679831962124,0,27.0,0.4726569582220191,4,13.0,0.41654828825661755,5,42.0
3530.0,7,14.0,0.2916666666666667,8.578917508240197,5,14.0,0.5447202814098716,0,2.0,0.7007258868674203,2,17.0,0.4964034649406965,7,33.0
3535.0,1,0.0,0.0,9.641314728108846,1,10.0,0.5839463969729178,0,2.0,0.8406633468488186,0,2.0,0.7113062524263828,1,14.0
3540.0,2,3.0,0.06521739130434782,10.496017402159625,0,0.0,0.6467933758818603,0,4.0,0.8759355466752152,2,3.0,0.6778179489484447,2,7.0
3545.0,4,13.0,0.25,10.70500675107088,2,0.0,0.6721939150374857,0,4.0,0.839599873689426,2,13.0,0.62336556227182,4,17.0
3550.0,5,27.0,0.4909090909090909,9.320107192171388,1,0.0,0.5283515352864657,2,8.0,0.5992728722278959,2,23.0,0.6299054421586178,5,31.0
3555.0,6,14.0,0.2692307692307692,7.510848316571444,4,12.0,0.4118743094588139,1,7.0,0.36213245281999273,1,14.0,0.5413836490727149,6,33.0
3560.0,4,11.0,0.2391304347826087,7.074286576617107,1,17.0,0.4492327056526255,0,1.0,0.4000022898888409,3,12.0,0.42049839631942165,4,30.0
3565.0,4,8.0,0.17777777777777778,7.4770750226285525,1,6.0,0.6578816740493588,3,6.0,0.3834100954318195,0,14.0,0.43399663436983826,4,26.0
3570.0,8,32.0,0.7111111111111111,7.159058500854043,2,7.0,0.49482217557286456,6,30.0,0.3118806076863913,0,1.0,0.5324393180220235,8,38.0
3575.0,13,40.0,0.8333333333333334,6.1181534046842225,7,26.0,0.2702557361188503,4,42.0,0.3414005310392426,2,5.0,0.5004929063996337,13,73.0
3580.0,5,25.0,0.5102040816326531,7.603087840940324,3,40.0,0.37542988372670044,1,17.0,0.3960120274336174,1,12.0,0.7023641431949167,5,69.0
3585.0,1,1.0,0.02127659574468085,9.281086229376706,0,24.0,0.524184347493622,0,6.0,0.6899686762094205,1,3.0,0.7151825784505816,1,33.0
3590.0,3,9.0,0.1875,9.647466430509164,0,4.0,0.659618885121865,0,2.0,0.7684614560565944,3,11.0,0.5352678821265371,3,17.0
3595.0,10,33.0,0.66,8.593801310700819,1,0.0,0.7030548026808846,2,3.0,0.6421199786749225,7,32.0,0.39048826621000765,10,35.0
3600.0,6,22.0,0.4489795918367347,8.160586526500921,2,4.0,0.7009485200522104,1,8.0,0.6800093472752393,3,36.0,0.3655528625276904,6,48.0
