step,system_total_stopped,system_total_waiting_time,system_mean_waiting_time,system_mean_speed,A0_stopped,A0_accumulated_waiting_time,A0_average_speed,B0_stopped,B0_accumulated_waiting_time,B0_average_speed,C0_stopped,C0_accumulated_waiting_time,C0_average_speed,agents_total_stopped,agents_total_accumulated_waiting_time
5.0,0,0.0,0.0,4.690840051998384,0,0.0,0.5866536876956939,0,0.0,1.0,0,0.0,0.08788960613603067,0,0.0
10.0,1,0.0,0.0,7.6489465771088145,0,0.0,0.99745708197762,0,0.0,1.0,1,0.0,0.3855905263088633,1,0.0
15.0,0,0.0,0.0,9.27494569462849,0,0.0,0.46523782753043064,0,0.0,1.0,0,0.0,0.7302140249149155,0,0.0
20.0,0,0.0,0.0,8.649506090624502,0,0.0,0.6084073011589168,0,0.0,1.0,0,0.0,0.6797653763734782,0,0.0
25.0,2,4.0,0.2857142857142857,7.808872162312092,1,1.0,0.5967487082517655,0,0.0,0.14432741973068375,1,3.0,0.5750232363295095,2,4.0
30.0,2,9.0,0.5294117647058824,7.9355825098846156,0,0.0,0.6404861200584623,0,0.0,0.8218800449824343,2,9.0,0.4019326255300922,2,9.0
35.0,1,1.0,0.05555555555555555,8.126613137784348,1,1.0,0.6277732320378118,0,2.0,0.7264492363961736,0,4.0,0.4165078758269147,1,7.0
40.0,3,6.0,0.3333333333333333,7.763649193064798,0,1.0,0.5907889641009091,2,6.0,0.5476581310201473,1,2.0,0.1613881412951664,3,9.0
45.0,4,19.0,1.0555555555555556,7.217634031062494,2,5.0,0.5284116437440652,2,18.0,0.5263017446895119,0,1.0,0.16633116769336656,4,24.0
50.0,3,15.0,0.8823529411764706,8.318784332499055,3,15.0,0.4733829680022265,0,7.0,0.7872424464292529,0,0.0,0.5952977517784281,3,22.0
55.0,0,0.0,0.0,9.42629162858764,0,9.0,0.6726908588871755,0,4.0,0.7686601369353581,0,0.0,0.7458767531639358,0,13.0
60.0,2,7.0,0.3333333333333333,8.942434576867226,2,7.0,0.5893824753335065,0,2.0,0.6466328437433111,0,0.0,0.6504251431651324,2,9.0
65.0,3,4.0,0.18181818181818182,8.800827702775994,0,1.0,0.8393883683927478,1,2.0,0.430506618107245,2,2.0,0.5803317302228777,3,5.0
70.0,1,7.0,0.3684210526315789,10.912144693085372,0,0.0,0.6209436480819246,0,2.0,0.9686048130496043,1,7.0,0.8262223514539396,1,9.0
75.0,2,17.0,0.8947368421052632,10.86368366880611,1,5.0,0.5168567393507573,0,2.0,0.9275466934736292,1,12.0,0.7394268864076938,2,19.0
80.0,3,30.0,1.5789473684210527,9.908581741086136,1,10.0,0.4923441255359918,0,2.0,0.9538051037224752,2,20.0,0.4900700806801293,3,32.0
85.0,4,45.0,2.3684210526315788,9.298816183063863,1,15.0,0.36486209777170947,0,0.0,0.9289548168391204,3,30.0,0.45285593792205275,4,45.0
90.0,2,22.0,1.1,8.958035652275807,1,20.0,0.5928511394734284,1,2.0,0.36022776250314653,0,0.0,0.9022664277195002,2,22.0
95.0,3,13.0,0.6190476190476191,9.042454055319466,0,0.0,0.8880923898881931,3,13.0,0.3694013400340521,0,0.0,0.681605138190792,3,13.0
100.0,1,2.0,0.11764705882352941,8.868724865078924,1,2.0,0.4838385007203424,0,5.0,0.4169049840360209,0,0.0,0.9310352173707107,1,7.0
105.0,2,0.0,0.0,9.549306117993181,1,2.0,0.64442052686604,0,0.0,0.6347347466483777,1,2.0,0.6404008355046349,2,4.0
110.0,1,5.0,0.3125,10.234499993246393,0,2.0,0.7670194301307592,1,5.0,0.6324525170937131,0,2.0,0.6029307572356599,1,9.0
115.0,1,10.0,0.5882352941176471,12.118212539094161,0,0.0,0.9100696907942083,1,10.0,0.6325528417852732,0,0.0,0.8129684659868535,1,10.0
120.0,2,16.0,0.9411764705882353,9.624993499472083,1,1.0,0.5871701364226598,1,15.0,0.4596650377936294,0,0.0,0.7030064210462071,2,16.0
125.0,6,30.0,1.5,6.832272469119546,4,10.0,0.33095727821432824,2,20.0,0.3272644527981047,0,0.0,0.554790976136732,6,30.0
130.0,3,8.0,0.4,6.949329766942768,0,6.0,0.4431409039816283,1,1.0,0.34088354660444303,2,7.0,0.4879256874803527,3,14.0
135.0,6,28.0,1.2727272727272727,7.892357062331424,1,0.0,0.5605434210366415,1,8.0,0.614400988289538,4,22.0,0.33263448917125016,6,30.0
140.0,1,3.0,0.13043478260869565,8.539943167715231,0,0.0,0.7032879899489319,0,2.0,0.9287272184711259,1,22.0,0.2920922592128713,1,24.0
145.0,2,3.0,0.13043478260869565,9.734084651198241,0,2.0,0.8778423731633374,1,5.0,0.7903645415584067,1,5.0,0.40870089759756156,2,12.0
150.0,3,11.0,0.5,9.921072252365073,0,2.0,0.7441405165465911,1,10.0,0.7912995171694334,2,8.0,0.5065494411568895,3,20.0
155.0,6,35.0,1.4583333333333333,8.450789061012452,1,5.0,0.4081419504066331,1,13.0,0.708632409173599,4,24.0,0.42330984834258256,6,42.0
160.0,4,37.0,1.4230769230769231,8.892632078005663,1,8.0,0.6855249113294127,1,18.0,0.7543142412342233,2,30.0,0.44694837724065883,4,56.0
165.0,1,13.0,0.5,11.36745699034128,1,13.0,0.7727532089309037,0,2.0,0.9148873597716108,0,13.0,0.7254143225585153,1,28.0
170.0,2,19.0,0.7916666666666666,11.119689318098835,1,18.0,0.7808205876295813,0,2.0,0.7616132084675994,1,1.0,0.6063195702492632,2,21.0
175.0,4,28.0,1.1666666666666667,8.67116632257792,1,23.0,0.4775999386695154,1,6.0,0.7383409003274151,2,3.0,0.10568047881053932,4,32.0
180.0,5,43.0,1.9545454545454546,8.177649047878365,1,28.0,0.4384636314344632,0,0.0,0.80890761938848,4,15.0,0.12840773592837995,5,43.0
185.0,4,34.0,1.4166666666666667,8.514164082062088,3,33.0,0.5439766777208587,1,1.0,0.5776048741222968,0,9.0,0.5674523512848256,4,43.0
190.0,2,40.0,1.8181818181818181,10.287870943330937,1,38.0,0.7686358657781407,0,2.0,0.6468169599407498,1,4.0,0.6875559767676901,2,44.0
195.0,3,47.0,2.0434782608695654,9.445501743341547,1,43.0,0.6824874930418053,1,6.0,0.4624845992436383,1,2.0,0.6743615551522988,3,51.0
200.0,5,57.0,2.4782608695652173,8.212769092497972,4,54.0,0.28108224633696016,0,2.0,0.8435277920234393,1,5.0,0.5094206354515031,5,61.0
205.0,3,69.0,3.1363636363636362,7.5776180839530785,3,69.0,0.3499146194892028,0,0.0,0.8303143264374232,0,5.0,0.4482917045821892,3,74.0
210.0,1,4.0,0.15384615384615385,9.797707748049,0,11.0,0.6707455475438434,0,1.0,0.8382859060254367,1,6.0,0.5931057123748379,1,18.0
215.0,1,9.0,0.34615384615384615,10.558596824995172,0,0.0,0.780490861764404,0,1.0,0.6929199939798593,1,9.0,0.6258713248832593,1,10.0
220.0,1,14.0,0.6086956521739131,10.308396424366416,0,0.0,0.8469849379398964,0,2.0,0.695080944277304,1,14.0,0.5972952458080877,1,16.0
225.0,1,3.0,0.13636363636363635,10.768026287688485,1,3.0,0.5444128488492369,0,0.0,0.9598837364474546,0,2.0,0.7233309376715883,1,5.0
230.0,2,12.0,0.5714285714285714,9.949344321660682,1,8.0,0.7919344150454397,0,0.0,0.9427699706331335,1,6.0,0.5063615486757039,2,14.0
235.0,0,0.0,0.0,9.946747733715615,0,0.0,0.8637845666738715,0,2.0,0.6792111557143263,0,7.0,0.6518006475219736,0,9.0
240.0,0,0.0,0.0,9.32399637608468,0,0.0,0.595999498375229,0,4.0,0.733494330601626,0,0.0,0.7041861166416155,0,4.0
245.0,2,5.0,0.22727272727272727,7.752317032375734,0,1.0,0.314347787783761,2,9.0,0.6886923430297825,0,0.0,0.6279668253614092,2,10.0
250.0,2,5.0,0.20833333333333334,8.856642661908708,2,5.0,0.33940483140104155,0,9.0,0.7377184524317023,0,0.0,0.9290825206072273,2,14.0
255.0,1,10.0,0.4166666666666667,10.489741575719544,1,10.0,0.7458780112287194,0,0.0,0.9253403100001107,0,2.0,0.6600143950358923,1,12.0
260.0,1,15.0,0.625,10.239725284609666,1,15.0,0.6737331946338556,0,0.0,0.7022701612546872,0,2.0,0.7853457045759036,1,17.0
265.0,0,0.0,0.0,10.666329215110984,0,3.0,0.7639920869010632,0,0.0,0.8823443054756119,0,2.0,0.7580212623461063,0,5.0
270.0,3,1.0,0.045454545454545456,8.148743024156458,2,1.0,0.33580301728681905,0,0.0,0.6227376499081465,1,0.0,0.6324459579894868,3,1.0
275.0,3,10.0,0.43478260869565216,8.059429310567207,2,10.0,0.25521839393358414,1,0.0,0.7442623909971818,0,0.0,0.7299811019758558,3,10.0
280.0,6,11.0,0.39285714285714285,7.208790068654408,2,19.0,0.4138772911005004,4,3.0,0.2138438968272071,0,0.0,0.6491685582506211,6,22.0
285.0,3,18.0,0.6666666666666666,10.15599202053132,0,9.0,0.7753594035211842,3,18.0,0.4831951335440912,0,0.0,0.7744556664273323,3,27.0
290.0,1,0.0,0.0,10.155853366810799,1,0.0,0.5737122295353166,0,8.0,0.6662616509304481,0,0.0,0.8791373113502441,1,8.0
295.0,2,5.0,0.1724137931034483,10.202134728878162,0,2.0,0.7757678315543666,2,5.0,0.6011353881557328,0,2.0,0.8095972824296147,2,9.0
300.0,4,20.0,0.6896551724137931,9.107429592650288,1,4.0,0.6927298971327391,2,15.0,0.7324339983779303,1,5.0,0.3780588879934615,4,24.0
305.0,5,37.0,1.3703703703703705,8.220426119187122,2,13.0,0.7510219651534147,3,26.0,0.4445367198778493,0,6.0,0.5104109391844749,5,45.0
310.0,7,63.0,2.1,8.233467222851822,3,22.0,0.510760431849162,4,43.0,0.5164791846903584,0,0.0,0.6297849345307075,7,65.0
315.0,3,6.0,0.1935483870967742,8.387388813456612,2,14.0,0.5091525919324494,0,11.0,0.4914160741662965,1,4.0,0.7960627757037034,3,29.0
320.0,8,33.0,1.0,7.357004376615763,5,15.0,0.021155715833752236,2,11.0,0.5552097451327105,1,9.0,0.37325779121809727,8,35.0
325.0,1,3.0,0.10714285714285714,7.426303149746233,1,13.0,0.4075400091061827,0,7.0,0.26025082328973304,0,2.0,0.6262269703083893,1,22.0
330.0,3,5.0,0.19230769230769232,10.166227836915432,0,3.0,0.6987265083238517,1,7.0,0.7053953606075335,2,4.0,0.6209355897006579,3,14.0
335.0,2,12.0,0.42857142857142855,10.647532304991392,1,4.0,0.7101621189570286,1,12.0,0.6892835980693719,0,2.0,0.754874399532822,2,18.0
340.0,4,26.0,0.896551724137931,9.358554649897034,2,10.0,0.45035258995157124,1,17.0,0.698124626616795,1,5.0,0.5930856293268623,4,32.0
345.0,8,37.0,1.2333333333333334,6.832011983639228,1,0.0,0.5286499055232255,2,21.0,0.30621201086330385,5,18.0,0.3372916808926931,8,39.0
350.0,8,45.0,1.4516129032258065,6.542641945001277,4,8.0,0.5158962066526178,2,31.0,0.040649901352529674,2,22.0,0.382327683662459,8,61.0
355.0,2,41.0,1.2424242424242424,8.70726378117907,0,6.0,0.7334380914294638,2,43.0,0.5976548527041148,0,9.0,0.5074105007757559,2,58.0
360.0,3,6.0,0.18181818181818182,8.78667420959491,1,4.0,0.6788171770568838,0,2.0,0.8259933774074494,2,13.0,0.3517318077662525,3,19.0
365.0,7,31.0,0.9393939393939394,9.791418574421858,2,11.0,0.6791500833062789,0,2.0,0.8574590367617958,5,31.0,0.3313812945509602,7,44.0
370.0,4,16.0,0.5333333333333333,8.08838042204891,1,3.0,0.5864653641481007,0,0.0,0.5553856419939486,3,36.0,0.2369275775954665,4,39.0
375.0,3,10.0,0.35714285714285715,7.63612898509578,2,12.0,0.4099497799025415,1,2.0,0.5755383956519595,0,19.0,0.5146137589605594,3,33.0
380.0,1,3.0,0.125,10.555743745867982,1,14.0,0.6027555459148952,0,2.0,0.8855578831762936,0,1.0,0.879709072062545,1,17.0
385.0,0,0.0,0.0,10.618914891645085,0,3.0,0.5469329220795381,0,4.0,0.8802959050155715,0,0.0,0.49083533533492163,0,7.0
390.0,2,8.0,0.26666666666666666,8.849440275389306,1,4.0,0.47588151740808565,0,4.0,0.6528647710473784,1,4.0,0.3475134780234933,2,12.0
395.0,4,23.0,0.7419354838709677,8.31905716112017,1,9.0,0.5353809273892257,1,9.0,0.5270038854136057,2,12.0,0.49239843805831923,4,30.0
400.0,4,23.0,0.8214285714285714,8.179691721059749,0,0.0,0.8015337308555132,1,3.0,0.45001673998213015,3,22.0,0.49758975302174413,4,25.0
405.0,3,8.0,0.2857142857142857,8.955057966295417,1,1.0,0.7211625631138221,2,7.0,0.4876318115803632,0,15.0,0.5609518904187487,3,23.0
410.0,5,8.0,0.25806451612903225,6.990136016549747,1,0.0,0.583048416647813,2,8.0,0.05598625132878771,2,4.0,0.5221022942668428,5,12.0
415.0,6,33.0,1.0,8.152321297297991,0,0.0,0.796716344187467,3,21.0,0.4169544784166512,3,14.0,0.48168447666900344,6,35.0
420.0,1,1.0,0.029411764705882353,8.808942237961743,1,1.0,0.6425682582334631,0,11.0,0.7721551127606414,0,8.0,0.5141008619725537,1,20.0
425.0,1,4.0,0.11764705882352941,10.480224524476629,0,2.0,0.8016832454713171,0,2.0,0.7419869264223915,1,6.0,0.6448276006063531,1,10.0
430.0,7,23.0,0.6388888888888888,8.995576189618996,1,3.0,0.5334885458339508,3,9.0,0.6048642914785282,3,17.0,0.6226534645704602,7,29.0
435.0,3,19.0,0.5588235294117647,8.494565994815272,0,5.0,0.4614537463579478,2,17.0,0.6872985048678976,1,17.0,0.574885939392102,3,39.0
440.0,4,13.0,0.3939393939393939,8.593820498742852,1,5.0,0.6217996991752892,0,12.0,0.6185635974621091,3,12.0,0.37915327769624774,4,29.0
445.0,4,15.0,0.46875,8.146376705133193,1,10.0,0.5970643117393378,3,9.0,0.4965969641742397,0,4.0,0.34718398787412164,4,23.0
450.0,4,21.0,0.6774193548387096,8.548953633218957,2,20.0,0.5484384393875612,2,15.0,0.5652648585443362,0,0.0,0.49740196582998264,4,35.0
455.0,3,29.0,0.90625,10.416454805581441,3,33.0,0.5266769635948253,0,6.0,0.7840218653749105,0,0.0,0.8599875036987528,3,39.0
460.0,5,46.0,1.4838709677419355,8.521983073350443,3,46.0,0.5481881308861699,1,4.0,0.46127393149105966,1,1.0,0.6584847610249245,5,51.0
465.0,7,28.0,0.9333333333333333,6.977894421279059,0,20.0,0.5784212642181551,6,25.0,0.1926944905074689,1,6.0,0.6907796644388418,7,51.0
470.0,11,60.0,1.875,5.504930324674536,2,3.0,0.5019939955284912,8,61.0,0.027597628042660152,1,1.0,0.5044845755042892,11,65.0
475.0,7,36.0,1.0909090909090908,5.375831373621005,0,2.0,0.4153860883301663,3,67.0,0.10548444152475216,4,14.0,0.37759477127998375,7,83.0
480.0,6,43.0,1.3870967741935485,8.721152847500491,1,7.0,0.7423070386080848,0,23.0,0.38225139335062125,5,40.0,0.4718978491279678,6,70.0
485.0,6,26.0,0.7878787878787878,8.191753911257626,2,12.0,0.5702804658117944,0,0.0,0.9362724903946276,4,41.0,0.46266222876007473,6,53.0
490.0,4,27.0,0.7714285714285715,9.453819592138801,3,20.0,0.5683383719866438,0,2.0,0.9126870281319689,1,23.0,0.5335690659652784,4,45.0
495.0,3,4.0,0.11764705882352941,9.189099121969223,0,8.0,0.7768614710307592,0,2.0,0.9056294559530844,3,11.0,0.31635221673301867,3,21.0
500.0,7,25.0,0.7142857142857143,7.776650233520954,0,0.0,0.33607806021126807,0,2.0,0.8912847426316854,7,32.0,0.2662754866992124,7,34.0
505.0,2,10.0,0.3333333333333333,7.4841636345175635,0,4.0,0.49934778128597446,0,0.0,0.8687824468901593,2,36.0,0.4005381761536723,2,40.0
510.0,2,0.0,0.0,9.362520533398476,1,0.0,0.6262111376296644,0,4.0,0.8405515973272397,1,10.0,0.5497373450114387,2,14.0
515.0,3,5.0,0.16129032258064516,10.20609276523739,2,5.0,0.606582284484025,0,4.0,0.8941304047353642,1,0.0,0.48176998378229247,3,9.0
520.0,3,14.0,0.42424242424242425,10.10049622415093,1,10.0,0.6354065158864504,0,4.0,0.7360555292583126,2,4.0,0.6100581092744227,3,18.0
525.0,2,11.0,0.36666666666666664,8.575777429286429,1,2.0,0.30799176093318187,0,0.0,0.7342128323609398,1,9.0,0.6603953562025319,2,11.0
530.0,7,30.0,1.0344827586206897,7.537494003641985,5,14.0,0.339633991424227,0,2.0,0.6849235955371259,2,16.0,0.48240823466484956,7,32.0
535.0,5,35.0,1.25,7.155749115094421,1,19.0,0.5007723642627433,1,4.0,0.5014580246405906,3,28.0,0.43014736263787495,5,51.0
540.0,2,7.0,0.2413793103448276,8.245926093493935,1,5.0,0.5963457163860433,1,11.0,0.4806865271796406,0,5.0,0.548884825484843,2,21.0
545.0,5,8.0,0.26666666666666666,7.613321799069453,1,2.0,0.40617429030590757,1,2.0,0.7102993535584844,3,6.0,0.44398288184687207,5,10.0
550.0,3,13.0,0.3939393939393939,8.201378163999472,3,15.0,0.48014958937197016,0,2.0,0.6099094623021456,0,8.0,0.5928361013907613,3,25.0
555.0,1,5.0,0.15151515151515152,10.071118996309238,1,20.0,0.6607326591227713,0,2.0,0.7685296697611741,0,0.0,0.8109166053340905,1,22.0
560.0,1,2.0,0.07407407407407407,11.402615408567842,1,9.0,0.6875741048105339,0,2.0,0.9213817024478365,0,0.0,0.8660053926201781,1,11.0
565.0,5,14.0,0.5,9.145989829969105,3,10.0,0.45456937593880875,1,4.0,0.7605817907653536,1,2.0,0.23717845287070652,5,16.0
570.0,5,21.0,0.7777777777777778,8.875890161853729,1,7.0,0.5306041238808851,1,7.0,0.648345900537299,3,13.0,0.24577914230233594,5,27.0
575.0,3,18.0,0.72,8.571092538217968,2,6.0,0.5829137781136172,1,12.0,0.45210212970017616,0,13.0,0.5439152586816935,3,31.0
580.0,2,3.0,0.125,9.72221658976669,0,0.0,0.9216813079140139,1,5.0,0.5749456054754251,1,0.0,0.5493727612459334,2,5.0
585.0,1,8.0,0.38095238095238093,10.480071019255957,0,0.0,0.5786010155780824,1,10.0,0.6818336095904421,0,0.0,0.8492452994288708,1,10.0
590.0,1,5.0,0.2631578947368421,9.668286203449528,1,5.0,0.6453613559940086,0,3.0,0.6721561841596165,0,0.0,0.6303379903882455,1,8.0
595.0,3,15.0,0.7142857142857143,10.052761135594025,1,10.0,0.39328527559865056,1,5.0,0.6084070887595535,1,2.0,0.7769703345758271,3,17.0
600.0,1,10.0,0.43478260869565216,9.867799908019354,0,3.0,0.7229638952844739,1,10.0,0.6470575906195735,0,2.0,0.6699043835241447,1,15.0
605.0,4,19.0,0.7916666666666666,8.108468512278794,0,0.0,0.7617141153598922,2,17.0,0.580079200700287,2,6.0,0.3956383175411456,4,23.0
610.0,4,20.0,0.7142857142857143,7.038267941344963,0,0.0,0.5548236759267601,0,2.0,0.5780423329471973,4,22.0,0.33452007825785524,4,24.0
615.0,9,50.0,1.6666666666666667,7.390010234375503,1,0.0,0.6480779611719746,2,7.0,0.38004759716196396,6,47.0,0.36479408430575294,9,54.0
620.0,1,3.0,0.0967741935483871,7.7192773059971564,1,3.0,0.6446827699145579,0,2.0,0.673771740425999,0,36.0,0.4375596170037981,1,41.0
625.0,3,14.0,0.4666666666666667,9.761415288880407,2,13.0,0.6616935636897234,0,0.0,0.8470074935941392,1,5.0,0.5919561177416448,3,18.0
630.0,6,32.0,1.0666666666666667,8.797103758567214,4,25.0,0.3703176906407897,0,0.0,0.8556238867992468,2,11.0,0.5705366088321854,6,36.0
635.0,9,66.0,2.0625,7.186477516107754,4,43.0,0.4086041905052751,3,6.0,0.6133719822886766,2,21.0,0.34009204274191795,9,70.0
640.0,1,4.0,0.12903225806451613,7.80268467054857,1,24.0,0.4537534281493563,0,5.0,0.7947983437178802,0,5.0,0.4302300249831017,1,34.0
645.0,4,9.0,0.2727272727272727,8.75341413778332,1,6.0,0.5187238798765041,1,4.0,0.6429981558465339,2,9.0,0.5695553652999569,4,19.0
650.0,4,27.0,0.7941176470588235,9.555837331333525,1,7.0,0.659269403368255,2,12.0,0.602828309514388,1,14.0,0.6930367749016675,4,33.0
655.0,3,21.0,0.6,8.821878824741308,1,1.0,0.6455547494484396,2,20.0,0.6352156127522832,0,2.0,0.6263380460454857,3,23.0
660.0,8,50.0,1.25,8.21287271760971,3,15.0,0.5006821858351912,2,30.0,0.5844663437909172,3,5.0,0.5174413110653326,8,50.0
665.0,7,50.0,1.2195121951219512,7.6914668498949075,3,16.0,0.30681989413220534,4,45.0,0.4947469660412962,0,0.0,0.8651981397857234,7,61.0
670.0,7,70.0,1.5217391304347827,8.002549625676407,2,13.0,0.3623302347410226,5,64.0,0.4699125227854299,0,0.0,0.6716804042470921,7,77.0
675.0,7,100.0,2.1739130434782608,8.611130215473827,3,18.0,0.5713601815029895,4,84.0,0.439849583071759,0,0.0,0.7376183811967767,7,102.0
680.0,7,108.0,2.4,8.073641675037132,1,3.0,0.58324552801594,5,109.0,0.40129033328614977,1,0.0,0.7324644108737296,7,112.0
685.0,12,155.0,3.297872340425532,8.175602726745545,3,15.0,0.5396227594113809,8,142.0,0.39370459442498196,1,0.0,0.6201408587296782,12,157.0
690.0,12,67.0,1.558139534883721,5.540661756491524,5,33.0,0.22573990778540215,6,92.0,0.34990632132182,1,2.0,0.45011708263213507,12,127.0
695.0,16,101.0,2.2444444444444445,6.011985173198893,8,66.0,0.2204236002467348,4,52.0,0.3020259412451123,4,20.0,0.4407710689359997,16,138.0
700.0,15,99.0,2.2,5.992973085800156,3,58.0,0.35249321870840045,6,44.0,0.2166537852206457,6,46.0,0.3276435782432776,15,148.0
705.0,8,77.0,1.8333333333333333,6.728246408326149,0,9.0,0.5016090898363528,7,74.0,0.26679513424964785,1,39.0,0.38482911608456427,8,122.0
710.0,4,23.0,0.5111111111111111,8.70469763470107,1,5.0,0.6190974199124044,2,65.0,0.5343111706324492,1,8.0,0.5606323399881256,4,78.0
715.0,2,12.0,0.2553191489361702,10.029097128540567,1,12.0,0.6250320900606025,0,23.0,0.8083632895472406,1,4.0,0.5277929423200792,2,39.0
720.0,4,23.0,0.48936170212765956,9.856002009763154,2,21.0,0.6841131369654715,1,4.0,0.7086213812940216,1,4.0,0.7116029168843295,4,29.0
725.0,7,52.0,1.1555555555555554,9.011797494939447,3,31.0,0.6438084808877018,2,12.0,0.665715119179813,2,13.0,0.5895697418764304,7,56.0
730.0,3,3.0,0.06521739130434782,6.797543477906052,1,5.0,0.5787512306773844,1,4.0,0.3874680584631776,1,13.0,0.4961575931033733,3,22.0
735.0,8,29.0,0.58,8.435734201714205,4,15.0,0.5264334175154165,4,16.0,0.425462251505326,0,3.0,0.6031711590016123,8,34.0
740.0,6,9.0,0.1875,6.936306313022567,3,20.0,0.35893260026754953,2,21.0,0.4155168212170938,1,5.0,0.5541573945839341,6,46.0
745.0,6,24.0,0.5,8.073683487881821,0,10.0,0.5722665445498083,2,15.0,0.5183770779321463,4,20.0,0.4578900674628474,6,45.0
750.0,3,6.0,0.12244897959183673,8.81652645953348,1,3.0,0.6963956497656953,1,10.0,0.5845494570809746,1,22.0,0.5662265548251759,3,35.0
755.0,7,24.0,0.4897959183673469,9.221458077869539,2,6.0,0.6313715757547769,5,26.0,0.5233053948972696,0,7.0,0.6846259893244707,7,39.0
760.0,3,10.0,0.20833333333333334,9.431982243529097,1,9.0,0.7105185644654105,2,20.0,0.5731865736136387,0,0.0,0.6835507531158896,3,29.0
765.0,4,18.0,0.36,9.247566900069264,1,16.0,0.6205235411123471,2,5.0,0.523970528334737,1,2.0,0.6823825296296319,4,23.0
770.0,2,6.0,0.12244897959183673,9.317188696687927,0,2.0,0.7973179974502724,2,11.0,0.4410583108779033,0,2.0,0.7567525709109977,2,15.0
775.0,8,34.0,0.7555555555555555,8.01435850494864,1,5.0,0.5891784614575107,7,34.0,0.3160677957059867,0,2.0,0.6615501408327589,8,41.0
780.0,12,46.0,1.0952380952380953,5.279271382472088,4,19.0,0.09133304318799923,6,54.0,0.2499258330578178,2,5.0,0.5738555702625447,12,78.0
785.0,6,13.0,0.28888888888888886,6.271131629559735,2,24.0,0.44010913054587314,2,44.0,0.3569404448699319,2,8.0,0.49432864860071074,6,76.0
790.0,4,14.0,0.30434782608695654,8.689472076107657,0,5.0,0.7712908550886323,1,39.0,0.37850847570548135,3,15.0,0.6078355759147868,4,59.0
795.0,8,24.0,0.48,7.945765089464695,1,2.0,0.704349514684683,6,58.0,0.2763761682935192,1,14.0,0.5683570490699713,8,74.0
800.0,7,34.0,0.7083333333333334,8.125216340652713,1,7.0,0.7366262885905334,4,70.0,0.40080442329550103,2,11.0,0.5436226314891648,7,88.0
805.0,6,38.0,0.7755102040816326,8.448594316346288,2,14.0,0.6369600872179719,1,44.0,0.4714827178270583,3,25.0,0.49587130119661105,6,83.0
810.0,7,69.0,1.38,9.122611898345028,1,19.0,0.7310448538056643,3,20.0,0.5806967594108068,3,40.0,0.5578396447567256,7,79.0
815.0,11,89.0,1.7450980392156863,8.760369169621077,2,3.0,0.5785111575802125,4,32.0,0.6041561008305637,5,58.0,0.5788342753887121,11,93.0
820.0,13,146.0,2.8627450980392157,7.7781063406955155,4,17.0,0.43704332411908126,4,52.0,0.5451832802876815,5,81.0,0.542095909100836,13,150.0
825.0,15,121.0,2.2830188679245285,6.601907476970006,8,47.0,0.3837597084123631,6,77.0,0.3636946325433803,1,41.0,0.5501227924745151,15,165.0
830.0,9,33.0,0.6111111111111112,6.239410894673017,5,49.0,0.3633038584654237,0,53.0,0.4618474361996808,4,18.0,0.4204144699962451,9,120.0
835.0,9,20.0,0.3508771929824561,6.528253118655991,2,25.0,0.440231815787649,2,7.0,0.2454794619447833,5,28.0,0.304129331513939,9,60.0
840.0,4,23.0,0.4339622641509434,8.780179301793757,2,17.0,0.5501687458236094,0,7.0,0.8196398843716087,2,19.0,0.3432419783975859,4,43.0
845.0,3,13.0,0.2549019607843137,8.687226267858877,1,14.0,0.40825609415481157,1,2.0,0.7394181095554951,1,19.0,0.5722006853615126,3,35.0
850.0,10,41.0,0.803921568627451,8.191543381526841,8,25.0,0.18239139026610898,1,4.0,0.6071568537314939,1,20.0,0.6400458649083742,10,49.0
855.0,9,51.0,1.0625,6.691856367873673,3,36.0,0.21928607892080124,4,15.0,0.31887699840117434,2,29.0,0.3768863334194073,9,80.0
860.0,4,9.0,0.20454545454545456,7.779780621208309,0,14.0,0.5152695188836391,4,28.0,0.3853367203724083,0,0.0,0.8686697772332423,4,42.0
865.0,2,7.0,0.17073170731707318,9.87984367892475,1,2.0,0.7109336606101205,1,18.0,0.5420241383650858,0,2.0,0.6310717103170536,2,22.0
870.0,3,13.0,0.325,9.954026415160195,1,3.0,0.661240465330485,2,14.0,0.6403633864826429,0,2.0,0.6992727434885496,3,19.0
875.0,4,10.0,0.2564102564102564,9.5719191405894,3,12.0,0.6939397466635067,1,4.0,0.5168242722828306,0,0.0,0.7870929321333808,4,16.0
880.0,9,40.0,0.9523809523809523,8.26611767388022,3,20.0,0.5665355634034469,5,22.0,0.5186128352215613,1,2.0,0.5497172173812869,9,44.0
885.0,9,23.0,0.4791666666666667,6.982640177845652,0,3.0,0.4500717766291983,4,28.0,0.47227687263456775,5,13.0,0.4108877643637871,9,44.0
890.0,7,25.0,0.49019607843137253,8.13978241598373,3,14.0,0.5694940481684734,3,20.0,0.38751748184772816,1,16.0,0.5854085041355296,7,50.0
895.0,4,21.0,0.42857142857142855,9.222744832225736,1,11.0,0.5712548028410799,2,23.0,0.6262673141062158,1,8.0,0.6858883085154375,4,42.0
900.0,7,45.0,0.8823529411764706,9.402506730395103,0,2.0,0.6764420159315148,3,37.0,0.6050931147519341,4,16.0,0.64775974472317,7,55.0
905.0,9,55.0,1.0377358490566038,8.105214698260893,4,7.0,0.36724068640826146,4,51.0,0.6036326680724307,1,6.0,0.6022751606257281,9,64.0
910.0,18,117.0,2.1272727272727274,6.717285353712846,8,35.0,0.3844481661448965,5,70.0,0.35245465928874853,5,14.0,0.3505222120108973,18,119.0
915.0,20,130.0,2.6,5.073486766586711,10,81.0,0.44058898355238957,1,43.0,0.3117395317197986,9,47.0,0.24374896254939724,20,171.0
920.0,21,89.0,1.5614035087719298,4.365184265472617,8,95.0,0.269385692998007,4,13.0,0.0962464540456215,9,73.0,0.2514243323329905,21,181.0
925.0,6,16.0,0.2807017543859649,6.755567936793317,4,68.0,0.3349819492856453,0,9.0,0.739856560904558,2,56.0,0.37087591822982324,6,133.0
930.0,3,9.0,0.15254237288135594,8.506856585963359,3,45.0,0.36037078402653616,0,4.0,0.8754170570300202,0,20.0,0.49600335271819923,3,69.0
935.0,4,5.0,0.08064516129032258,8.846119972221848,2,43.0,0.37718151920437215,0,4.0,0.7957053741052487,2,4.0,0.5426794055561038,4,51.0
940.0,7,30.0,0.47619047619047616,8.078255652606774,5,56.0,0.3091387399120984,1,7.0,0.5410353106649336,1,9.0,0.6674399785688251,7,72.0
945.0,6,13.0,0.22807017543859648,4.94390834779246,4,52.0,0.15947844495427302,1,6.0,0.2753065831052549,1,2.0,0.44519467635811644,6,60.0
950.0,11,29.0,0.5178571428571429,5.561865136220887,3,37.0,0.28588667452688077,2,9.0,0.331576936754554,6,20.0,0.4246125656602264,11,66.0
955.0,6,26.0,0.4642857142857143,6.796162557769669,2,46.0,0.4264387855519273,2,18.0,0.5316729251187189,2,21.0,0.44478599098710847,6,85.0
960.0,10,33.0,0.55,6.809286369546666,5,64.0,0.39951831603778587,1,16.0,0.5193729812566945,4,22.0,0.47574223639381585,10,102.0
965.0,18,71.0,1.126984126984127,5.9935683705917135,7,70.0,0.2529159956735985,6,22.0,0.43126287430697785,5,30.0,0.4879563038020922,18,122.0
970.0,14,73.0,1.106060606060606,5.946179641617191,5,57.0,0.23831098309683812,8,59.0,0.39034294921798535,1,18.0,0.4554733363535303,14,134.0
975.0,15,62.0,0.8985507246376812,6.485311914689463,3,53.0,0.29179398888910507,5,70.0,0.4276197607227945,7,21.0,0.3050521935826468,15,144.0
980.0,9,28.0,0.39436619718309857,6.871127940147355,2,49.0,0.384217669443177,3,41.0,0.43751558603794216,4,35.0,0.4305183543812399,9,125.0
985.0,10,43.0,0.6056338028169014,7.382182793392931,4,65.0,0.43309916877404925,4,36.0,0.5123088125973759,2,25.0,0.45075028932721023,10,126.0
990.0,8,36.0,0.5217391304347826,7.249333440229957,4,71.0,0.4057728474770679,3,33.0,0.46942074265285844,1,16.0,0.5955403293893992,8,120.0
995.0,15,51.0,0.7083333333333334,5.920747793212257,6,68.0,0.24221411042073857,7,53.0,0.4324817004170564,2,8.0,0.43205746358650265,15,129.0
1000.0,16,52.0,0.7323943661971831,4.399591573721988,4,81.0,0.24456219893863398,5,65.0,0.23904569872253126,7,32.0,0.24115821821358813,16,178.0
1005.0,21,71.0,1.0289855072463767,4.6250558857225155,9,105.0,0.25938279920235485,6,51.0,0.29095484111266734,6,47.0,0.2981395342404405,21,203.0
1010.0,9,53.0,0.7681159420289855,6.091808506151193,6,109.0,0.2827541654639564,3,43.0,0.5267672630802132,0,30.0,0.40036690055329915,9,182.0
1015.0,11,33.0,0.4583333333333333,6.451597024678163,6,83.0,0.29716224247924294,2,35.0,0.49609715466801324,3,11.0,0.5539622939010044,11,129.0
1020.0,12,39.0,0.52,5.9482135667159115,4,90.0,0.21026864710124274,7,48.0,0.4483499349696794,1,9.0,0.44894847386298337,12,147.0
1025.0,17,66.0,0.8918918918918919,4.620268128378186,8,117.0,0.10924215935650643,4,58.0,0.21005805178619502,5,28.0,0.28593403230820785,17,203.0
1030.0,13,49.0,0.7205882352941176,4.5687549622331485,6,129.0,0.17622367953278842,4,47.0,0.22701370917846,3,33.0,0.4220257614620341,13,209.0
1035.0,6,33.0,0.5076923076923077,6.651744398036718,4,96.0,0.30355747491535295,2,38.0,0.4989992699633849,0,10.0,0.6337969981404465,6,144.0
1040.0,7,52.0,0.7428571428571429,7.9548862522191826,4,77.0,0.3582332085286608,2,40.0,0.7071210722341201,1,7.0,0.6520424387544765,7,124.0
1045.0,7,61.0,0.8356164383561644,8.036549011961194,2,66.0,0.3781733888818393,3,48.0,0.7056380105619379,2,15.0,0.643968471103742,7,129.0
1050.0,10,54.0,0.7605633802816901,6.8945710582369895,6,88.0,0.23306828979885874,1,31.0,0.5546138329612572,3,28.0,0.5957002681499588,10,147.0
1055.0,15,80.0,1.2307692307692308,4.750350846818027,6,97.0,0.15385670815536628,5,20.0,0.35788036988422733,4,44.0,0.360370359144762,15,161.0
1060.0,8,23.0,0.35384615384615387,5.263151844850871,3,73.0,0.22549959194729363,5,40.0,0.30365070920128806,0,15.0,0.49882724089307,8,128.0
1065.0,13,30.0,0.4411764705882353,5.467837189789637,3,84.0,0.22033932477265786,7,44.0,0.30829228362533556,3,8.0,0.5337637592145648,13,136.0
1070.0,14,45.0,0.6617647058823529,4.70826948497468,9,115.0,0.17946610708037392,3,47.0,0.33828803530621493,2,2.0,0.5585226314628842,14,164.0
1075.0,21,116.0,1.6111111111111112,4.422224517708782,15,176.0,0.09149479842372621,5,54.0,0.2678457206029431,1,2.0,0.6745801896164698,21,232.0
1080.0,18,111.0,1.5633802816901408,4.313246506053373,13,208.0,0.06975609946762013,5,61.0,0.2615795690032071,0,0.0,0.6879826046356052,18,269.0
1085.0,17,69.0,0.92,4.736847373257263,8,187.0,0.1858768449882954,6,55.0,0.2657134251342984,3,11.0,0.5009263095503868,17,253.0
1090.0,14,43.0,0.5375,6.241839109025906,5,126.0,0.26156316398496676,6,70.0,0.4097236036168977,3,8.0,0.6139108990591745,14,204.0
1095.0,12,45.0,0.5421686746987951,6.432697163461547,5,141.0,0.22064919164954894,5,76.0,0.42213849739312853,2,11.0,0.6154706405122756,12,228.0
1100.0,16,59.0,0.7564102564102564,4.740246982934227,10,180.0,0.20322759201373872,5,75.0,0.28659426062206206,1,11.0,0.3131239454818823,16,266.0
1105.0,18,61.0,0.8356164383561644,4.967477468907352,9,203.0,0.23993703797355925,7,65.0,0.2726666944298441,2,12.0,0.4592329509061627,18,280.0
1110.0,13,25.0,0.32051282051282054,5.635886727575003,5,170.0,0.29136248655107483,5,74.0,0.3856288138660847,3,9.0,0.4727763911768469,13,253.0
1115.0,16,75.0,0.9036144578313253,6.609059094153367,4,127.0,0.27892290735621494,7,83.0,0.40120472538909996,5,27.0,0.5177573013104195,16,237.0
1120.0,15,67.0,0.8170731707317073,5.120688737242127,3,117.0,0.2647147184413548,5,77.0,0.33173343620047574,7,56.0,0.31920571534741654,15,250.0
1125.0,13,67.0,0.8072289156626506,5.549814237280758,6,126.0,0.266233686237433,3,56.0,0.35636823045308624,4,69.0,0.376399005214472,13,251.0
1130.0,13,72.0,0.9,6.017467291871135,10,170.0,0.245991133107737,1,56.0,0.33699865095622045,2,46.0,0.4823588347844446,13,272.0
1135.0,17,81.0,1.0384615384615385,5.763128108792252,8,180.0,0.18832138509248153,7,74.0,0.364741584802189,2,23.0,0.525639072159366,17,277.0
1140.0,15,63.0,0.7974683544303798,6.056301416373219,7,147.0,0.18134813152078255,6,84.0,0.4663930954872186,2,21.0,0.5042943873918583,15,252.0
1145.0,11,34.0,0.41975308641975306,6.422247522204059,7,121.0,0.27885524947170026,2,50.0,0.45630619391260513,2,15.0,0.47826857734856165,11,186.0
1150.0,15,70.0,0.8433734939759037,6.730077635612359,8,108.0,0.32408240464552057,2,25.0,0.45018733832640756,5,24.0,0.44974158979878925,15,157.0
1155.0,9,41.0,0.5125,6.865670175530624,3,112.0,0.3861637136794824,2,23.0,0.5732888048233624,4,31.0,0.4712067243522567,9,166.0
1160.0,11,57.0,0.6867469879518072,7.117820587380876,5,100.0,0.3965599960628098,2,34.0,0.5732859477390658,4,33.0,0.46492111379126283,11,167.0
1165.0,17,67.0,0.8072289156626506,5.833527800466298,12,143.0,0.3016591237373334,3,27.0,0.3751704953530362,2,35.0,0.409221741298436,17,205.0
1170.0,27,107.0,1.2891566265060241,3.98443225376582,11,165.0,0.15009105956239635,7,27.0,0.1874651313764038,9,56.0,0.24837412550355897,27,248.0
1175.0,29,126.0,1.5365853658536586,3.4677310528353513,10,157.0,0.17103514907558448,6,48.0,0.20161138300988668,13,104.0,0.1900526101987341,29,309.0
1180.0,25,127.0,1.4941176470588236,4.791725864615467,8,132.0,0.29346855803190364,4,37.0,0.4736130497277948,13,141.0,0.21750787762449833,25,310.0
1185.0,18,96.0,1.0786516853932584,6.149680068949873,8,124.0,0.3215802815517895,1,33.0,0.5686080131039698,9,125.0,0.31964796253754285,18,282.0
1190.0,14,57.0,0.6063829787234043,6.258849922490604,4,103.0,0.2861618723308916,2,24.0,0.5593996190273322,8,115.0,0.2816441529649927,14,242.0
1195.0,14,80.0,0.8602150537634409,6.182064500843181,5,118.0,0.2396102544313373,2,16.0,0.43136857390283273,7,124.0,0.353621878844306,14,258.0
1200.0,13,32.0,0.35555555555555557,5.566198938813078,5,122.0,0.25107823877700847,4,12.0,0.30906394188287767,4,119.0,0.3318200370132841,13,253.0
1205.0,14,45.0,0.5,6.034509561840468,4,96.0,0.3200268981567309,3,16.0,0.37191020925657076,7,108.0,0.3535689401219462,14,220.0
1210.0,18,79.0,0.8777777777777778,6.026492445959881,3,65.0,0.2995456414712705,9,42.0,0.4544352525333579,6,108.0,0.26991074748503047,18,215.0
1215.0,14,44.0,0.5176470588235295,5.245168831241226,3,55.0,0.2666671427286528,8,65.0,0.3819617528551182,3,90.0,0.2450933698563183,14,210.0
1220.0,16,54.0,0.6206896551724138,4.766716828596534,8,79.0,0.2098875182923356,4,47.0,0.3557780707932841,4,103.0,0.1648068915881948,16,229.0
1225.0,18,60.0,0.6741573033707865,4.928859071199987,8,99.0,0.2728484105885924,2,48.0,0.3084007413974569,8,131.0,0.20103600583477862,18,278.0
1230.0,16,63.0,0.7078651685393258,4.994439802420498,4,77.0,0.26883153982760877,7,57.0,0.31670373367387483,5,125.0,0.23526941314392544,16,259.0
1235.0,19,62.0,0.7209302325581395,4.71942892110461,4,53.0,0.31306258469173603,8,73.0,0.33431327945981215,7,107.0,0.18137635165944396,19,233.0
1240.0,19,68.0,0.7816091954022989,5.06525306669469,6,51.0,0.33186901193317736,7,64.0,0.35462924994621375,6,132.0,0.2351906536619858,19,247.0
1245.0,12,39.0,0.42391304347826086,5.052560877321798,1,33.0,0.348332096035663,5,79.0,0.28913934155123533,6,145.0,0.2551910928544119,12,257.0
1250.0,22,114.0,1.2,4.644874896641774,4,41.0,0.3206578077606476,8,94.0,0.2181129418561694,10,178.0,0.18861528749734116,22,313.0
1255.0,26,162.0,1.7419354838709677,4.0125270191407845,4,47.0,0.30467001708182373,13,141.0,0.11994548971274697,9,188.0,0.15098377926230183,26,376.0
1260.0,23,117.0,1.3146067415730338,4.284189241012745,3,37.0,0.24346171501281402,11,165.0,0.28352984368736006,9,170.0,0.19448500673928487,23,372.0
1265.0,21,90.0,1.0,4.867379981431114,5,40.0,0.32246204157541414,8,130.0,0.3266360496450451,8,140.0,0.2422329324456922,21,310.0
1270.0,19,101.0,1.074468085106383,4.992421077066719,5,54.0,0.38332299385433016,7,100.0,0.30422607610952795,7,158.0,0.27832245584537535,19,312.0
1275.0,18,61.0,0.6354166666666666,4.724993955329638,3,54.0,0.3493684263266067,8,120.0,0.23942679435126962,7,188.0,0.3498211329609043,18,362.0
1280.0,22,81.0,0.8350515463917526,4.6410704568624395,5,39.0,0.29845345325079353,11,165.0,0.13614684995812484,6,196.0,0.25307369483659614,22,400.0
1285.0,25,136.0,1.431578947368421,4.210777142863243,8,53.0,0.18114487426085052,14,229.0,0.23861422738923893,3,169.0,0.27310035143732564,25,451.0
1290.0,26,114.0,1.2127659574468086,3.5697902116771556,10,79.0,0.15352332631896254,11,251.0,0.22550134144277703,5,178.0,0.17091434488744586,26,508.0
1295.0,23,118.0,1.1568627450980393,4.236672482849524,10,103.0,0.22735908794519943,7,221.0,0.2279323874597971,6,205.0,0.22976044613220215,23,529.0
1300.0,21,98.0,0.9702970297029703,4.525036296808596,7,113.0,0.3117875547591779,8,169.0,0.2517750903161851,6,197.0,0.2532837431242262,21,479.0
1305.0,19,49.0,0.47115384615384615,4.47721062049835,6,108.0,0.3026280477768655,7,187.0,0.22147967615718747,6,178.0,0.2665815699535703,19,473.0
1310.0,20,93.0,0.9029126213592233,4.698992410439335,6,120.0,0.20212441221195412,8,217.0,0.33263358826798034,6,147.0,0.23339782623873528,20,484.0
1315.0,20,97.0,0.97,4.25067253516335,8,138.0,0.14991895793404642,7,218.0,0.3005630718028404,5,139.0,0.2214768378256965,20,495.0
1320.0,12,46.0,0.45098039215686275,4.303900836679355,5,144.0,0.18143336698722298,6,186.0,0.2886259469941667,1,113.0,0.2873223795274089,12,443.0
1325.0,17,60.0,0.5660377358490566,4.638033698544565,6,135.0,0.20173388261341907,6,178.0,0.2419534202557139,5,94.0,0.2650664513127557,17,407.0
1330.0,27,166.0,1.5961538461538463,4.284542732578149,10,172.0,0.17121686696954574,8,194.0,0.17977019946696934,9,128.0,0.246877385703738,27,494.0
1335.0,31,210.0,2.1649484536082473,3.0323964132294017,14,235.0,0.06974703258203747,10,205.0,0.11908453759596452,7,137.0,0.22888122320341628,31,577.0
1340.0,31,170.0,1.7708333333333333,3.316227326273553,13,266.0,0.10518939217171928,11,189.0,0.20593450847080522,7,103.0,0.2907309606356517,31,558.0
1345.0,19,127.0,1.2959183673469388,4.621906425028115,11,239.0,0.1831813482613188,5,202.0,0.3123927239485218,3,65.0,0.34256177780922314,19,506.0
1350.0,24,141.0,1.3428571428571427,4.812537896616295,10,284.0,0.22420780363046366,10,216.0,0.2469423635420629,4,49.0,0.3368850853720549,24,549.0
1355.0,34,211.0,2.0485436893203883,4.377889417870098,14,348.0,0.129327952292513,15,268.0,0.21902306027575302,5,60.0,0.26815777140662156,34,676.0
1360.0,42,331.0,3.2135922330097086,3.727588710164523,10,370.0,0.11556541194649657,23,369.0,0.1400214295850303,9,85.0,0.30503634220145054,42,824.0
1365.0,40,340.0,3.238095238095238,3.8630876999235104,7,334.0,0.1788575587528717,24,427.0,0.15890053437017893,9,118.0,0.39150059916139596,40,879.0
1370.0,38,329.0,3.1333333333333333,3.6141810580879374,4,347.0,0.26094115767228376,22,415.0,0.12651004240441688,12,164.0,0.3713116196216791,38,926.0
1375.0,33,239.0,2.212962962962963,3.750040473759529,5,366.0,0.23625439620511907,18,478.0,0.1470639781951991,10,166.0,0.3277289453718138,33,1010.0
1380.0,29,161.0,1.4770642201834863,4.259098476156391,6,355.0,0.2296615361979177,17,569.0,0.13948320018564628,6,130.0,0.3073668005998867,29,1054.0
1385.0,26,126.0,1.1454545454545455,3.7419821384431904,5,306.0,0.21857503737204376,11,574.0,0.14860884146396694,10,138.0,0.2146825837289218,26,1018.0
1390.0,27,129.0,1.1944444444444444,3.3871660406068704,5,295.0,0.26604939665674465,7,491.0,0.17411521883226638,15,177.0,0.2245339692711209,27,963.0
1395.0,28,149.0,1.3303571428571428,3.970933776177282,7,322.0,0.269389678437981,6,386.0,0.17261213184233995,15,220.0,0.2452548509539512,28,928.0
1400.0,20,133.0,1.1271186440677967,4.634218558107917,4,305.0,0.31854182232339406,5,333.0,0.2600795724483811,11,247.0,0.30949969339903305,20,885.0
1405.0,18,65.0,0.5508474576271186,4.866917866223062,5,248.0,0.24322609420606084,3,287.0,0.28664894919805717,10,238.0,0.3375708665223469,18,773.0
1410.0,25,147.0,1.225,4.839926726733117,6,221.0,0.2718907512706849,7,277.0,0.26831726319406785,12,244.0,0.23346270436334138,25,742.0
1415.0,33,188.0,1.5666666666666667,3.7598710336136563,6,221.0,0.16931462267947214,11,272.0,0.2514057209029786,16,304.0,0.11097908688936249,33,797.0
1420.0,37,207.0,1.725,3.748827124136338,10,223.0,0.2397392337477499,9,231.0,0.21242777497884896,18,348.0,0.15545110586328023,37,802.0
1425.0,25,163.0,1.3697478991596639,4.445435964851519,7,219.0,0.2589168580773205,5,156.0,0.25701605979637676,13,336.0,0.25472911050591784,25,711.0
1430.0,26,127.0,1.0672268907563025,3.755191606881216,7,183.0,0.28808923128127867,6,162.0,0.2301679851429296,13,351.0,0.20644612182279368,26,696.0
1435.0,28,117.0,0.9435483870967742,4.0121276506303,4,155.0,0.27267487114980393,7,159.0,0.2149480350058183,17,426.0,0.17977459066425733,28,740.0
1440.0,32,139.0,1.1300813008130082,3.9193107556403333,9,168.0,0.19704095665057245,7,146.0,0.18340787926727098,16,456.0,0.14706318136535854,32,770.0
1445.0,30,87.0,0.7435897435897436,3.375674749130628,13,185.0,0.1558382273985169,9,125.0,0.20476629158990167,8,374.0,0.179600025315439,30,684.0
1450.0,19,55.0,0.4782608695652174,3.68536176109049,7,159.0,0.22365757293222996,5,135.0,0.24094065274593604,7,393.0,0.21322542897889724,19,687.0
1455.0,23,76.0,0.628099173553719,3.5058672412042906,4,162.0,0.1528156277283805,7,144.0,0.17503570882861322,12,427.0,0.17941326076149192,23,733.0
1460.0,36,177.0,1.4508196721311475,3.2676752411598002,12,184.0,0.09402350821107966,8,143.0,0.1558598909187037,16,493.0,0.17396664026363604,36,820.0
1465.0,34,177.0,1.5663716814159292,2.8227574248198026,10,192.0,0.18111882764270373,7,118.0,0.1746866061187913,17,507.0,0.13794455469497227,34,817.0
1470.0,28,127.0,1.1238938053097345,3.556805895383481,4,137.0,0.2729437950484597,7,96.0,0.29897015201129096,17,455.0,0.14224823705797338,28,688.0
1475.0,27,162.0,1.3846153846153846,4.926610913859554,4,81.0,0.2913603929379107,7,92.0,0.402053054988415,16,400.0,0.20266460439524137,27,573.0
1480.0,23,174.0,1.4621848739495797,4.543653675661302,4,89.0,0.2858220236941009,6,106.0,0.34140824305181955,13,364.0,0.19858138611312715,23,559.0
1485.0,28,179.0,1.4672131147540983,4.619992200718644,8,112.0,0.32053676631719885,10,137.0,0.2880076838845052,10,365.0,0.20969904566776595,28,614.0
1490.0,33,177.0,1.5,4.4349222335135385,15,170.0,0.21705912609697312,9,137.0,0.273875440818931,9,359.0,0.2525778581675797,33,666.0
1495.0,38,242.0,2.1228070175438596,3.9261674160862996,13,199.0,0.16278345639020617,11,110.0,0.2380321584653719,14,407.0,0.19276063343441582,38,716.0
1500.0,36,194.0,1.7168141592920354,3.0974094950191655,11,187.0,0.1778198666002163,10,132.0,0.18163075639092371,15,421.0,0.15070144188282078,36,740.0
1505.0,27,114.0,1.027027027027027,4.026968088023053,10,229.0,0.24117113171207985,7,132.0,0.28731263654944456,10,339.0,0.2530156962038988,27,700.0
1510.0,27,105.0,0.8677685950413223,4.150206067445489,13,285.0,0.20298573447886686,4,103.0,0.2986112189026219,10,297.0,0.2153074599910675,27,685.0
1515.0,32,113.0,0.9112903225806451,4.3837394931391565,14,312.0,0.12128294490362047,6,102.0,0.28963506459251626,12,218.0,0.2807032637773147,32,632.0
1520.0,24,64.0,0.5289256198347108,4.428111832892693,12,293.0,0.12401914718748905,8,106.0,0.22783088911340935,4,215.0,0.3305990572267383,24,614.0
1525.0,20,61.0,0.5258620689655172,4.62318711267266,7,325.0,0.18449690573406827,5,85.0,0.26136031802235465,8,229.0,0.33090776532902866,20,639.0
1530.0,27,139.0,1.219298245614035,4.081867313112932,8,350.0,0.13755368219863426,4,87.0,0.2265599162692939,15,288.0,0.210736662400074,27,725.0
1535.0,32,167.0,1.4910714285714286,3.1946667107431965,9,348.0,0.14857176969103406,8,107.0,0.15816603860506315,15,306.0,0.09179157094319049,32,761.0
1540.0,33,117.0,1.0833333333333333,3.6617199923625954,9,244.0,0.1440700046988834,11,125.0,0.28940502004071333,13,255.0,0.18055926066704778,33,624.0
1545.0,22,82.0,0.7192982456140351,4.814531294890607,4,203.0,0.3108129652529721,8,111.0,0.3734251474820825,10,295.0,0.226328037974495,22,609.0
1550.0,19,55.0,0.4700854700854701,4.70810180640309,4,187.0,0.2966909674893575,6,105.0,0.3668321383429847,9,340.0,0.2044143948769052,19,632.0
1555.0,25,93.0,0.775,4.408754579528661,8,214.0,0.23535802357777794,8,123.0,0.26438830206812086,9,331.0,0.15439424978730587,25,668.0
1560.0,27,85.0,0.7456140350877193,3.533249544071113,8,212.0,0.16339443989431637,9,131.0,0.23920161397799503,10,273.0,0.17971349582473956,27,616.0
1565.0,19,58.0,0.5132743362831859,3.806852294846124,6,168.0,0.2512487201055105,8,115.0,0.25627507607241234,5,292.0,0.21665698187573634,19,575.0
1570.0,24,113.0,0.9262295081967213,4.2136991619216735,6,181.0,0.25514593814485914,8,103.0,0.3084931625413707,10,319.0,0.18189012252433756,24,603.0
1575.0,31,177.0,1.4274193548387097,3.2755683933392805,9,216.0,0.15861938949926374,7,115.0,0.2457239880805955,15,387.0,0.11330609027207057,31,718.0
1580.0,32,174.0,1.392,2.9154381019714437,8,216.0,0.15540338502833995,9,106.0,0.19781969378391126,15,392.0,0.1063413383896635,32,714.0
1585.0,34,168.0,1.344,3.747616867396284,9,169.0,0.16264032685479635,13,136.0,0.29796218719688344,12,333.0,0.13688591532225236,34,638.0
1590.0,36,226.0,1.8225806451612903,3.8784496415037126,6,171.0,0.18466105245447245,17,211.0,0.291050716851112,13,393.0,0.12636718995863896,36,775.0
1595.0,38,226.0,1.808,3.554137707279496,8,197.0,0.17864537499180003,16,246.0,0.08012254731699736,14,459.0,0.11345072512473275,38,902.0
1600.0,36,156.0,1.3448275862068966,3.1514102821592007,9,200.0,0.19476007446567484,12,226.0,0.14606084422466314,15,467.0,0.14784762605316776,36,893.0
1605.0,20,72.0,0.6260869565217392,3.614633633977494,6,148.0,0.1726922538761652,4,243.0,0.3266541221919708,10,392.0,0.17196984727510353,20,783.0
1610.0,20,74.0,0.6065573770491803,4.508986017411663,5,147.0,0.20590074622270926,8,256.0,0.3050629553414485,7,279.0,0.2165307357370846,20,682.0
1615.0,29,172.0,1.376,4.795384012293328,7,167.0,0.1773300436451134,16,318.0,0.19793067461527075,6,204.0,0.27533487046972094,29,689.0
1620.0,36,229.0,1.846774193548387,3.8540036261608073,9,161.0,0.11161196169604355,22,410.0,0.1267146022562675,5,205.0,0.28180118212749117,36,776.0
1625.0,36,230.0,1.9166666666666667,3.8101225955119964,10,139.0,0.15146832054802487,18,436.0,0.19697813867178834,8,207.0,0.2196935424958316,36,782.0
1630.0,30,141.0,1.1557377049180328,3.855696553932227,6,158.0,0.24598912104050433,16,346.0,0.16345594700675334,8,204.0,0.26172350259445326,30,708.0
1635.0,26,122.0,0.991869918699187,4.385032391562758,10,189.0,0.23791254632677283,10,369.0,0.2314950985168207,6,161.0,0.3075089420748003,26,719.0
1640.0,29,157.0,1.2764227642276422,3.9475552052965583,13,252.0,0.18452733428210935,10,405.0,0.21429250692731408,6,153.0,0.18938489194105437,29,810.0
1645.0,35,153.0,1.2644628099173554,3.2628237598382923,13,269.0,0.09949920545469049,12,396.0,0.13980001728299643,10,180.0,0.174786613330459,35,845.0
1650.0,30,164.0,1.4137931034482758,3.7592461314465786,9,239.0,0.23395699113085466,7,317.0,0.2266011828512136,14,231.0,0.18452107862606332,30,787.0
1655.0,27,139.0,1.1487603305785123,4.070134750412317,10,178.0,0.2602554862551952,5,320.0,0.25002589944203274,12,246.0,0.19898755019109976,27,744.0
1660.0,30,117.0,0.9285714285714286,3.9580730393252006,8,206.0,0.22082233250703748,10,343.0,0.25902816390810945,12,216.0,0.14815508759757764,30,765.0
1665.0,43,190.0,1.484375,3.5597458896313148,12,237.0,0.1603328718251879,18,414.0,0.15549862371601972,13,264.0,0.12507691352707073,43,915.0
1670.0,45,290.0,2.377049180327869,2.8646616452568954,8,247.0,0.12543909845389048,24,516.0,0.102113072109385,13,307.0,0.12675880749619006,45,1070.0
1675.0,42,284.0,2.4695652173913043,2.843894074273865,6,208.0,0.2134229743436505,23,549.0,0.11616741048568373,13,320.0,0.09575890100254211,42,1077.0
1680.0,39,213.0,1.868421052631579,2.9366763458469647,7,228.0,0.1672372357847529,17,485.0,0.17919216753197445,15,297.0,0.19016901791822619,39,1010.0
1685.0,30,173.0,1.453781512605042,3.7196992759179532,8,253.0,0.2092364870196072,17,396.0,0.17041271401928842,5,303.0,0.24110333075819737,30,952.0
1690.0,32,190.0,1.5702479338842976,4.313678651053599,11,302.0,0.24104566871417626,10,349.0,0.27943006749028654,11,310.0,0.208397614086999,32,961.0
1695.0,32,168.0,1.3884297520661157,3.951872976055895,12,302.0,0.19142056187180675,4,331.0,0.3047520625041325,16,354.0,0.1432048461017084,32,987.0
1700.0,28,149.0,1.2521008403361344,4.009159980461417,7,241.0,0.23885596351639005,6,330.0,0.33052612302532935,15,370.0,0.09403902783573712,28,941.0
1705.0,34,144.0,1.2,4.093352012216697,10,183.0,0.2239974708336651,9,318.0,0.29451862743997076,15,335.0,0.1169323002080838,34,836.0
1710.0,30,133.0,1.0901639344262295,4.313339437363961,9,178.0,0.30923040885725717,8,257.0,0.26445493682457755,13,396.0,0.19007184423195045,30,831.0
1715.0,30,138.0,1.1129032258064515,4.213702795957966,13,169.0,0.2933744738068114,4,260.0,0.24487166793153886,13,438.0,0.15249640649642396,30,867.0
1720.0,31,109.0,0.8650793650793651,4.083042241952899,6,171.0,0.3127604191483572,10,269.0,0.19548278463408073,15,453.0,0.11843642361630494,31,893.0
1725.0,33,163.0,1.393162393162393,4.258023999009846,6,156.0,0.32516903831922084,16,331.0,0.18340154936005565,11,407.0,0.13191244350290238,33,894.0
1730.0,33,182.0,1.625,3.682315491953798,10,189.0,0.2307739941323698,18,343.0,0.10756300764751625,5,426.0,0.16335638447885087,33,958.0
1735.0,32,160.0,1.4678899082568808,3.674209630155537,8,197.0,0.23350337080903327,14,293.0,0.10874889207108797,10,461.0,0.2064024339489238,32,951.0
1740.0,31,150.0,1.4018691588785046,4.18636158131599,7,148.0,0.32855407571612966,11,229.0,0.26587916158395847,13,453.0,0.1862874229577563,31,830.0
1745.0,21,87.0,0.7837837837837838,4.315245057103711,5,172.0,0.36681678949997276,4,222.0,0.3051605249650258,12,377.0,0.1676376155423056,21,771.0
1750.0,22,54.0,0.4462809917355372,4.444543167161926,9,195.0,0.3353864138894832,7,223.0,0.2833219147423313,6,365.0,0.1798790861764586,22,783.0
1755.0,23,94.0,0.7704918032786885,4.390787515164838,8,233.0,0.2244529094846293,6,200.0,0.22489233148911156,9,383.0,0.1948860689646032,23,816.0
1760.0,28,90.0,0.7377049180327869,3.3767495251131114,10,240.0,0.2119342284508367,8,138.0,0.13719831713417502,10,365.0,0.17991010897727602,28,743.0
1765.0,29,115.0,0.9504132231404959,4.086348892837128,12,221.0,0.27289911946564516,7,111.0,0.3123392570382112,10,302.0,0.20947891647474673,29,634.0
1770.0,32,203.0,1.5859375,4.762425756960962,9,218.0,0.33636468986420154,11,116.0,0.3460332832734039,12,235.0,0.23014327968469114,32,569.0
1775.0,30,204.0,1.489051094890511,4.717845788604945,10,246.0,0.2602680824715351,10,132.0,0.3685364756559444,10,188.0,0.22851256083306376,30,566.0
1780.0,35,263.0,1.8920863309352518,4.980617381063685,13,283.0,0.21697301303574665,12,144.0,0.3053128614281979,10,188.0,0.29449992462521374,35,615.0
1785.0,38,252.0,1.8666666666666667,4.677639646867455,15,347.0,0.1320034018652138,13,160.0,0.17041819755228266,10,186.0,0.2992157046395081,38,693.0
1790.0,40,221.0,1.768,4.1958945313420895,16,375.0,0.07916025969988298,14,197.0,0.16716121012104626,10,173.0,0.25804283047079135,40,745.0
1795.0,33,181.0,1.5739130434782609,3.906806588848181,12,350.0,0.18159638104599315,10,202.0,0.1870628540667597,11,175.0,0.21751993963067617,33,727.0
1800.0,32,123.0,1.0603448275862069,3.7860013922922526,10,388.0,0.22957383192660957,7,214.0,0.24029089889306782,15,208.0,0.21574161491307103,32,810.0
1805.0,38,147.0,1.1951219512195121,3.7127097989275906,16,436.0,0.13967887516859995,8,213.0,0.23159452550533105,14,204.0,0.18520556523582626,38,853.0
1810.0,45,239.0,1.8671875,3.7649151259297122,21,523.0,0.11021358204388566,14,222.0,0.1593075803682121,10,225.0,0.19620536809159533,45,970.0
1815.0,49,329.0,2.653225806451613,3.2515878620711463,23,632.0,0.07818887597824913,16,249.0,0.12439466297702442,10,238.0,0.18491160552909458,49,1119.0
1820.0,43,382.0,3.1311475409836067,3.212108236286332,25,746.0,0.12241245580152256,9,217.0,0.16508802275180195,9,251.0,0.1626641686637326,43,1214.0
1825.0,40,363.0,3.025,3.558524962513298,23,774.0,0.1897574080447628,9,154.0,0.23000414446062672,8,230.0,0.2315405111420442,40,1158.0
1830.0,38,242.0,1.9516129032258065,3.1002883234250422,21,700.0,0.14337902954191056,8,173.0,0.230731632694918,9,245.0,0.17720590859826107,38,1118.0
1835.0,40,228.0,1.7674418604651163,3.424342818052025,14,747.0,0.13032738621447296,12,202.0,0.22416730715385433,14,260.0,0.1511363456870256,40,1209.0
1840.0,42,243.0,1.8409090909090908,3.6161466752604383,20,820.0,0.15729828187725353,10,231.0,0.256626671360342,12,278.0,0.1059418764531,42,1329.0
1845.0,48,334.0,2.6507936507936507,3.677533044768587,20,914.0,0.14238244930923966,15,282.0,0.2721105384681825,13,256.0,0.12980525814631913,48,1452.0
1850.0,39,301.0,2.4274193548387095,3.568883538127386,21,1020.0,0.12535435042419335,11,274.0,0.2505095335336594,7,238.0,0.1478494977265325,39,1532.0
1855.0,43,371.0,3.016260162601626,3.5592578589115993,26,1142.0,0.13448705396700786,8,208.0,0.25821222065650695,9,243.0,0.16808716950806687,43,1593.0
1860.0,46,392.0,3.186991869918699,2.7989463649800097,24,1149.0,0.10557491144990021,7,233.0,0.24158995959059867,15,279.0,0.14961768065758324,46,1661.0
1865.0,46,327.0,2.680327868852459,3.1378017165192893,22,989.0,0.12022618900298258,9,242.0,0.2648592866497661,15,303.0,0.140939164002384,46,1534.0
1870.0,38,226.0,1.808,3.4637973355798097,16,1001.0,0.1405770823571772,10,235.0,0.3027454417805987,12,247.0,0.13662165155217093,38,1483.0
1875.0,36,163.0,1.2834645669291338,3.315774701426275,16,1074.0,0.17743558633852005,9,183.0,0.2399806580437777,11,281.0,0.1647011032857264,36,1538.0
1880.0,37,194.0,1.5275590551181102,3.5764669418324124,17,1160.0,0.11730952596008912,6,185.0,0.2037713845815856,14,298.0,0.14567098301225193,37,1643.0
1885.0,31,148.0,1.2231404958677685,3.3657810760639832,16,1117.0,0.12681336886329775,5,169.0,0.224652649292058,10,303.0,0.13449733702682967,31,1589.0
1890.0,32,120.0,1.0256410256410255,3.683995738727039,10,960.0,0.15745951217222892,11,198.0,0.2386847271819183,11,258.0,0.16274502929090082,32,1416.0
1895.0,27,109.0,0.9083333333333333,4.056101798522984,9,741.0,0.19614610853677297,9,206.0,0.31779807134341176,9,274.0,0.14330489203619412,27,1221.0
1900.0,25,82.0,0.656,4.508984252068404,7,758.0,0.2525113579831948,7,127.0,0.3219423941901027,11,298.0,0.19090622970232574,25,1183.0
1905.0,32,169.0,1.3629032258064515,5.060047712322246,9,790.0,0.2676494576579538,7,103.0,0.35599098744512253,16,340.0,0.21791859205002548,32,1233.0
1910.0,33,228.0,1.9487179487179487,3.7575491175547615,11,744.0,0.1780755904275884,2,106.0,0.32430547571896823,20,417.0,0.15127785149094602,33,1267.0
1915.0,45,365.0,3.1739130434782608,3.6986430775862043,12,620.0,0.16914770024555825,8,130.0,0.30667041383333155,25,527.0,0.09661450399092691,45,1277.0
1920.0,38,332.0,2.7899159663865545,3.315795778844563,5,575.0,0.18671061421209373,7,140.0,0.2667242582197708,26,576.0,0.056506437554536965,38,1291.0
1925.0,38,247.0,2.205357142857143,3.967452811602793,11,599.0,0.20839381379852548,5,108.0,0.33326066798357296,22,538.0,0.14535434220019391,38,1245.0
1930.0,31,215.0,1.936936936936937,4.394293885614718,10,552.0,0.15933454392853644,4,65.0,0.4041626197610608,17,445.0,0.21294157447400036,31,1062.0
1935.0,23,195.0,1.8055555555555556,4.575600591311054,7,437.0,0.1959129010465177,1,64.0,0.38168227215417266,15,400.0,0.2460866817138737,23,901.0
1940.0,24,206.0,1.889908256880734,5.636437404579779,6,267.0,0.21853072050282737,7,71.0,0.3745757377105179,11,365.0,0.3489241949178648,24,703.0
1945.0,20,152.0,1.4074074074074074,5.932911253456553,5,189.0,0.27393325555261316,11,117.0,0.33522598481589794,4,321.0,0.33475266542758386,20,627.0
1950.0,28,244.0,2.30188679245283,5.701928022513645,6,124.0,0.32562776302454,15,183.0,0.2249713063497513,7,299.0,0.3075857079505862,28,606.0
1955.0,25,146.0,1.46,4.22462854719153,1,95.0,0.2928001860767966,17,222.0,0.15073589747971672,7,299.0,0.18508691933824187,25,616.0
1960.0,31,134.0,1.3535353535353536,4.454427213280521,9,62.0,0.29196246745581067,16,216.0,0.13475757522411613,6,264.0,0.2689749811400891,31,542.0
1965.0,30,136.0,1.3333333333333333,4.294393843672911,12,111.0,0.27246497619826077,13,261.0,0.13372503446006337,5,258.0,0.288695371099719,30,630.0
1970.0,26,142.0,1.42,4.458804865829348,9,116.0,0.20580068877403582,12,314.0,0.14643847808254012,5,249.0,0.30346657666830495,26,679.0
1975.0,30,152.0,1.5353535353535352,4.019170486232128,9,101.0,0.2124561599666657,15,382.0,0.1514517946622988,6,228.0,0.19835432226665925,30,711.0
1980.0,35,246.0,2.46,4.555173584547242,8,94.0,0.24766076825511202,22,479.0,0.2045649129895494,5,187.0,0.22985590557606417,35,760.0
1985.0,29,213.0,2.048076923076923,3.8594607972205486,4,105.0,0.2347074309290655,23,512.0,0.10724141688725726,2,194.0,0.26427619055052387,29,811.0
1990.0,33,173.0,1.6320754716981132,4.705349676192558,7,126.0,0.29684908224501566,21,467.0,0.09509674989227274,5,206.0,0.3530067975127181,33,799.0
1995.0,26,166.0,1.5809523809523809,4.919333573792099,3,126.0,0.3221529442725338,15,512.0,0.15248171881192624,8,237.0,0.3272369966243802,26,875.0
2000.0,26,125.0,1.2376237623762376,4.3190828334361475,6,116.0,0.30571773253877377,11,566.0,0.19391362971604428,9,235.0,0.18238469667398105,26,917.0
2005.0,22,73.0,0.7019230769230769,3.788377998999993,5,124.0,0.2384812722634925,9,551.0,0.1957241881686629,8,166.0,0.16416623819632084,22,841.0
2010.0,22,67.0,0.6146788990825688,4.12468933187997,7,142.0,0.25647552117420275,7,472.0,0.16519909064103072,8,190.0,0.25352152353911117,22,804.0
2015.0,22,99.0,0.9252336448598131,4.15124384741239,9,180.0,0.22821134618078348,7,493.0,0.1779348647120028,6,211.0,0.25830367036772445,22,884.0
2020.0,25,106.0,0.9906542056074766,3.8610659661737614,9,184.0,0.22848706039478925,9,514.0,0.13059264069967152,7,198.0,0.20354854839206502,25,896.0
2025.0,25,88.0,0.88,3.54284478567563,8,155.0,0.215683660883202,11,494.0,0.19786803012420778,6,156.0,0.21072715535526554,25,805.0
2030.0,22,87.0,0.8446601941747572,3.833026070293991,10,193.0,0.19960378221509928,9,403.0,0.17041809366035046,3,116.0,0.3098258255110631,22,712.0
2035.0,23,126.0,1.1454545454545455,4.50597426041586,13,242.0,0.20425752678031042,6,295.0,0.22797791265589776,4,120.0,0.3409486798171303,23,657.0
2040.0,21,122.0,1.1401869158878504,4.478934983160187,9,254.0,0.258030512867681,4,191.0,0.2463400220253366,8,141.0,0.3367276635932965,21,586.0
2045.0,16,152.0,1.4901960784313726,5.007795953553438,4,209.0,0.3255326711363143,7,119.0,0.3723956540357582,5,152.0,0.3435194951349641,16,480.0
2050.0,14,40.0,0.36036036036036034,4.514417897807442,4,198.0,0.30193617002935946,4,104.0,0.3625227405336967,6,127.0,0.2354268943090291,14,429.0
2055.0,28,107.0,0.9385964912280702,4.521367997034737,8,231.0,0.1633986203532476,7,106.0,0.32064498741590314,13,129.0,0.18663713565637916,28,466.0
2060.0,29,115.0,1.0267857142857142,3.103334580159026,6,232.0,0.13515074711070335,9,116.0,0.1559967036480096,14,168.0,0.1102373582693391,29,516.0
2065.0,25,93.0,0.8378378378378378,3.9167450883769988,5,195.0,0.2822391097084029,9,109.0,0.32360882145001013,11,183.0,0.2008642677229601,25,487.0
2070.0,17,60.0,0.5084745762711864,4.538395788603903,4,184.0,0.2914288487525365,6,96.0,0.3632428968622783,7,190.0,0.2511957612967178,17,470.0
2075.0,23,82.0,0.656,4.2550091791621005,8,207.0,0.23653172486209342,3,82.0,0.25056997049498786,12,218.0,0.2041865799365679,23,507.0
2080.0,29,102.0,0.8292682926829268,3.746379257670591,10,217.0,0.15704826445654868,7,67.0,0.25673333309851387,12,237.0,0.11789489875573433,29,521.0
2085.0,27,77.0,0.652542372881356,3.6872463138175458,7,189.0,0.1560629258837849,10,82.0,0.26736626478195874,10,214.0,0.14885122618817892,27,485.0
2090.0,20,88.0,0.7521367521367521,4.526358736570706,4,206.0,0.2343031225610248,9,88.0,0.3025995784020941,7,162.0,0.2691336537971755,20,456.0
2095.0,24,124.0,0.9841269841269841,4.635583758971014,11,229.0,0.2118002865175976,6,102.0,0.23606416713659156,7,145.0,0.30142005414450235,24,476.0
2100.0,21,83.0,0.6859504132231405,4.455903307600645,10,230.0,0.14651485492136324,8,105.0,0.18428125941108472,3,113.0,0.35857619430744314,21,448.0
2105.0,28,92.0,0.7931034482758621,4.166560680150506,9,186.0,0.1338858077962293,11,113.0,0.20220096615054153,8,95.0,0.24600080232915092,28,394.0
2110.0,28,133.0,1.1981981981981982,4.038477290215361,5,195.0,0.218350789658669,9,117.0,0.241408860587684,14,156.0,0.2783916562700556,28,468.0
2115.0,27,177.0,1.6238532110091743,4.250598032843791,8,223.0,0.21840038662396707,7,107.0,0.23833289162508978,12,180.0,0.27999859185302656,27,510.0
2120.0,22,152.0,1.3693693693693694,4.09823655861504,9,214.0,0.18746112114846464,7,118.0,0.34559486650820254,6,152.0,0.2790887212883756,22,484.0
2125.0,24,171.0,1.4869565217391305,4.164770056206625,6,145.0,0.19483433110973133,11,149.0,0.3005718906150524,7,138.0,0.2750726869918387,24,432.0
2130.0,28,237.0,1.9268292682926829,4.673419012124306,6,98.0,0.23359939589922518,13,203.0,0.39052041384360425,9,171.0,0.2436712654252188,28,472.0
2135.0,22,144.0,1.170731707317073,4.47544099595004,6,89.0,0.23666826467559346,9,198.0,0.3685167669677999,7,168.0,0.2002148226967866,22,455.0
2140.0,20,57.0,0.456,4.361410649972388,5,81.0,0.23065863659169203,9,134.0,0.33175979752843615,6,127.0,0.17505437996100884,20,342.0
2145.0,20,55.0,0.4296875,4.517964626812256,9,85.0,0.23918912482823254,7,121.0,0.3052101030336346,4,117.0,0.1942053772961255,20,323.0
2150.0,32,146.0,1.2066115702479339,4.13926200635871,14,138.0,0.24553266252395337,11,143.0,0.13698790600870916,7,135.0,0.21615954929265122,32,416.0
2155.0,31,139.0,1.2410714285714286,2.967179752332785,15,173.0,0.15279771541834844,8,141.0,0.18683685743436734,8,145.0,0.14696561836263486,31,459.0
2160.0,23,82.0,0.7130434782608696,3.7954363030170604,14,179.0,0.15770015283812905,6,111.0,0.3118875879968145,3,116.0,0.17874838584862593,23,406.0
2165.0,27,106.0,0.905982905982906,4.593240243266835,15,230.0,0.1627302655188706,9,103.0,0.38479515759233995,3,68.0,0.21126925905054564,27,401.0
2170.0,25,92.0,0.7796610169491526,3.879286165352678,14,287.0,0.14942706842385378,8,118.0,0.21016058913063865,3,72.0,0.21416644355526984,25,477.0
2175.0,29,111.0,0.9568965517241379,3.506375477838149,14,314.0,0.16758010047790312,9,114.0,0.1695396713149726,6,96.0,0.2655860636220036,29,524.0
2180.0,23,70.0,0.6086956521739131,3.4335745761483176,11,274.0,0.13544551143758068,3,105.0,0.3198781692599934,9,103.0,0.22303135511285072,23,482.0
2185.0,24,94.0,0.7899159663865546,4.414276303960741,9,246.0,0.16902473826696313,8,91.0,0.4090741917680181,7,88.0,0.1876774607123044,24,425.0
2190.0,16,46.0,0.3770491803278688,4.085489505198155,7,261.0,0.172989350083633,5,96.0,0.3499296627437616,4,98.0,0.15414229840203528,16,455.0
2195.0,24,89.0,0.7235772357723578,4.313352689333916,9,260.0,0.21815062022412904,6,86.0,0.22981629079362467,9,127.0,0.22087045101690514,24,473.0
2200.0,29,132.0,1.11864406779661,3.269287512664023,8,262.0,0.21233334596107883,4,84.0,0.23357007147703807,17,194.0,0.10230280754095376,29,540.0
2205.0,32,154.0,1.305084745762712,3.348674645695793,9,227.0,0.18873022970218406,7,89.0,0.2821753182104715,16,238.0,0.07649695343007472,32,554.0
2210.0,30,153.0,1.2966101694915255,3.929404734958909,11,199.0,0.1628987896081768,6,101.0,0.42320152525532584,13,232.0,0.12047635440620612,30,532.0
2215.0,26,158.0,1.3620689655172413,4.838605164240582,11,198.0,0.2531295604297494,4,78.0,0.4063329691214767,11,197.0,0.23084340522358796,26,473.0
2220.0,19,102.0,0.8571428571428571,4.403092593187952,7,187.0,0.24176496125764765,5,55.0,0.36686190153644793,7,232.0,0.22813676432940597,19,474.0
2225.0,23,79.0,0.632,4.462379306915779,7,150.0,0.2875330180807144,4,55.0,0.25088256682621213,12,279.0,0.1778001491477074,23,484.0
2230.0,30,133.0,1.0991735537190082,4.018936066185877,7,149.0,0.21874482664338607,8,62.0,0.1987143084461447,15,346.0,0.17842086267029172,30,557.0
2235.0,35,142.0,1.2136752136752136,2.898799863979169,11,150.0,0.16819864449342284,10,85.0,0.20466838587128075,14,368.0,0.16258848902705036,35,603.0
2240.0,31,142.0,1.1833333333333333,4.249513501003283,11,146.0,0.2595948449626251,6,91.0,0.3296384180069897,14,345.0,0.2048758634962044,31,582.0
2245.0,25,88.0,0.6984126984126984,3.7166699867094555,5,133.0,0.2402191346940009,7,91.0,0.3182858243929227,13,379.0,0.1389293320957461,25,603.0
2250.0,27,94.0,0.706766917293233,4.0876457982473315,7,87.0,0.24174696409230365,5,94.0,0.19827003902564808,15,435.0,0.15583576257217216,27,616.0
2255.0,37,148.0,1.15625,3.4283624701696445,13,114.0,0.2200725855816787,10,108.0,0.16393877917690922,14,448.0,0.11629069520625926,37,670.0
2260.0,36,219.0,1.7661290322580645,3.692300142692876,19,199.0,0.19213667280903854,7,105.0,0.26799259500786565,10,404.0,0.18854325304448483,36,708.0
2265.0,34,261.0,2.088,3.9488563810864457,20,261.0,0.16159984786509846,6,107.0,0.39154531028315076,8,324.0,0.20731942827113334,34,692.0
2270.0,35,235.0,1.8503937007874016,3.890530224248209,21,268.0,0.11256982973361088,5,103.0,0.4092329552086884,9,299.0,0.22072422493369667,35,670.0
2275.0,36,248.0,1.8646616541353382,4.333121370161818,17,348.0,0.1556867370855404,8,92.0,0.334338911580132,11,268.0,0.24215629352729903,36,708.0
2280.0,39,231.0,1.7238805970149254,4.15223663762068,16,411.0,0.14080593119753562,14,116.0,0.16229314557922492,9,269.0,0.2797099871232917,39,796.0
2285.0,47,271.0,2.1338582677165356,3.5700568947612203,18,444.0,0.13399420490774425,21,205.0,0.03278175914896588,8,238.0,0.27994054563463716,47,887.0
2290.0,46,309.0,2.596638655462185,3.6316231567772115,12,420.0,0.16310853309695963,20,269.0,0.19870192071006948,14,238.0,0.212084454728588,46,927.0
2295.0,33,202.0,1.7565217391304349,3.327299086170549,8,456.0,0.2022516634633959,11,261.0,0.2248072879516034,14,260.0,0.1517965802994054,33,977.0
2300.0,30,134.0,1.1166666666666667,3.4894361292284,11,475.0,0.12083738622718936,7,286.0,0.26594292918165147,12,231.0,0.18815148492545727,30,992.0
2305.0,24,78.0,0.6290322580645161,3.686624525787535,12,470.0,0.13525025202830276,8,318.0,0.21174504442653103,4,207.0,0.24927154219803885,24,995.0
2310.0,38,167.0,1.31496062992126,3.841459533729092,14,422.0,0.13850807054240272,16,382.0,0.229155798495092,8,219.0,0.24041771864598982,38,1023.0
2315.0,34,143.0,1.1349206349206349,3.090120862330541,9,436.0,0.15576045209258668,18,397.0,0.1371433369733534,7,206.0,0.18985867615634103,34,1039.0
2320.0,28,130.0,1.015625,3.664623253856596,7,444.0,0.18488125611556466,14,335.0,0.19036315747962798,7,159.0,0.1941962688588297,28,938.0
2325.0,35,196.0,1.5433070866141732,4.477033405962516,14,496.0,0.14860062716237638,10,269.0,0.3022492371869775,11,144.0,0.28501860063988477,35,909.0
2330.0,33,244.0,1.983739837398374,3.6081398706389036,20,588.0,0.07437569836331101,7,217.0,0.24178339321029077,6,137.0,0.2620352220752352,33,942.0
2335.0,40,348.0,2.806451612903226,3.36767153718688,26,709.0,0.07168175495109941,5,206.0,0.2842081105215556,9,120.0,0.2805181577917097,40,1035.0
2340.0,49,410.0,3.306451612903226,3.322277789875632,30,759.0,0.0809370782701514,7,201.0,0.23751840361391985,12,163.0,0.24686059005806035,49,1123.0
2345.0,55,464.0,3.7419354838709675,3.335805082362734,25,714.0,0.10214354826366337,14,232.0,0.14748005480081022,16,236.0,0.15865013925516575,55,1182.0
2350.0,52,419.0,3.5508474576271185,3.007658524327838,24,606.0,0.11332464443517835,14,245.0,0.15023682978399044,14,264.0,0.13619249375897616,52,1115.0
2355.0,42,272.0,2.365217391304348,3.497387227971067,21,706.0,0.13263223304262783,9,259.0,0.2830710359728338,12,231.0,0.20071849074373735,42,1196.0
2360.0,35,233.0,1.9914529914529915,3.932662431507978,16,781.0,0.16003549232613234,8,239.0,0.23768158724238547,11,180.0,0.22569480928301822,35,1200.0
2365.0,34,207.0,1.7542372881355932,4.275998446647936,17,854.0,0.17984687866061877,8,199.0,0.23925542679245795,9,209.0,0.28979007688519476,34,1262.0
2370.0,32,157.0,1.353448275862069,3.826143028810564,14,838.0,0.15869769849375587,7,209.0,0.1573519600132217,11,248.0,0.26502143778188064,32,1295.0
2375.0,31,107.0,0.963963963963964,3.6904241208753206,13,730.0,0.13498992652868158,12,252.0,0.17427655580375132,6,248.0,0.21689980050230534,31,1230.0
2380.0,26,96.0,0.8807339449541285,4.069701286245621,12,567.0,0.1935728513096642,9,262.0,0.25421569110634545,5,214.0,0.2170344811698368,26,1043.0
2385.0,21,91.0,0.7913043478260869,4.852939065263732,10,495.0,0.2759033686750387,4,221.0,0.28671969462969943,7,193.0,0.3025909983806781,21,909.0
2390.0,16,124.0,1.0782608695652174,5.235849233626673,7,376.0,0.2557258120736546,4,147.0,0.3140990436135619,5,201.0,0.298295434089393,16,724.0
2395.0,17,159.0,1.394736842105263,5.476683268422482,8,331.0,0.37979627916005915,3,138.0,0.3085970975592624,6,213.0,0.29720015531546456,17,682.0
2400.0,19,146.0,1.2920353982300885,5.727704490882223,8,247.0,0.48149323711470904,8,165.0,0.23281042337381336,3,190.0,0.28846654298460084,19,602.0
2405.0,28,260.0,2.3636363636363638,5.347338864011599,8,196.0,0.45900476954137426,14,223.0,0.19741584344370142,6,161.0,0.21041924541596344,28,580.0
2410.0,34,237.0,2.257142857142857,3.8258961832681035,6,173.0,0.25157055587534055,16,255.0,0.13334214143694334,12,209.0,0.14750435548321927,34,637.0
2415.0,31,159.0,1.5142857142857142,3.6368507905747838,8,152.0,0.3026088100602213,13,220.0,0.10512593952923795,10,232.0,0.19042759885974833,31,604.0
2420.0,33,171.0,1.6764705882352942,4.634135553600147,11,153.0,0.3328675885517779,14,213.0,0.21878984378553645,8,175.0,0.31657658715802506,33,541.0
2425.0,32,224.0,2.174757281553398,4.599058326130473,14,175.0,0.2960914085417254,10,192.0,0.24635997617619657,8,213.0,0.2736308947714767,32,580.0
2430.0,30,209.0,2.0096153846153846,5.185559857480192,11,184.0,0.3299164501507004,6,170.0,0.3546295675115157,13,269.0,0.23817530084668193,30,623.0
2435.0,23,139.0,1.3495145631067962,5.663916259727303,6,147.0,0.3539892872572766,5,167.0,0.5378734435769412,12,281.0,0.22495823828014724,23,595.0
2440.0,14,148.0,1.4509803921568627,6.158404567842818,5,90.0,0.3382908952535311,5,156.0,0.6077287436181478,4,232.0,0.2585449058214849,14,478.0
2445.0,11,26.0,0.24761904761904763,5.039226903132165,2,89.0,0.2938330991289489,4,113.0,0.3988990614664616,5,245.0,0.23533536699213373,11,447.0
2450.0,25,89.0,0.8165137614678899,4.2958210231395855,7,84.0,0.23104760987191994,6,74.0,0.21057314810066086,12,285.0,0.13611029437590094,25,443.0
2455.0,32,146.0,1.4455445544554455,3.558735182611521,9,93.0,0.19951906899073105,14,122.0,0.13262362111901269,9,286.0,0.13760488345606353,32,501.0
2460.0,23,98.0,1.0,3.6904847681200517,5,71.0,0.1743001463479647,11,149.0,0.2757239390421873,7,235.0,0.16654220944586068,23,455.0
2465.0,10,34.0,0.33663366336633666,5.3083979338135645,1,51.0,0.36037165667281423,3,111.0,0.47138809918621666,6,174.0,0.2109496204207578,10,336.0
2470.0,13,50.0,0.4716981132075472,5.562872090143311,8,74.0,0.27534616519592203,2,52.0,0.5150755666862193,3,184.0,0.2610044689326722,13,310.0
2475.0,16,57.0,0.5377358490566038,4.377254359930298,7,92.0,0.21686068291144775,1,35.0,0.38150459400386083,8,200.0,0.1721337633379693,16,327.0
2480.0,21,68.0,0.6868686868686869,4.111893610942104,6,69.0,0.19119026655405996,6,59.0,0.23751988082502784,9,210.0,0.1746325670477385,21,338.0
2485.0,16,35.0,0.36082474226804123,4.0764932251734916,4,78.0,0.20011657133806118,8,69.0,0.3359983298213769,4,172.0,0.17361099257414075,16,319.0
2490.0,15,35.0,0.33980582524271846,5.059037401378511,9,95.0,0.2519328714032856,0,36.0,0.4963013653795042,6,163.0,0.23332308138611157,15,294.0
2495.0,19,57.0,0.5428571428571428,4.259486614016196,8,107.0,0.1816061119837334,4,43.0,0.3304286102538238,7,186.0,0.20232704601553636,19,336.0
2500.0,24,85.0,0.8333333333333334,3.5094418798791676,8,94.0,0.17475664948566244,10,81.0,0.18783038606536612,6,184.0,0.16105716955762153,24,359.0
2505.0,28,155.0,1.5346534653465347,4.487254603135485,8,80.0,0.2216825364560993,14,147.0,0.3389350188605449,6,144.0,0.16860827629335773,28,371.0
2510.0,17,103.0,0.9903846153846154,4.473426068681627,4,84.0,0.2777075996142913,10,173.0,0.28277905626700306,3,137.0,0.18033257490012952,17,394.0
2515.0,19,75.0,0.7281553398058253,4.806360237356655,8,96.0,0.3331048206031975,4,133.0,0.2152018755247668,7,148.0,0.20789191840605978,19,377.0
2520.0,23,114.0,1.1515151515151516,4.293365842047444,8,106.0,0.24801977459330124,1,60.0,0.2971484582890128,14,204.0,0.18990835880038764,23,370.0
2525.0,24,101.0,1.074468085106383,3.924965982349126,7,87.0,0.21152166145977572,3,66.0,0.43445053274733353,14,225.0,0.18195011292265856,24,378.0
2530.0,24,100.0,1.075268817204301,4.085150872967919,4,63.0,0.23817608420936454,8,96.0,0.3510633535945813,12,203.0,0.1352710700866803,24,362.0
2535.0,20,101.0,1.02020202020202,5.477876266785478,2,47.0,0.4206414446498016,8,104.0,0.3883146610009775,10,170.0,0.18742669512823393,20,321.0
2540.0,14,55.0,0.5339805825242718,6.114604895415606,5,45.0,0.5480075428944289,3,72.0,0.3802617661752357,6,176.0,0.2544172473575238,14,293.0
2545.0,14,41.0,0.41,4.953813936918835,1,29.0,0.4889927986402267,4,91.0,0.1528050552418057,9,198.0,0.21326757545575467,14,318.0
2550.0,23,89.0,0.9175257731958762,3.6074597736020677,8,34.0,0.2513977497646582,9,127.0,0.08809963018833822,6,197.0,0.1473906270700396,23,358.0
2555.0,26,82.0,0.8817204301075269,3.64188813153907,9,59.0,0.2208286788276303,11,141.0,0.18559513623691265,6,161.0,0.17683423634371634,26,361.0
2560.0,14,42.0,0.4375,4.837342563007677,4,64.0,0.3462571894464034,7,120.0,0.3266558582165738,3,160.0,0.2297515272326095,14,344.0
2565.0,12,39.0,0.3786407766990291,4.790715710169626,2,49.0,0.41520322242849433,4,80.0,0.2623374517120778,6,188.0,0.20058268582994215,12,317.0
2570.0,24,106.0,1.0192307692307692,4.051709794290561,8,65.0,0.3376838045767668,3,90.0,0.2598726061830101,13,240.0,0.13932140803026735,24,395.0
2575.0,29,130.0,1.2745098039215685,3.2702997726054748,7,81.0,0.2452350310229282,7,108.0,0.18453175918869302,15,262.0,0.083589506388141,29,451.0
2580.0,27,101.0,1.0,3.802080324011739,7,69.0,0.2364527311675263,8,124.0,0.25428549063905637,12,244.0,0.1177419875705042,27,437.0
2585.0,19,65.0,0.6435643564356436,4.588710403937639,2,66.0,0.3698671995881255,5,94.0,0.3666356163279574,12,282.0,0.1846965805067043,19,442.0
2590.0,24,85.0,0.8095238095238095,4.316152189946658,9,82.0,0.34690329909855544,4,92.0,0.26068903185156506,11,322.0,0.14440194102596124,24,496.0
2595.0,40,208.0,2.0,3.1435959914133664,15,140.0,0.16838659416064192,8,108.0,0.1591389078461986,17,391.0,0.07724320510203524,40,639.0
2600.0,43,290.0,2.9292929292929295,2.335746149486371,20,228.0,0.12728264073541665,10,127.0,0.11810833454054914,13,407.0,0.11809666832459235,43,762.0
2605.0,32,234.0,2.2941176470588234,3.4818116550906746,18,273.0,0.20006059524716768,3,100.0,0.26390396921128834,11,353.0,0.2125883231543831,32,726.0
2610.0,25,159.0,1.4722222222222223,4.839652129258906,11,235.0,0.33867647010162294,4,79.0,0.42383625106832057,10,382.0,0.19172507582857085,25,696.0
2615.0,25,135.0,1.2053571428571428,4.61549294531526,7,187.0,0.33317043863218565,5,62.0,0.39280697220131366,13,442.0,0.11879793247853937,25,691.0
2620.0,21,102.0,0.9107142857142857,3.8967341886869065,3,184.0,0.28865430156102545,2,33.0,0.31453342999259454,16,512.0,0.08925890939941789,21,729.0
2625.0,27,122.0,1.1401869158878504,3.873899085882988,7,188.0,0.2068324579465924,6,34.0,0.3087954266786815,14,524.0,0.1060198323705818,27,746.0
2630.0,28,134.0,1.2523364485981308,3.8444962557825737,12,237.0,0.176427944202665,4,42.0,0.2683456392078942,12,462.0,0.16261830402215802,28,741.0
2635.0,29,137.0,1.3173076923076923,3.7542406550713627,13,254.0,0.1478964420619194,5,49.0,0.35755867399672886,11,362.0,0.18441881563425688,29,665.0
2640.0,21,85.0,0.7798165137614679,4.528908987520963,9,208.0,0.17008028657253627,3,57.0,0.4093266752286025,9,290.0,0.22419506076796555,21,555.0
2645.0,23,59.0,0.5363636363636364,4.637552260476191,6,223.0,0.20226617593256527,7,62.0,0.38269053384299645,10,316.0,0.21163926732833743,23,601.0
2650.0,27,119.0,1.1121495327102804,4.0982590048060805,9,263.0,0.1447438410421098,11,81.0,0.17937819448820835,7,349.0,0.24674680464057738,27,693.0
2655.0,31,111.0,1.121212121212121,3.3046361313131345,10,263.0,0.16506915600614572,10,91.0,0.12665638189135772,11,349.0,0.21709777291836357,31,703.0
2660.0,21,101.0,1.041237113402062,4.805456405287241,5,203.0,0.2919270984878999,7,111.0,0.4386113842191298,9,297.0,0.22153043231798394,21,611.0
2665.0,11,34.0,0.3333333333333333,5.016752577740963,4,124.0,0.2961666485435179,2,100.0,0.4396756371885908,5,261.0,0.19118194253421966,11,485.0
2670.0,19,87.0,0.7981651376146789,5.2533609402423656,4,75.0,0.34099618703022616,7,90.0,0.3501891095288246,8,292.0,0.15531141015752237,19,457.0
2675.0,21,95.0,0.9047619047619048,4.733701452941545,4,81.0,0.39247862074838025,9,108.0,0.23736378033262992,8,276.0,0.16242874020389814,21,465.0
2680.0,14,35.0,0.3431372549019608,4.75982122635378,3,71.0,0.42845234321339276,7,105.0,0.23838034542078496,4,209.0,0.24993528690550545,14,385.0
2685.0,17,62.0,0.5849056603773585,5.103811672416213,6,65.0,0.41656549132744336,6,76.0,0.24801367263390375,5,205.0,0.22792253732161072,17,346.0
2690.0,16,80.0,0.7692307692307693,4.991595030555367,2,61.0,0.41644365658396765,4,75.0,0.34950525753942474,10,235.0,0.1576567982112319,16,371.0
2695.0,11,38.0,0.40425531914893614,3.636803215228199,1,24.0,0.2918801170276737,0,46.0,0.3103452036531423,10,231.0,0.12348164418572118,11,301.0
2700.0,16,43.0,0.44329896907216493,4.187742786175595,3,24.0,0.25105818897549287,6,51.0,0.3206409306665226,7,181.0,0.15844495280501197,16,256.0
2705.0,14,42.0,0.4421052631578947,4.448112296956185,8,46.0,0.17202249714844248,3,57.0,0.43243572974707933,3,170.0,0.17139110543683397,14,273.0
2710.0,13,48.0,0.5161290322580645,3.814243338165825,5,61.0,0.24543923077814808,1,38.0,0.29855160458596114,7,201.0,0.1305585103210395,13,300.0
2715.0,16,88.0,0.9777777777777777,3.825852166653503,1,37.0,0.4067975532184482,2,28.0,0.4218826303988943,13,253.0,0.08446964452831376,16,318.0
2720.0,26,185.0,1.9680851063829787,3.5141224449952917,2,17.0,0.430409115903106,4,34.0,0.2839157777152067,20,341.0,0.08143842506859371,26,392.0
2725.0,22,178.0,1.816326530612245,3.699649643580315,2,16.0,0.43456293895519316,0,17.0,0.2616355125058024,20,382.0,0.08034444209148935,22,415.0
2730.0,24,147.0,1.4554455445544554,4.173055868184807,3,22.0,0.4406692729468945,2,24.0,0.3803583250775872,19,329.0,0.0701675384203364,24,375.0
2735.0,27,136.0,1.3333333333333333,4.0913225463507485,2,21.0,0.33628083127683206,9,52.0,0.2880514371150184,16,300.0,0.10687935792650058,27,373.0
2740.0,36,200.0,2.0,4.378706587247055,7,29.0,0.30520297685106845,15,110.0,0.21149552967898747,14,308.0,0.23229448303798808,36,447.0
2745.0,32,258.0,2.5294117647058822,4.783401607192746,4,42.0,0.2706727474946639,19,194.0,0.22196557841552775,9,278.0,0.2628552660409926,32,514.0
2750.0,27,298.0,2.9215686274509802,6.0358373453849,2,25.0,0.4061668477490797,21,268.0,0.2777078222400578,4,262.0,0.41780014533588333,27,555.0
2755.0,24,295.0,2.95,6.127261785029585,1,25.0,0.460500624348095,20,344.0,0.21148118021398918,3,218.0,0.5632652802298038,24,587.0
2760.0,27,213.0,2.108910891089109,6.326120014011477,4,38.0,0.4246204079588607,17,386.0,0.2182095387604973,6,177.0,0.5765489670955871,27,601.0
2765.0,28,246.0,2.46,5.752794631853856,9,71.0,0.28622385235337067,13,364.0,0.24766523139717542,6,165.0,0.5265475425957385,28,600.0
2770.0,28,177.0,1.8829787234042554,4.121198504491589,15,134.0,0.18171943151342407,12,391.0,0.1939416948113921,1,117.0,0.39364505926697857,28,642.0
2775.0,31,170.0,1.8085106382978724,4.1016293654396625,16,179.0,0.22009930764636879,8,368.0,0.15752035985799315,7,82.0,0.32498424818991245,31,629.0
2780.0,25,146.0,1.5698924731182795,4.839104943719634,13,185.0,0.2752852370194913,8,330.0,0.24572743933786964,4,81.0,0.3255334879207518,25,596.0
2785.0,17,74.0,0.8043478260869565,4.671280437442052,10,223.0,0.22604130745934242,4,289.0,0.2863530910372812,3,43.0,0.4336878442155719,17,555.0
2790.0,22,90.0,0.9375,5.08925707202179,13,278.0,0.15555681473862656,8,266.0,0.28559047184401637,1,29.0,0.47033271590607684,22,573.0
2795.0,26,88.0,0.9166666666666666,3.990989303601682,12,297.0,0.11180020181161765,7,267.0,0.1617585288708182,7,40.0,0.35513385493141103,26,604.0
2800.0,16,45.0,0.4838709677419355,4.273153197818666,6,262.0,0.18660576668399065,5,228.0,0.24493080824243496,5,45.0,0.3608996432757282,16,535.0
2805.0,9,36.0,0.3956043956043956,5.196555258657924,5,253.0,0.17634089172937684,3,162.0,0.3218208900250998,1,28.0,0.5074296683956406,9,443.0
2810.0,15,88.0,0.946236559139785,5.620565515391477,10,289.0,0.1773542128246141,4,112.0,0.3879868516412849,1,13.0,0.5453821534818073,15,414.0
2815.0,18,119.0,1.2659574468085106,5.729241350244864,9,292.0,0.16424735509860028,5,85.0,0.4949678741738258,4,19.0,0.6011051446091126,18,396.0
2820.0,10,45.0,0.47368421052631576,6.063138088227484,6,241.0,0.16857584634695139,2,43.0,0.5997280036677385,2,29.0,0.6586947430493052,10,313.0
2825.0,10,30.0,0.30927835051546393,6.429612480422715,4,169.0,0.24369425971255995,4,26.0,0.46818194992113904,2,3.0,0.6400817754262396,10,198.0
2830.0,20,79.0,0.797979797979798,5.2989736848138635,5,181.0,0.19407396358898737,10,63.0,0.27814823906233443,5,19.0,0.3447725667665608,20,263.0
2835.0,21,76.0,0.8260869565217391,3.770395757337673,8,206.0,0.1755338191296923,10,83.0,0.08753287193208865,3,24.0,0.14249794964536888,21,313.0
2840.0,19,63.0,0.75,3.9818965747316883,8,205.0,0.1698980741129713,10,97.0,0.22366468759656785,1,16.0,0.4310473887179443,19,318.0
2845.0,11,49.0,0.5833333333333334,5.7645862135369645,4,164.0,0.24456388068130822,5,91.0,0.3956830862598062,2,10.0,0.6820336434030533,11,265.0
2850.0,7,67.0,0.7976190476190477,6.465193831424718,2,97.0,0.23343489643095305,4,89.0,0.41608648895654393,1,11.0,0.7847669461852863,7,197.0
2855.0,9,104.0,1.1954022988505748,6.857240409748974,4,75.0,0.2800210786258255,4,82.0,0.45677463590150724,1,16.0,0.7906877636428374,9,173.0
2860.0,3,24.0,0.2891566265060241,6.591856726021133,0,51.0,0.26566563882811944,2,53.0,0.38532271620990166,1,21.0,0.7653791433489164,3,125.0
2865.0,18,80.0,1.0256410256410255,6.069331381566741,8,58.0,0.26760502104994943,9,49.0,0.32485258873501655,1,26.0,0.6681239573767505,18,133.0
2870.0,19,86.0,1.1025641025641026,5.167987031406382,11,80.0,0.21525231040528453,6,64.0,0.2872547548612111,2,31.0,0.2794834244539067,19,175.0
2875.0,10,68.0,0.8717948717948718,6.05031604927781,6,80.0,0.21377481282477523,3,47.0,0.4565806602679363,1,38.0,0.6506149430474698,10,165.0
2880.0,8,77.0,1.0,6.874435631223639,6,83.0,0.2632209562995303,1,27.0,0.565927226096916,1,43.0,0.7090979753348977,8,153.0
2885.0,8,11.0,0.14285714285714285,5.5625207837625075,4,75.0,0.2678846220000655,3,33.0,0.2704036892358513,1,2.0,0.7301546418996545,8,110.0
2890.0,15,61.0,0.8133333333333334,5.102972853887593,5,73.0,0.24140095725205052,7,60.0,0.20512819772807594,3,9.0,0.3914298789071393,15,142.0
2895.0,18,65.0,0.9285714285714286,3.4467230725151508,6,80.0,0.2052402619975538,5,72.0,0.14703028671155954,7,33.0,0.16821866241258596,18,185.0
2900.0,18,98.0,1.4,4.3057434833102075,6,68.0,0.22717904228660712,2,47.0,0.3285304473898996,10,79.0,0.3480057028872337,18,194.0
2905.0,5,36.0,0.5,5.454465477347709,1,55.0,0.2632832645922652,0,18.0,0.45644716651481837,4,85.0,0.4883163125182561,5,158.0
2910.0,11,32.0,0.4155844155844156,5.766930957847663,8,72.0,0.1501787507314383,0,11.0,0.5275960813825029,3,43.0,0.509324484773022,11,126.0
2915.0,12,34.0,0.43037974683544306,5.0198999468579295,6,84.0,0.15107880826016953,1,12.0,0.5681540066080695,5,47.0,0.3692106048612167,12,143.0
2920.0,17,55.0,0.6790123456790124,4.917843902040834,6,64.0,0.14845466716875558,1,13.0,0.5420031764407148,10,86.0,0.3266089158678935,17,163.0
2925.0,15,57.0,0.7307692307692307,5.023467045809364,0,33.0,0.24830671695924098,4,24.0,0.4432104639296117,11,103.0,0.24603265701749708,15,160.0
2930.0,10,36.0,0.43902439024390244,5.402783662803007,1,19.0,0.37059062292488143,3,38.0,0.43200004709791673,6,89.0,0.2030995339706851,10,146.0
2935.0,8,43.0,0.5119047619047619,7.193746246700603,1,8.0,0.49133625845430634,1,29.0,0.5051458694021097,6,76.0,0.3627502311667146,8,113.0
2940.0,4,19.0,0.23170731707317074,6.945372961265182,2,9.0,0.4250015012876761,1,21.0,0.509649636581646,1,76.0,0.3690062286321276,4,106.0
2945.0,13,68.0,0.85,6.068735926196041,5,30.0,0.36460981250810465,1,19.0,0.4944494102453438,7,78.0,0.2107888296112111,13,127.0
2950.0,11,58.0,0.7532467532467533,5.050925589776278,4,38.0,0.3257024521951923,1,24.0,0.6213640631793292,6,91.0,0.15609665449657056,11,153.0
2955.0,6,35.0,0.4666666666666667,5.584405822802737,2,23.0,0.389161738851433,1,33.0,0.582525890275876,3,65.0,0.2352305070703524,6,121.0
2960.0,6,9.0,0.11842105263157894,5.7670450932227695,3,36.0,0.3028564216517625,1,7.0,0.5599202897534242,2,38.0,0.32041931705217513,6,81.0
2965.0,13,55.0,0.6962025316455697,6.537681680877081,8,67.0,0.18036744213539438,4,22.0,0.5122496690611441,1,13.0,0.37880152865933353,13,102.0
2970.0,14,50.0,0.7246376811594203,5.503092551963107,11,92.0,0.14220649980785235,2,27.0,0.4345361719020821,1,6.0,0.5021380370323111,14,125.0
2975.0,4,15.0,0.21428571428571427,7.650661684260024,2,75.0,0.3090502137935642,1,18.0,0.6429138922631922,1,12.0,0.5929790597307296,4,105.0
2980.0,2,16.0,0.22535211267605634,9.078984374821715,1,35.0,0.44006410981397165,0,4.0,0.772477460171144,1,17.0,0.6276493531248852,2,56.0
2985.0,7,5.0,0.06493506493506493,7.602959764008878,4,40.0,0.381543247992175,0,2.0,0.7874379617875528,3,4.0,0.4554463410037467,7,46.0
2990.0,15,58.0,0.7435897435897436,6.160129959463577,7,64.0,0.3008769159699922,1,2.0,0.4639127099771074,7,31.0,0.3761107333848661,15,97.0
2995.0,17,63.0,0.84,4.178055568062281,7,77.0,0.19085741335602208,5,22.0,0.0599796200383264,5,49.0,0.27533369684204945,17,148.0
3000.0,13,31.0,0.44285714285714284,4.668815163604103,4,59.0,0.14991827306125338,5,42.0,0.3344719768127226,4,39.0,0.2951899169215176,13,140.0
3005.0,7,12.0,0.16666666666666666,5.979831950862703,3,68.0,0.23479114994064912,1,25.0,0.6028002479833349,3,42.0,0.3726944770855474,7,135.0
3010.0,19,79.0,1.025974025974026,5.542863023080061,8,99.0,0.22526958966221594,1,6.0,0.5855236928816834,10,77.0,0.3106621494346915,19,182.0
3015.0,17,75.0,1.0416666666666667,4.4255980466565115,9,114.0,0.23166795699043136,1,6.0,0.4758366752867178,7,96.0,0.2530588889727874,17,216.0
3020.0,8,15.0,0.20270270270270271,5.028559905372564,5,90.0,0.19798248304506133,1,7.0,0.7322325102845861,2,71.0,0.2671651985530237,8,168.0
3025.0,7,16.0,0.20512820512820512,6.892426421993857,2,48.0,0.20599416546699956,1,10.0,0.8187594418549335,4,33.0,0.32786115736601135,7,91.0
3030.0,5,17.0,0.22077922077922077,8.17618468269619,2,28.0,0.3045902481516627,0,2.0,0.8944423429684325,3,28.0,0.4823280662652313,5,58.0
3035.0,4,35.0,0.4430379746835443,9.18781223307418,0,15.0,0.4836855791474236,1,3.0,0.8098609675831927,3,34.0,0.5693350112347465,4,52.0
3040.0,8,62.0,0.8051948051948052,8.601724017506045,3,22.0,0.4452267777488041,2,8.0,0.737186442408156,3,47.0,0.5956632661438983,8,77.0
3045.0,13,116.0,1.5064935064935066,8.199077206531507,8,52.0,0.3644826175787218,1,13.0,0.7499150511934797,4,66.0,0.579469308273032,13,131.0
3050.0,15,121.0,1.6575342465753424,6.446298349563023,9,78.0,0.25820474058603776,2,2.0,0.454894498555972,4,86.0,0.5441991220091557,15,166.0
3055.0,15,59.0,0.8309859154929577,5.47028400832692,5,74.0,0.1680087626782017,6,22.0,0.3640250289792121,4,77.0,0.39287505512026005,15,173.0
3060.0,12,41.0,0.5774647887323944,5.35202488599929,6,87.0,0.1899402203371197,2,29.0,0.27421688729874166,4,39.0,0.2790175868544037,12,155.0
3065.0,11,48.0,0.75,6.171789863909484,8,122.0,0.24897322432748353,0,10.0,0.5537059887601955,3,32.0,0.459917476739368,11,164.0
3070.0,11,42.0,0.711864406779661,5.049628721616461,8,135.0,0.17041786583789756,1,7.0,0.25509372099665184,2,15.0,0.5498434684861765,11,157.0
3075.0,12,45.0,0.7627118644067796,5.858476714690541,6,111.0,0.18294437417341788,4,21.0,0.5019783330283808,2,16.0,0.5422945887364452,12,148.0
3080.0,6,15.0,0.2459016393442623,6.773235899257294,3,67.0,0.2151786774346962,1,18.0,0.7225032117494489,2,3.0,0.49454644900040534,6,88.0
3085.0,5,17.0,0.265625,7.282048537175649,1,64.0,0.2875144137538167,0,2.0,0.791730047470177,4,17.0,0.4710724453194095,5,83.0
3090.0,7,24.0,0.39344262295081966,5.969725958759014,6,85.0,0.21936398217180803,1,1.0,0.5916072618519773,0,15.0,0.5185671649465029,7,101.0
3095.0,15,43.0,0.6825396825396826,4.658524410064408,7,96.0,0.1645957073684576,5,18.0,0.16915055251154082,3,7.0,0.49788281782003857,15,121.0
3100.0,13,67.0,1.046875,6.285910267997543,4,52.0,0.20572568209323636,7,51.0,0.47041356146460683,2,15.0,0.6398178157948519,13,118.0
3105.0,5,43.0,0.6323529411764706,6.550280974863365,1,61.0,0.21951889496654425,2,50.0,0.5721357557446426,2,25.0,0.5249191020918673,5,136.0
3110.0,10,26.0,0.38235294117647056,6.287326056909577,7,84.0,0.22962866726238118,1,22.0,0.5748834362394535,2,20.0,0.6373624007581699,10,126.0
3115.0,12,38.0,0.5846153846153846,5.797235730812439,9,91.0,0.20511718373669818,1,8.0,0.5027679827081338,2,10.0,0.5904251105042031,12,109.0
3120.0,10,46.0,0.7419354838709677,5.9201165349246425,3,60.0,0.25445909906498915,2,19.0,0.6212698980471005,5,26.0,0.5015076614785454,10,105.0
3125.0,5,42.0,0.65625,6.207713696045801,0,29.0,0.2610435255465838,2,29.0,0.6892349209126905,3,33.0,0.502286494537464,5,91.0
3130.0,1,2.0,0.029850746268656716,7.435951059930372,1,15.0,0.3325587394160396,0,16.0,0.7928306011268162,0,13.0,0.4698686701703361,1,44.0
3135.0,4,10.0,0.14285714285714285,8.256200359797427,1,13.0,0.3852362515991244,2,7.0,0.6270874016855941,1,2.0,0.5874248332523873,4,22.0
3140.0,3,5.0,0.07352941176470588,8.30430769011455,2,8.0,0.35083156016688777,1,8.0,0.6312494907623462,0,0.0,0.7397092040791742,3,16.0
3145.0,9,33.0,0.5076923076923077,7.8855528416996465,8,35.0,0.25589728000309764,1,4.0,0.566893279551898,0,2.0,0.8145246186400271,9,41.0
3150.0,7,30.0,0.4918032786885246,7.908911578958391,6,55.0,0.32684736060168595,1,7.0,0.635087071675806,0,2.0,0.8937135267539549,7,64.0
3155.0,6,10.0,0.17543859649122806,7.139631338341758,2,41.0,0.348501949478363,2,5.0,0.5551366611123597,2,4.0,0.7563144572679711,6,50.0
3160.0,11,37.0,0.6166666666666667,7.197440917290105,2,24.0,0.3672889611732061,8,30.0,0.37891180589216134,1,7.0,0.719967860389628,11,61.0
3165.0,12,78.0,1.3,6.415051014468693,2,20.0,0.35525226747966215,10,76.0,0.33401137878794435,0,0.0,0.5701124787439182,12,96.0
3170.0,16,78.0,1.2580645161290323,6.210648124355372,2,21.0,0.36113178517717537,11,105.0,0.25323372291308277,3,8.0,0.49540218262909713,16,134.0
3175.0,8,53.0,0.9137931034482759,7.141863172628018,2,28.0,0.5907159023982543,6,73.0,0.31415935820020147,0,7.0,0.7405083244652237,8,108.0
3180.0,3,14.0,0.22950819672131148,7.813488704654982,0,3.0,0.6381994467976138,2,58.0,0.39018403237036775,1,2.0,0.639330600341461,3,63.0
3185.0,7,19.0,0.3114754098360656,7.173069480788388,3,12.0,0.5343922330947738,2,53.0,0.32343436585769153,2,8.0,0.6422465478724867,7,73.0
3190.0,16,62.0,1.0333333333333334,4.845031598574176,3,17.0,0.3662851416125572,7,76.0,0.15416808223942025,6,26.0,0.36303663320628304,16,119.0
3195.0,11,34.0,0.5666666666666667,4.5586340135234975,1,14.0,0.3594960216620803,9,96.0,0.19304876648134017,1,25.0,0.34246110181949585,11,135.0
3200.0,4,4.0,0.0625,7.251893156170196,1,7.0,0.4967375454514914,2,71.0,0.3890124315881096,1,3.0,0.5972001844020952,4,81.0
3205.0,4,10.0,0.15384615384615385,8.484856751772236,0,3.0,0.6908697351205669,1,36.0,0.5090586057237909,3,11.0,0.5406208295720789,4,50.0
3210.0,10,34.0,0.4927536231884058,7.567639091272506,2,0.0,0.6964172858613354,1,20.0,0.39806438774537667,7,34.0,0.44698668018592946,10,54.0
3215.0,6,25.0,0.38461538461538464,7.6316831319998775,0,0.0,0.8420477915275305,2,18.0,0.37323077631621054,4,44.0,0.39582184383755353,6,62.0
3220.0,2,22.0,0.3548387096774194,7.41820755547508,0,0.0,0.6923286804305824,2,24.0,0.5193220067188157,0,21.0,0.3683932346137317,2,45.0
3225.0,7,37.0,0.5522388059701493,7.897391030763174,2,1.0,0.46130834763839906,2,34.0,0.6178500308633615,3,5.0,0.415876130180275,7,40.0
3230.0,5,53.0,0.803030303030303,8.406114943505305,1,6.0,0.5030970598643351,2,42.0,0.7004407147368391,2,6.0,0.46719324972224646,5,54.0
3235.0,10,46.0,0.696969696969697,7.112194227351269,2,11.0,0.5581945754223399,0,22.0,0.5489724614130431,8,36.0,0.3005734461622132,10,69.0
3240.0,14,65.0,0.9848484848484849,5.593522225453483,1,16.0,0.5575961076500612,6,20.0,0.3172464095514927,7,59.0,0.1915795524795875,14,95.0
3245.0,10,47.0,0.8103448275862069,5.556900385733906,1,21.0,0.6789760417915279,6,44.0,0.30842297981797073,3,47.0,0.21916051851360902,10,112.0
3250.0,7,45.0,0.7627118644067796,6.855496027669857,2,31.0,0.5010169060784204,2,32.0,0.3821292308764316,3,37.0,0.4298505104716435,7,100.0
3255.0,4,2.0,0.031746031746031744,6.9705604136763295,1,12.0,0.5773033596281186,1,30.0,0.4592316693356861,2,29.0,0.4321961614402936,4,71.0
3260.0,11,31.0,0.484375,7.4275780841305865,3,10.0,0.6698169320234311,1,25.0,0.4360530455876005,7,48.0,0.3722973872383561,11,83.0
3265.0,12,50.0,0.819672131147541,6.539379622717625,3,22.0,0.5641203252299332,1,18.0,0.5122671145817672,8,67.0,0.31659513797701205,12,107.0
3270.0,4,22.0,0.36065573770491804,5.827721210066016,0,17.0,0.4120440618281285,1,18.0,0.6499375795582574,3,57.0,0.29248945322112957,4,92.0
3275.0,5,18.0,0.28125,7.164995446205201,1,0.0,0.49122262309173714,1,8.0,0.72559185228247,3,37.0,0.29363161804368504,5,45.0
3280.0,7,20.0,0.29850746268656714,7.491641923196792,0,0.0,0.5497842822387706,3,20.0,0.7027885008228242,4,28.0,0.26158075699834604,7,48.0
3285.0,12,39.0,0.5735294117647058,7.3304875111225405,3,5.0,0.5539112886462153,0,18.0,0.6490403270562882,9,55.0,0.2596450259363639,12,78.0
3290.0,9,39.0,0.6,7.359633622165187,2,12.0,0.6753686087691524,0,2.0,0.5885558900051895,7,70.0,0.27476262411862545,9,84.0
3295.0,5,28.0,0.45161290322580644,8.171586535187014,2,22.0,0.7755588843249874,0,2.0,0.7943179087971141,3,50.0,0.3134753602680631,5,74.0
3300.0,3,9.0,0.15,8.430375354957437,0,10.0,0.7223170811411372,0,2.0,0.8894494323406746,3,36.0,0.33624394281147285,3,48.0
3305.0,8,24.0,0.3870967741935484,7.458633166674834,3,7.0,0.25168019882744397,0,0.0,0.824981028643067,5,39.0,0.3452564216555873,8,46.0
3310.0,7,32.0,0.5161290322580645,7.299030544752689,3,11.0,0.3643572838224864,0,0.0,0.6405896242573444,4,46.0,0.4038683061435573,7,57.0
3315.0,1,1.0,0.016129032258064516,8.377937209601756,0,3.0,0.6382048485436701,0,2.0,0.7497600514805687,1,30.0,0.397128768989251,1,35.0
3320.0,8,20.0,0.3225806451612903,8.388790653840955,2,3.0,0.6919905442201963,0,2.0,0.7996885299426145,6,35.0,0.34044081223985195,8,40.0
3325.0,5,13.0,0.22033898305084745,6.957017494685437,1,3.0,0.5808570855134403,0,0.0,0.6781246370778241,4,46.0,0.30878695186297517,5,49.0
3330.0,9,27.0,0.47368421052631576,6.593079475690641,6,23.0,0.3923420757955173,1,3.0,0.48623053600349364,2,33.0,0.3457636775712615,9,59.0
3335.0,8,26.0,0.4642857142857143,6.532664406368506,5,41.0,0.22927132740799286,3,12.0,0.5943711017904183,0,16.0,0.362136101943206,8,69.0
3340.0,2,7.0,0.12962962962962962,7.44167324574571,1,27.0,0.3046660124807748,0,8.0,0.6220959223759196,1,12.0,0.455820476135173,2,47.0
3345.0,2,5.0,0.09090909090909091,9.491475100886545,0,13.0,0.6126565555566268,1,6.0,0.7517073938881204,1,7.0,0.5520455765838593,2,26.0
3350.0,6,23.0,0.41818181818181815,9.222257846676946,1,6.0,0.7396927711504707,1,11.0,0.7731248939357978,4,20.0,0.37884310784891584,6,37.0
3355.0,5,24.0,0.47058823529411764,8.756861133587048,0,2.0,0.8673498757890805,1,14.0,0.7567155241329216,4,31.0,0.2984900675450309,5,47.0
3360.0,4,25.0,0.5208333333333334,8.761882505139276,1,1.0,0.603137755054526,1,21.0,0.8172046312604759,2,28.0,0.4196160066367896,4,50.0
3365.0,6,40.0,0.8,8.003215703921605,4,16.0,0.332339544387924,1,26.0,0.7560889733991456,1,18.0,0.4634308048072475,6,60.0
3370.0,4,34.0,0.6938775510204082,7.7438352715649525,3,21.0,0.2750364433415086,1,29.0,0.838466286630552,0,10.0,0.5375693034261795,4,60.0
3375.0,4,37.0,0.74,8.309171871833547,0,4.0,0.548958619097326,2,37.0,0.6576029138149846,2,12.0,0.46383559196437485,4,53.0
3380.0,7,68.0,1.3877551020408163,8.272288412598577,0,1.0,0.6603608493501394,2,47.0,0.6864036894052812,5,33.0,0.34586891027837224,7,81.0
3385.0,11,78.0,1.625,7.030379116537386,2,3.0,0.6904916678813261,2,57.0,0.7036392599561024,7,46.0,0.19008084326283867,11,106.0
3390.0,7,81.0,1.653061224489796,8.626093167451552,2,8.0,0.6498469234722202,2,67.0,0.7025003072677019,3,39.0,0.42407199936167883,7,114.0
3395.0,3,76.0,1.4901960784313726,9.280926943958569,1,1.0,0.5794525246093916,2,77.0,0.7349358230538324,0,22.0,0.6279292292888312,3,100.0
3400.0,8,18.0,0.33962264150943394,8.512988150231902,5,15.0,0.30324543563520256,1,2.0,0.7261432506829418,2,14.0,0.5972158054033426,8,31.0
3405.0,6,19.0,0.35185185185185186,8.398137928393096,1,16.0,0.3644012629770847,3,9.0,0.4875884486935943,2,9.0,0.6239432323491985,6,34.0
3410.0,4,23.0,0.45098039215686275,8.601110732015817,0,3.0,0.6127786927948273,1,14.0,0.4803885570120986,3,22.0,0.5284108393845782,4,39.0
3415.0,9,49.0,0.9607843137254902,7.95943196114353,3,11.0,0.53748367279003,1,8.0,0.45171281442600775,5,41.0,0.4450211854976131,9,60.0
3420.0,7,34.0,0.6538461538461539,8.349694790501335,5,29.0,0.45853760116180176,1,9.0,0.5248196479782629,1,20.0,0.5594599238437712,7,58.0
3425.0,5,18.0,0.391304347826087,7.769653302601598,2,26.0,0.5087663732897755,1,1.0,0.2511585739007378,2,9.0,0.6741204095575027,5,36.0
3430.0,8,17.0,0.3953488372093023,6.663206390156376,1,11.0,0.49471159034330553,5,18.0,0.24793730332088887,2,5.0,0.4336979582738223,8,34.0
3435.0,7,23.0,0.5227272727272727,8.436541463642222,1,8.0,0.6092068102509869,3,29.0,0.5485652671049259,3,9.0,0.4155011640082185,7,46.0
3440.0,2,3.0,0.0625,9.081902256894194,2,9.0,0.46486410591301053,0,10.0,0.7339243035601096,0,8.0,0.5355935434149465,2,27.0
3445.0,7,27.0,0.5510204081632653,9.411402455349354,6,28.0,0.4161218123885526,0,2.0,0.8928466721198813,1,7.0,0.7006745699705641,7,37.0
3450.0,7,18.0,0.4090909090909091,8.557656909732255,5,35.0,0.49213165512386514,0,2.0,0.8876854216210609,2,2.0,0.6842030275351051,7,39.0
3455.0,5,10.0,0.21739130434782608,8.845700721016431,2,29.0,0.45493331764095424,0,6.0,0.910889593037071,3,7.0,0.5833229976481359,5,42.0
3460.0,5,29.0,0.5918367346938775,9.192030196175423,1,16.0,0.4805201640829495,1,4.0,0.7883812411370147,3,22.0,0.5398668869480107,5,42.0
3465.0,4,13.0,0.24528301886792453,8.964517132158509,2,14.0,0.5153139539816202,0,4.0,0.7734371709803526,2,13.0,0.4342478756779262,4,31.0
3470.0,6,35.0,0.6862745098039216,10.056165913568515,1,17.0,0.6642430036288036,0,0.0,0.7922371791811391,5,18.0,0.4813422283720621,6,35.0
3475.0,4,25.0,0.5681818181818182,8.40217474055738,2,22.0,0.6987735460049485,1,2.0,0.6149313534276923,1,21.0,0.4245039433112861,4,45.0
3480.0,4,29.0,0.6170212765957447,8.641827281205627,2,27.0,0.588501250987259,2,6.0,0.5099353819499814,0,0.0,0.7230539639107636,4,33.0
3485.0,9,25.0,0.5208333333333334,7.108241142812221,2,3.0,0.5401223160246154,4,21.0,0.4440241010396921,3,3.0,0.38371882922720285,9,27.0
3490.0,17,97.0,2.108695652173913,5.197782926804558,5,22.0,0.29618844335797906,7,52.0,0.25653669310452143,5,25.0,0.39617732405671197,17,99.0
3495.0,11,45.0,1.0,4.0006659364534585,2,25.0,0.3203524640728043,7,65.0,0.08108971163580968,2,28.0,0.3393268890220515,11,118.0
3500.0,5,19.0,0.41304347826086957,8.107159170817285,1,6.0,0.6121372521432171,4,68.0,0.4053621666989765,0,4.0,0.5879077614343328,5,78.0
3505.0,3,8.0,0.16666666666666666,9.216190237555862,0,2.0,0.7913765120475358,3,73.0,0.46584840936945787,0,0.0,0.7670403010481306,3,75.0
3510.0,6,29.0,0.5576923076923077,8.246264087490504,0,0.0,0.7816680900996684,5,94.0,0.37933522374455175,1,0.0,0.7919283866609029,6,94.0
3515.0,4,13.0,0.26,7.796591562024369,0,0.0,0.8239884194547148,4,93.0,0.3386426087743699,0,0.0,0.8544636674892129,4,93.0
3520.0,4,11.0,0.22448979591836735,7.215183342076186,0,2.0,0.8933982227535088,3,64.0,0.28273640055625565,1,4.0,0.605683159039348,4,70.0
3525.0,5,13.0,0.25,6.8775572797953215,1,2.0,0.7777065395220704,2,50.0,0.28036851245408584,2,12.0,0.5524201190912058,5,64.0
3530.0,8,27.0,0.4909090909090909,6.74587531213877,1,0.0,0.7641994373007548,2,34.0,0.343553767639578,5,27.0,0.4150548207690616,8,61.0
3535.0,12,63.0,1.125,5.861020745259139,0,0.0,0.7864156501275852,3,37.0,0.2548571177467649,9,61.0,0.3311238150765532,12,98.0
3540.0,19,143.0,2.3442622950819674,5.555212060385591,0,0.0,0.6659501795470976,7,63.0,0.15774919113506164,12,115.0,0.24980423385726352,19,178.0
3545.0,23,156.0,2.5161290322580645,4.563909832233215,3,8.0,0.42290532320348545,10,106.0,0.146444875949781,10,128.0,0.2296903622401565,23,242.0
3550.0,16,81.0,1.35,4.077349954496925,4,20.0,0.31402188901934114,7,116.0,0.1749227643093585,5,96.0,0.25414656065838925,16,232.0
3555.0,9,38.0,0.59375,6.796126207841545,1,19.0,0.5170118125888147,7,104.0,0.35825499201636535,1,54.0,0.45984123298923435,9,177.0
3560.0,9,29.0,0.4264705882352941,7.317894195430835,4,20.0,0.4340024568896121,5,90.0,0.40557675466510196,0,30.0,0.5560208254275365,9,140.0
3565.0,13,61.0,0.8970588235294118,7.168424153820284,8,51.0,0.3508713682191956,4,85.0,0.43640813950340984,1,23.0,0.5484007952472356,13,159.0
3570.0,17,127.0,1.984375,6.516469770284848,11,102.0,0.28746852077036356,2,68.0,0.5380405728682625,4,34.0,0.4763745546511366,17,204.0
3575.0,19,162.0,2.4923076923076923,4.390579963012815,13,165.0,0.2678812915613247,1,49.0,0.453210177621455,5,36.0,0.2836745963104209,19,250.0
3580.0,19,127.0,1.8405797101449275,4.108303669662513,9,178.0,0.24341028694101913,7,61.0,0.176478929955825,3,27.0,0.2512136789144358,19,266.0
3585.0,11,52.0,0.7123287671232876,6.144209959391046,3,123.0,0.28285900005074055,5,77.0,0.3870597971613159,3,28.0,0.339852786196341,11,228.0
3590.0,5,35.0,0.47297297297297297,8.61128498139299,2,53.0,0.5039765940639248,0,47.0,0.6694667269068709,3,38.0,0.4594465043217068,5,138.0
3595.0,6,52.0,0.6842105263157895,9.159503421198012,1,29.0,0.5335612632364752,0,7.0,0.7009971724452322,5,55.0,0.5341266538638477,6,91.0
3600.0,8,83.0,1.077922077922078,9.81793284129169,1,13.0,0.6529980046307149,2,2.0,0.7326711711557458,5,77.0,0.6028022662740817,8,92.0
