step,system_total_stopped,system_total_waiting_time,system_mean_waiting_time,system_mean_speed,A0_stopped,A0_accumulated_waiting_time,A0_average_speed,B0_stopped,B0_accumulated_waiting_time,B0_average_speed,C0_stopped,C0_accumulated_waiting_time,C0_average_speed,agents_total_stopped,agents_total_accumulated_waiting_time
5.0,1,0.0,0.0,4.4697040045711525,0,0.0,1.0,1,0.0,0.0,0,0.0,0.573155883027942,1,0.0
10.0,0,0.0,0.0,7.923133232848383,0,0.0,0.1531044937216876,0,0.0,0.7393886396258789,0,0.0,0.8054114015769027,0,0.0
15.0,1,0.0,0.0,7.672052426700527,1,0.0,0.45694688651856114,0,0.0,0.5970406028308587,0,0.0,0.6522444951759976,1,0.0
20.0,1,2.0,0.2,7.745403245484664,0,0.0,0.6340852556269286,1,2.0,0.002242650079288456,0,0.0,0.6633388528585813,1,2.0
25.0,1,7.0,0.6363636363636364,8.906328979184012,0,0.0,0.811879092346787,1,7.0,0.49137291807998534,0,0.0,0.6496101401811701,1,7.0
30.0,2,14.0,1.1666666666666667,7.808031467304843,0,0.0,0.4789203417964634,1,12.0,0.6476865742996528,1,2.0,0.5640574160167825,2,14.0
35.0,4,34.0,2.4285714285714284,5.926611245994901,1,5.0,0.3328975356244884,1,17.0,0.6110968137231839,2,12.0,0.22329054592190634,4,34.0
40.0,1,22.0,1.4666666666666666,7.077516770971001,0,2.0,0.6281971202676581,1,22.0,0.6239838495110965,0,12.0,0.34043169406172386,1,36.0
45.0,3,32.0,1.7777777777777777,9.483689732176709,1,0.0,0.6734439828009358,1,29.0,0.7401287730189826,1,5.0,0.5244845014211396,3,34.0
50.0,2,32.0,1.6,9.713438279257678,0,0.0,0.8082390562837727,1,34.0,0.564826379671107,1,0.0,0.72334151409343,2,34.0
55.0,3,2.0,0.08695652173913043,9.480905389870163,1,2.0,0.6607103084929812,0,4.0,0.8525201143646172,2,0.0,0.5127031297731328,3,6.0
60.0,3,5.0,0.20833333333333334,8.850700513661444,0,0.0,0.7247439260296924,2,7.0,0.5015860297949819,1,2.0,0.6378704305576592,3,9.0
65.0,5,28.0,1.2727272727272727,7.702823046796052,0,0.0,0.6766764915575212,3,24.0,0.4140936631774916,2,10.0,0.4119099048179891,5,34.0
70.0,5,32.0,1.5238095238095237,6.410327504418353,1,5.0,0.5021386720087645,0,20.0,0.45891602571313583,4,27.0,0.1545641402353602,5,52.0
75.0,6,60.0,2.608695652173913,8.31834245872908,1,11.0,0.6499287204484455,0,2.0,0.6358731674416119,5,52.0,0.37280867285533287,6,65.0
80.0,2,21.0,0.9130434782608695,8.209199363536737,0,1.0,0.6453415604729202,0,0.0,0.46482829736923365,2,52.0,0.5015609722818587,2,53.0
85.0,2,8.0,0.36363636363636365,9.04305197173192,1,5.0,0.523224892467821,1,6.0,0.6302271848057328,0,24.0,0.6597177185972152,2,35.0
90.0,0,0.0,0.0,9.90823675303113,0,2.0,0.49013934649125995,0,2.0,0.9008716652310117,0,0.0,0.8100900861522329,0,4.0
95.0,2,0.0,0.0,11.2677190213649,0,0.0,0.7915074105059263,1,4.0,0.7786720622542344,1,0.0,0.6480563717319345,2,4.0
100.0,0,0.0,0.0,11.497828115731613,0,0.0,0.7241809905151719,0,2.0,0.82725873751036,0,0.0,0.9471233296343942,0,2.0
105.0,1,0.0,0.0,10.937702306060043,1,0.0,0.7755845281265263,0,2.0,0.797936690654133,0,0.0,0.9985848868502131,1,2.0
110.0,3,3.0,0.13636363636363635,9.56496613413893,0,0.0,0.7804950736223215,3,3.0,0.5785951149370241,0,0.0,0.7439150060981278,3,3.0
115.0,5,14.0,0.56,8.385864300529867,2,0.0,0.6276841776338534,3,14.0,0.3162856787994701,0,0.0,0.7738198022998,5,14.0
120.0,3,29.0,1.1153846153846154,10.153944676508644,0,0.0,0.7674240849900656,3,29.0,0.41474059731891716,0,0.0,0.9210883673816532,3,29.0
125.0,5,47.0,1.6785714285714286,9.087981786755238,0,0.0,0.6682473597776601,4,47.0,0.39389214736993927,1,0.0,0.7675524160019198,5,47.0
130.0,8,78.0,2.4375,8.571719834034532,4,11.0,0.4122635780221171,4,67.0,0.5576321360845836,0,0.0,0.6325013227207456,8,78.0
135.0,0,0.0,0.0,8.435011147778033,0,4.0,0.4428652874478016,0,31.0,0.5494292176951661,0,0.0,0.8758067754740769,0,35.0
140.0,2,5.0,0.16666666666666666,10.124051453526485,0,0.0,0.7242361079117954,1,7.0,0.6510004589117865,1,0.0,0.624932746752738,2,7.0
145.0,4,14.0,0.5,9.578034208101036,1,0.0,0.6988451278144879,3,16.0,0.41242279940147936,0,0.0,0.842706607734495,4,16.0
150.0,3,3.0,0.11538461538461539,8.51152854990105,2,0.0,0.3861928728630463,1,13.0,0.6308313470858351,0,0.0,0.6869746426623373,3,13.0
155.0,3,4.0,0.14285714285714285,8.947015447830873,0,2.0,0.5807394730368617,1,5.0,0.668005641634924,2,4.0,0.6212553632392236,3,11.0
160.0,4,16.0,0.5714285714285714,9.681308288801576,2,4.0,0.5741281260013749,1,8.0,0.7630862846072084,1,9.0,0.7636151992164041,4,21.0
165.0,2,24.0,0.8275862068965517,9.752725352413561,0,2.0,0.6647327799534678,1,13.0,0.7095900367257665,1,14.0,0.7428577168438094,2,29.0
170.0,3,35.0,1.1290322580645162,10.023822756870187,1,3.0,0.5891433894289597,1,20.0,0.721357544798445,1,17.0,0.7521968023478044,3,40.0
175.0,4,27.0,0.8709677419354839,9.543768702858415,2,7.0,0.4408129355553845,0,2.0,0.9136800172442858,2,23.0,0.5026572855370244,4,32.0
180.0,7,23.0,0.7931034482758621,8.340213083286404,6,24.0,0.22680865611946713,1,3.0,0.6445724374200574,0,0.0,0.9049548873472723,7,27.0
185.0,1,7.0,0.2692307692307692,6.240296248388978,1,27.0,0.24391060388205552,0,0.0,0.3811357616267741,0,0.0,0.3521129841883804,1,27.0
190.0,0,0.0,0.0,9.005301562328464,0,9.0,0.6775899690356759,0,2.0,0.548963235901073,0,2.0,0.5650379568276851,0,13.0
195.0,1,0.0,0.0,11.523519205022158,0,2.0,0.914275968254293,0,2.0,0.9645112900416681,1,0.0,0.6515919303706053,1,4.0
200.0,1,4.0,0.15384615384615385,11.167223549946813,0,0.0,0.8107327591997274,0,2.0,0.8331926394193352,1,4.0,0.6548504515243132,1,6.0
205.0,2,4.0,0.14814814814814814,8.921444966241749,0,0.0,0.9260223440542331,0,0.0,0.4660849600253354,2,4.0,0.5541732028291254,2,4.0
210.0,4,20.0,0.8,9.507316937428119,0,0.0,0.9836691543131685,0,0.0,0.4927406971071425,4,20.0,0.4781983697370731,4,20.0
215.0,2,5.0,0.22727272727272727,8.844737263990282,0,0.0,0.7765420227570331,2,5.0,0.30641522088611656,0,20.0,0.5619714131232187,2,25.0
220.0,3,15.0,0.75,9.780308705153606,1,0.0,0.622855451368214,2,17.0,0.5948423788662109,0,0.0,0.6419624501828802,3,17.0
225.0,2,0.0,0.0,10.869991502678975,1,0.0,0.5561924767025317,0,11.0,0.818569409680977,1,0.0,0.4800572834239939,2,11.0
230.0,1,0.0,0.0,11.863213370330714,0,0.0,0.6592539935090336,1,2.0,0.8004938665012943,0,2.0,0.8582402618042068,1,4.0
235.0,0,0.0,0.0,11.822455560456747,0,0.0,0.7858788012386467,0,0.0,0.7814676769300171,0,2.0,0.93411754102253,0,2.0
240.0,1,0.0,0.0,10.700607112846452,0,0.0,0.9029587019015852,0,0.0,0.7751225000903985,1,2.0,0.6233453948538203,1,2.0
245.0,1,3.0,0.13636363636363635,9.154045352919768,0,0.0,0.8649767219319713,0,0.0,0.7525399015661361,1,5.0,0.26200584285320033,1,5.0
250.0,1,3.0,0.13636363636363635,9.659949556318834,0,0.0,0.8077520996213744,1,3.0,0.6713876715699093,0,5.0,0.5821749314034393,1,8.0
255.0,0,0.0,0.0,9.827259015522491,0,0.0,0.35943174399813105,0,2.0,0.7406540209675785,0,0.0,0.8325327424637043,0,2.0
260.0,1,5.0,0.20833333333333334,11.457269998969707,1,7.0,0.6289665478297702,0,2.0,0.9514767284770748,0,2.0,0.9027248649884058,1,11.0
265.0,1,2.0,0.08333333333333333,10.420720705860319,0,2.0,0.7293221978434103,1,4.0,0.5258127575763396,0,2.0,0.8597475540884508,1,8.0
270.0,4,17.0,0.7727272727272727,9.180658922768805,1,6.0,0.6788771761116482,3,15.0,0.44280653644410195,0,2.0,0.7927761130550139,4,23.0
275.0,0,0.0,0.0,8.701570623252428,0,0.0,0.5266284100418248,0,6.0,0.6379172056335328,0,0.0,0.6386023599887682,0,6.0
280.0,0,0.0,0.0,10.643053346337819,0,2.0,0.6753929611856382,0,0.0,0.7544794182355969,0,2.0,0.8280566712567646,0,4.0
285.0,3,5.0,0.17857142857142858,10.713960185994884,2,2.0,0.693343157504375,1,5.0,0.7654752961136488,0,2.0,0.9160860152659148,3,9.0
290.0,2,12.0,0.41379310344827586,10.332748349863413,0,2.0,0.7521307896712313,1,10.0,0.7071633766689018,1,2.0,0.6180010578671676,2,14.0
295.0,4,11.0,0.3793103448275862,8.267348792371184,3,6.0,0.5293905166330667,0,0.0,0.6195579243689077,1,7.0,0.0,4,13.0
300.0,10,44.0,1.4666666666666666,6.329775738968749,6,26.0,0.24239584442832118,3,8.0,0.4462274375389802,1,12.0,0.0,10,46.0
305.0,14,91.0,3.3703703703703702,5.08662703513029,9,65.0,0.2173923690903617,5,28.0,0.3662082454045821,0,0.0,1.0,14,93.0
310.0,5,34.0,1.3076923076923077,4.679486660991428,4,72.0,0.25423044036235937,1,25.0,0.16180463691493308,0,0.0,0.39558276800761805,5,97.0
315.0,1,5.0,0.19230769230769232,8.591480558743502,0,34.0,0.42379049166837834,1,14.0,0.5909921832801167,0,2.0,0.8859824334128247,1,50.0
320.0,1,2.0,0.07142857142857142,10.134340163812421,0,4.0,0.641365813034849,1,4.0,0.6954215424178731,0,2.0,0.8072960758745668,1,10.0
325.0,2,9.0,0.3103448275862069,10.803294444697595,0,2.0,0.6579102182563312,1,9.0,0.7806214009541823,1,4.0,0.7570287524929165,2,15.0
330.0,3,12.0,0.4,9.179683684750586,2,5.0,0.5541157867011562,0,0.0,0.6979868352268024,1,7.0,0.5742306181221576,3,12.0
335.0,5,13.0,0.41935483870967744,8.880236467203249,3,3.0,0.4045506676176762,0,0.0,0.6676929992436964,2,12.0,0.6734498707862887,5,15.0
340.0,3,24.0,0.75,10.831098578498832,2,9.0,0.6974388272665295,0,0.0,0.7984248535791111,1,17.0,0.7466044325295453,3,26.0
345.0,1,22.0,0.7333333333333333,10.495758892591754,0,2.0,0.6933515032071005,0,0.0,0.7331284193335348,1,22.0,0.7930354127432531,1,24.0
350.0,3,30.0,1.0,10.23868496252717,2,3.0,0.4885297053275888,0,2.0,0.8840773033541492,1,27.0,0.7127028697453037,3,32.0
355.0,1,3.0,0.1,8.104069224423847,0,0.0,0.3849294427626204,0,4.0,0.6686584726174818,1,3.0,0.43813006735812676,1,7.0
360.0,9,35.0,1.25,7.227584900343444,3,9.0,0.45632053617749685,0,2.0,0.8153448157027359,6,26.0,0.20578962253814112,9,37.0
365.0,6,35.0,1.206896551724138,6.938337297002873,2,21.0,0.5284520380431235,0,2.0,0.7463226493207036,4,37.0,0.3168181816431869,6,60.0
370.0,2,5.0,0.16666666666666666,8.939065061357143,0,2.0,0.6997053554076129,1,4.0,0.7070089445931025,1,24.0,0.4921397291588585,2,30.0
375.0,2,13.0,0.4482758620689655,10.077755340119579,0,2.0,0.7632164046474041,0,4.0,0.8481618423992368,2,13.0,0.4532517544830801,2,19.0
380.0,4,6.0,0.1935483870967742,9.278293514605044,2,5.0,0.5391921752449192,0,4.0,0.892303306459725,2,7.0,0.3788689155057003,4,16.0
385.0,4,15.0,0.4838709677419355,8.610808702870314,0,0.0,0.8253098594347734,1,6.0,0.6272959996167922,3,13.0,0.23137695274620515,4,19.0
390.0,5,17.0,0.6071428571428571,7.254772111220331,2,3.0,0.29032320331863215,3,18.0,0.32182949779622666,0,14.0,0.45340923793719545,5,35.0
395.0,4,16.0,0.6956521739130435,6.673463160122352,2,12.0,0.3918682857982232,1,8.0,0.3715668782184233,1,4.0,0.36365864054493935,4,24.0
400.0,3,22.0,0.9565217391304348,9.503468328460329,2,24.0,0.5353718558808029,0,0.0,0.7043952864817749,1,2.0,0.7021089663628601,3,26.0
405.0,1,1.0,0.043478260869565216,10.759962869587355,0,2.0,0.8123863287654961,0,0.0,0.6847430322791687,1,3.0,0.745166213835332,1,5.0
410.0,2,8.0,0.34782608695652173,9.00703759905585,0,2.0,0.7163020203534223,1,4.0,0.35713416483413307,1,8.0,0.7643611943519272,2,14.0
415.0,2,1.0,0.041666666666666664,8.434534851728479,2,3.0,0.5356670931842714,0,2.0,0.8849281164251435,0,2.0,0.5831665811762705,2,7.0
420.0,2,10.0,0.4166666666666667,10.523060377891756,2,12.0,0.6219645448801224,0,4.0,0.8869557103175723,0,2.0,0.7478031529246938,2,18.0
425.0,1,2.0,0.08,9.650803195770942,0,7.0,0.4395602179292159,0,2.0,0.9399888696428895,1,4.0,0.6520493992649697,1,13.0
430.0,2,8.0,0.32,9.820284232145113,0,0.0,0.7440300366180614,0,2.0,0.8088586888556307,2,10.0,0.43292786002418315,2,12.0
435.0,1,0.0,0.0,9.372245080740829,0,0.0,0.6487873843226967,1,0.0,0.7436853768838002,0,3.0,0.5252810231383372,1,3.0
440.0,4,9.0,0.36,9.525407849486061,3,7.0,0.5668250596702089,1,4.0,0.7557246440211998,0,0.0,0.4437045675985336,4,11.0
445.0,3,22.0,0.9565217391304348,9.544733931216182,3,22.0,0.5206193725236813,0,2.0,0.8146905790999105,0,0.0,0.8298194399934289,3,24.0
450.0,6,43.0,1.8695652173913044,8.022114536605566,5,41.0,0.3089304431160686,0,2.0,0.6349267631457967,1,2.0,0.6484810116622777,6,45.0
455.0,5,68.0,2.9565217391304346,7.605855016772312,4,61.0,0.3050227303029324,0,0.0,0.4294789762738434,1,7.0,0.6225289853264289,5,68.0
460.0,5,82.0,3.28,7.602886216818529,4,81.0,0.38909835778041335,0,0.0,0.696038673280544,1,2.0,0.5777434465079353,5,83.0
465.0,3,15.0,0.5769230769230769,8.988059372966832,1,46.0,0.5714513041164571,0,0.0,0.7145874091451091,2,12.0,0.6533620112708154,3,58.0
470.0,5,23.0,0.92,8.060202923277522,0,4.0,0.5713918985206575,1,2.0,0.49581811706606393,4,22.0,0.38525639295817193,5,28.0
475.0,4,11.0,0.4583333333333333,6.3727515726118655,3,10.0,0.38236957056740734,1,1.0,0.41929045480555466,0,2.0,0.3978124949653379,4,13.0
480.0,5,31.0,1.2916666666666667,7.950396288266785,3,25.0,0.38834507402703783,1,8.0,0.6842543586950341,1,2.0,0.6058157498779659,5,35.0
485.0,3,17.0,0.6296296296296297,8.541527483764106,0,13.0,0.4788469240032346,2,16.0,0.535020551668079,1,5.0,0.6851890174087583,3,34.0
490.0,4,26.0,1.0,7.5845336975244315,0,0.0,0.5946813813253853,3,30.0,0.507000423122183,1,2.0,0.39897498062677245,4,32.0
495.0,8,57.0,2.0357142857142856,7.766445785463461,2,5.0,0.5646321675563148,3,43.0,0.4793320735217941,3,13.0,0.37579413695621966,8,61.0
500.0,8,94.0,3.9166666666666665,7.706165353942389,2,12.0,0.5542161242039766,3,56.0,0.4856865600782388,3,28.0,0.48525592651571475,8,96.0
505.0,6,93.0,3.875,5.8860143942477485,2,22.0,0.41332084180346557,3,71.0,0.2848095805752298,1,13.0,0.5269082987762905,6,106.0
510.0,0,0.0,0.0,8.589035285948045,0,2.0,0.4993460984704205,0,25.0,0.6688297085743232,0,0.0,0.6657480765430462,0,27.0
515.0,7,11.0,0.4074074074074074,8.016740321786873,3,5.0,0.1713906444341414,2,5.0,0.4297438008100789,2,3.0,0.37390572199458816,7,13.0
520.0,9,50.0,2.380952380952381,6.7806264148364415,2,15.0,0.5090627554375683,2,15.0,0.2991792136452011,5,22.0,0.21023442899017633,9,52.0
525.0,6,30.0,1.5,4.100725031046743,1,9.0,0.35086740146389206,4,30.0,0.12036805835665973,1,24.0,0.34606819019816154,6,63.0
530.0,2,6.0,0.2857142857142857,8.433860759532356,2,6.0,0.25869375179551,0,20.0,0.6322990956760983,0,2.0,0.7207504343250364,2,28.0
535.0,1,2.0,0.09090909090909091,10.845581862228785,0,2.0,0.8785271715290909,1,4.0,0.7986394469361524,0,2.0,0.79317031133352,1,8.0
540.0,2,7.0,0.28,10.83223111320764,0,2.0,0.6992242089177927,2,9.0,0.7030286531146752,0,2.0,0.7838066720614829,2,13.0
545.0,1,12.0,0.5454545454545454,9.803554895684492,0,2.0,0.5801654116753194,1,12.0,0.7099063827213546,0,2.0,0.8561291646133322,1,16.0
550.0,1,17.0,0.7727272727272727,8.539344650295014,0,0.0,0.6183104141693916,1,17.0,0.6604745301804951,0,0.0,0.6612820987505709,1,17.0
555.0,4,28.0,1.0769230769230769,8.360032665468394,2,4.0,0.596478664281491,2,25.0,0.49403350009093655,0,0.0,0.5276955669765753,4,29.0
560.0,3,12.0,0.42857142857142855,9.551949417851446,2,12.0,0.711291910867034,0,4.0,0.5405295763140648,1,0.0,0.6343535830698739,3,16.0
565.0,3,27.0,0.9,9.887339744645685,2,22.0,0.645827765896213,1,6.0,0.3606243239862041,0,0.0,0.6917804713316427,3,28.0
570.0,4,16.0,0.6153846153846154,8.667722383800484,1,3.0,0.45769798534903083,3,16.0,0.373483994208917,0,0.0,0.8488756740248516,4,19.0
575.0,7,40.0,1.5384615384615385,8.486695445347054,3,10.0,0.36527718418813143,3,31.0,0.3918580192896369,1,0.0,0.6246603738115899,7,41.0
580.0,2,5.0,0.21739130434782608,7.9364091444304785,0,6.0,0.38141824574721994,0,10.0,0.7155498810549551,2,5.0,0.4813591120163135,2,21.0
585.0,2,10.0,0.45454545454545453,9.84690095945988,0,2.0,0.7878861999389427,0,2.0,0.8118000855072545,2,12.0,0.5463797821450603,2,16.0
590.0,3,22.0,0.9565217391304348,9.78566034169406,0,2.0,0.7112795465679569,1,4.0,0.7440648411964721,2,22.0,0.6489526489624006,3,28.0
595.0,2,12.0,0.42857142857142855,8.634928299121993,1,7.0,0.5816567671753137,1,9.0,0.6753747595903214,0,10.0,0.5960472975491289,2,26.0
600.0,6,32.0,1.032258064516129,7.372510144506659,2,15.0,0.48553284250544293,1,12.0,0.6839864874794693,3,9.0,0.4558192749824608,6,36.0
605.0,4,21.0,0.6176470588235294,6.538025939692028,1,8.0,0.5035900590971709,2,19.0,0.14119644603439477,1,6.0,0.5698475994607041,4,33.0
610.0,3,12.0,0.3333333333333333,9.704779747887832,3,12.0,0.6049205581276266,0,9.0,0.7596478995279491,0,0.0,0.7914102850547226,3,21.0
615.0,1,0.0,0.0,10.433630123322388,1,12.0,0.5789797728355394,0,4.0,0.9103822724985663,0,0.0,0.8344401311400433,1,16.0
620.0,4,9.0,0.23076923076923078,9.85788930382707,3,6.0,0.35004685268523816,0,2.0,0.8868897013186152,1,3.0,0.6570580919227579,4,11.0
625.0,10,38.0,1.027027027027027,8.096457609039074,7,30.0,0.27478624173033156,0,0.0,0.7812001221646507,3,8.0,0.5254556254729937,10,38.0
630.0,4,29.0,0.8529411764705882,8.556614243009433,2,39.0,0.4168457399874914,0,0.0,0.8862371029546677,2,15.0,0.6321977242740722,4,54.0
635.0,3,25.0,0.7142857142857143,8.225909442636851,0,15.0,0.5209501625445729,0,2.0,0.7193908590522232,3,25.0,0.5527502926785071,3,42.0
640.0,4,10.0,0.2564102564102564,8.526847231632098,3,6.0,0.5470619733146602,1,6.0,0.7322074745441532,0,10.0,0.607392679237469,4,22.0
645.0,4,12.0,0.3,7.866461776297877,2,5.0,0.5906709370060301,0,2.0,0.6004902368631779,2,7.0,0.3165690297162238,4,14.0
650.0,9,33.0,0.825,7.222903418880915,4,18.0,0.461048751029422,3,12.0,0.3219987424196227,2,16.0,0.3226704088322526,9,46.0
655.0,4,16.0,0.48484848484848486,7.357818955387572,3,26.0,0.3543154407567957,0,8.0,0.6246637925713959,1,10.0,0.5445654128369248,4,44.0
660.0,3,2.0,0.05714285714285714,8.874758942960314,1,21.0,0.46381868964270156,0,2.0,0.8824966451826988,2,8.0,0.596030687830033,3,31.0
665.0,2,10.0,0.2702702702702703,10.498438049258858,1,11.0,0.5927690816020804,0,2.0,0.8589849664494206,1,13.0,0.6816082385004646,2,26.0
670.0,2,8.0,0.2222222222222222,10.273992461675146,1,10.0,0.7134429562993058,0,0.0,0.8475417346716849,1,2.0,0.6634359592249812,2,12.0
675.0,2,13.0,0.34210526315789475,10.447267964348693,2,13.0,0.5898367410735716,0,0.0,0.732116968736049,0,0.0,0.8298045125078246,2,13.0
680.0,1,18.0,0.47368421052631576,11.094440351835987,1,18.0,0.7692100092180463,0,0.0,0.7900289645358174,0,0.0,0.8225076789103378,1,18.0
685.0,3,27.0,0.75,9.964935311404124,1,23.0,0.6264883125284846,0,0.0,0.7910626797391309,2,4.0,0.625384534480417,3,27.0
690.0,8,50.0,1.3888888888888888,8.582825355280564,4,35.0,0.38585273636534345,2,6.0,0.6611944195325742,2,9.0,0.6315893887909205,8,50.0
695.0,5,35.0,0.9210526315789473,9.102036710565802,1,8.0,0.5692810892161532,3,20.0,0.6174290938208951,1,14.0,0.7237787681700188,5,42.0
700.0,6,42.0,0.9767441860465116,9.154270342436211,2,6.0,0.5795943895469938,3,35.0,0.4348211036686048,1,1.0,0.6953159983454705,6,42.0
705.0,5,23.0,0.5609756097560976,8.685846449089825,3,16.0,0.6078283477216925,1,28.0,0.3212826889892638,1,6.0,0.6482938469865246,5,50.0
710.0,8,44.0,1.2571428571428571,6.400345609982636,4,32.0,0.4469507382733198,3,12.0,0.27202614058144786,1,3.0,0.4138161171973631,8,47.0
715.0,7,63.0,1.5365853658536586,6.280250251599201,6,60.0,0.23162281807226676,1,18.0,0.4358603500303643,0,0.0,0.5289502869120547,7,78.0
720.0,9,27.0,0.5869565217391305,7.6654872453675855,6,57.0,0.42105766387314914,2,14.0,0.645898142628139,1,0.0,0.6183622381004924,9,71.0
725.0,3,24.0,0.46153846153846156,8.853700001617607,0,21.0,0.5618464449053381,2,24.0,0.6934617052463965,1,2.0,0.5837266889331825,3,47.0
730.0,6,40.0,0.7272727272727273,7.9642416688628535,3,20.0,0.4696937493674554,3,38.0,0.5918406785606511,0,3.0,0.652457934972534,6,61.0
735.0,15,88.0,1.6,7.370839863075105,8,44.0,0.31684421163127297,5,60.0,0.503157541134905,2,2.0,0.4570852152774562,15,106.0
740.0,7,28.0,0.5714285714285714,6.0692253653116035,6,59.0,0.3240026499201794,1,46.0,0.29261090459724437,0,2.0,0.5645821076232255,7,107.0
745.0,6,10.0,0.2,5.684456968028742,0,37.0,0.2474715467179988,4,17.0,0.32504210059560323,2,1.0,0.35193426522206567,6,55.0
750.0,4,7.0,0.13725490196078433,8.183421507007534,1,11.0,0.42187320119712396,0,18.0,0.6744203008631493,3,5.0,0.5197126619772915,4,34.0
755.0,7,29.0,0.5686274509803921,9.268633852928781,4,14.0,0.5216915404602583,0,4.0,0.9027543395120862,3,19.0,0.533753472922183,7,37.0
760.0,7,42.0,0.7924528301886793,8.666957529587634,2,9.0,0.5586903475398933,0,0.0,0.899805258457365,5,41.0,0.4924514293813689,7,50.0
765.0,7,31.0,0.5961538461538461,8.850820976055733,4,21.0,0.5719279424315078,0,0.0,0.913891107628558,3,41.0,0.5553384707560809,7,62.0
770.0,1,1.0,0.020833333333333332,8.858351604522115,0,15.0,0.5173909880306579,0,2.0,0.8262879465326549,1,12.0,0.5885018632625786,1,29.0
775.0,5,15.0,0.30612244897959184,8.79960666129149,2,6.0,0.38897757247596243,0,4.0,0.7740053437253218,3,13.0,0.5636581577452149,5,23.0
780.0,4,8.0,0.16,7.858007852106587,1,1.0,0.3413875307015308,0,4.0,0.8268945018217359,3,14.0,0.4398955533079521,4,19.0
785.0,13,56.0,1.1666666666666667,7.794989290793414,4,19.0,0.3201348591907394,0,2.0,0.78358312676335,9,41.0,0.2461748095899097,13,62.0
790.0,9,63.0,1.5365853658536586,6.404020331046356,4,39.0,0.4064399185160542,0,0.0,0.7976072144784194,5,58.0,0.21277864405155475,9,97.0
795.0,6,4.0,0.1,6.308028805423886,2,26.0,0.4705271137171329,2,3.0,0.41014599921134665,2,31.0,0.3585408759577384,6,60.0
800.0,4,14.0,0.3333333333333333,9.599127043538761,0,0.0,0.7705195075256732,4,18.0,0.5766232825778769,0,11.0,0.6026497004867468,4,29.0
805.0,1,0.0,0.0,9.854674295620464,1,0.0,0.5686541754191913,0,15.0,0.7584789125936268,0,3.0,0.8453679896122797,1,18.0
810.0,4,10.0,0.2127659574468085,9.919560343207905,2,9.0,0.6342677188752542,1,3.0,0.7646232803956509,1,2.0,0.7336137908069422,4,14.0
815.0,4,8.0,0.16326530612244897,9.336250503359452,1,2.0,0.687307723025306,2,8.0,0.6850434125984114,1,2.0,0.6489445323800871,4,12.0
820.0,3,6.0,0.12244897959183673,9.068037413785978,1,4.0,0.6175576978632555,2,4.0,0.5126320785374526,0,2.0,0.7704062962723863,3,10.0
825.0,8,26.0,0.5098039215686274,7.32002784967235,1,5.0,0.45608336027644764,6,25.0,0.4075835750129312,1,2.0,0.5755057625388151,8,32.0
830.0,7,26.0,0.5652173913043478,6.586969852342791,0,1.0,0.6694061003078833,5,39.0,0.24978528129262523,2,6.0,0.45856740265304985,7,46.0
835.0,10,39.0,0.7959183673469388,7.354212382402684,1,2.0,0.6421489467677495,3,43.0,0.41461153142993873,6,29.0,0.4252974515491008,10,74.0
840.0,6,17.0,0.3148148148148148,7.430346983934671,1,3.0,0.5634123015225379,2,46.0,0.44963888868250523,3,36.0,0.47358120694064776,6,85.0
845.0,10,39.0,0.7358490566037735,7.706124123625317,4,15.0,0.5455586829139246,5,54.0,0.3428934700254972,1,21.0,0.6068647117695175,10,90.0
850.0,6,31.0,0.5636363636363636,7.231851303823493,1,14.0,0.4813058071222646,3,60.0,0.35327201758040266,2,12.0,0.6015560507888577,6,86.0
855.0,3,27.0,0.5294117647058824,8.30142191528762,0,2.0,0.615103274534044,0,34.0,0.5316154602499723,3,28.0,0.6249294194328806,3,64.0
860.0,7,53.0,0.9636363636363636,8.815689756988391,2,9.0,0.6800988562180006,1,8.0,0.6848194677000642,4,43.0,0.4410021285943384,7,60.0
865.0,10,95.0,1.6666666666666667,8.476354199348673,4,21.0,0.5719136434511716,2,14.0,0.6869064166135499,4,63.0,0.5184328449001193,10,98.0
870.0,4,26.0,0.4642857142857143,7.845034414270133,1,17.0,0.5360988569958433,2,24.0,0.6808561808747368,1,41.0,0.49401343245315876,4,82.0
875.0,12,60.0,1.0909090909090908,6.839461278436613,5,20.0,0.4039338161925353,3,36.0,0.4545737054398338,4,9.0,0.39185889171013155,12,65.0
880.0,13,89.0,1.5892857142857142,5.430171835660311,4,28.0,0.333244565070399,3,51.0,0.3277476980061991,6,31.0,0.2649376958039657,13,110.0
885.0,13,80.0,1.4814814814814814,5.055453461209412,2,22.0,0.35517096145621135,1,38.0,0.317976043593868,10,73.0,0.21529561810930284,13,133.0
890.0,12,81.0,1.4210526315789473,6.154885303251387,2,21.0,0.30827029333106276,2,12.0,0.6467987975503624,8,98.0,0.2865933459086299,12,131.0
895.0,11,58.0,1.0175438596491229,6.338857919762757,8,49.0,0.22071601156413628,0,10.0,0.6530836876687024,3,93.0,0.355163404230776,11,152.0
900.0,11,40.0,0.7142857142857143,5.806903079720448,8,72.0,0.18512888735516386,1,6.0,0.5977735635890343,2,66.0,0.35176285861268247,11,144.0
905.0,8,34.0,0.6181818181818182,7.2802451815019795,4,64.0,0.2500775011097861,1,5.0,0.7001574467825951,3,56.0,0.5743451526816377,8,125.0
910.0,11,52.0,0.8813559322033898,6.850312696012967,3,59.0,0.26547647416193254,2,13.0,0.498736163839576,6,40.0,0.3280462146537032,11,112.0
915.0,9,33.0,0.5892857142857143,6.356419109719411,7,84.0,0.1458001083156979,0,7.0,0.401331525953659,2,29.0,0.44413090524056575,9,120.0
920.0,17,92.0,1.803921568627451,6.071719200270629,14,145.0,0.14652549513238117,0,0.0,0.3959462173644182,3,11.0,0.4701993867895454,17,156.0
925.0,15,90.0,1.836734693877551,5.172464159929487,10,170.0,0.2344180116795388,1,4.0,0.5082078854133719,4,19.0,0.4168413280030522,15,193.0
930.0,9,52.0,1.04,5.945358307713691,3,128.0,0.3008633585785957,2,16.0,0.5776553868603235,4,28.0,0.40142429713830374,9,172.0
935.0,7,46.0,0.8679245283018868,7.416819074476149,2,57.0,0.37377185770783106,0,4.0,0.7536980988316639,5,46.0,0.31959850720605276,7,107.0
940.0,4,13.0,0.23214285714285715,8.54656584137325,3,24.0,0.4965160787976718,0,2.0,0.7164210141941263,1,35.0,0.44247147798718034,4,61.0
945.0,5,16.0,0.27586206896551724,8.257743285814584,3,24.0,0.3954462862776415,0,0.0,0.7082917975571272,2,11.0,0.4896523364734646,5,35.0
950.0,8,35.0,0.7,7.869323506270075,8,49.0,0.3426867104035211,0,0.0,0.6760107624923615,0,8.0,0.6363808089100454,8,57.0
955.0,7,24.0,0.5217391304347826,8.044829223196206,4,55.0,0.3976709265319869,1,7.0,0.5058020679974271,2,0.0,0.6753258006464283,7,62.0
960.0,2,2.0,0.044444444444444446,9.090139085596595,2,22.0,0.3520596902903224,0,6.0,0.7813030625298307,0,0.0,0.7653000604498552,2,28.0
965.0,3,3.0,0.06382978723404255,9.386722598905232,3,18.0,0.28737874810186903,0,4.0,0.8686377047335431,0,0.0,0.7105106650899277,3,22.0
970.0,9,29.0,0.5686274509803921,8.209127808845592,6,37.0,0.24763863408152656,0,0.0,0.7406166629187813,3,6.0,0.5615265678495227,9,43.0
975.0,8,28.0,0.5384615384615384,7.964852481974461,4,36.0,0.494567064130116,1,0.0,0.7550648802648868,3,19.0,0.4617077412783959,8,55.0
980.0,5,3.0,0.05263157894736842,8.037673142734821,3,15.0,0.48746664938992224,0,2.0,0.7442162485498998,2,10.0,0.5082343905731752,5,27.0
985.0,8,34.0,0.5862068965517241,8.989386417941628,4,25.0,0.520162534516078,2,8.0,0.7104522345012863,2,8.0,0.6320643866075323,8,41.0
990.0,8,49.0,0.875,8.255224971846458,6,45.0,0.5028790484820266,1,9.0,0.6587445719379047,1,7.0,0.5596606433874055,8,61.0
995.0,14,101.0,1.6557377049180328,7.2006243367982705,9,80.0,0.3367572521778546,3,15.0,0.5743611680724978,2,10.0,0.3611559451047016,14,105.0
1000.0,9,37.0,0.5873015873015873,7.229935582229921,6,80.0,0.3690537330501737,1,13.0,0.460557420554532,2,2.0,0.45647723057072626,9,95.0
1005.0,11,51.0,0.8360655737704918,7.605229489273107,6,62.0,0.3443481605886787,2,12.0,0.44529949529675233,3,17.0,0.5371141944259654,11,91.0
1010.0,9,37.0,0.6851851851851852,6.910803260921243,5,73.0,0.33599634664861133,3,20.0,0.4338128277326641,1,19.0,0.6232150584355687,9,112.0
1015.0,10,51.0,0.8947368421052632,6.9574788719608005,5,69.0,0.28900397157440194,5,39.0,0.4589345902779612,0,1.0,0.6689849840190266,10,109.0
1020.0,10,73.0,1.2166666666666666,7.620565679423739,4,77.0,0.39739159532123025,4,57.0,0.5515085800940045,2,2.0,0.6146518570572627,10,136.0
1025.0,16,116.0,1.8709677419354838,6.548214849984245,5,62.0,0.4204713249908358,6,81.0,0.3850585976902122,5,18.0,0.40807945168392634,16,161.0
1030.0,18,90.0,1.3636363636363635,5.059337736745503,9,77.0,0.295671885256594,5,78.0,0.13612878622310381,4,32.0,0.34188457597915944,18,187.0
1035.0,20,148.0,2.242424242424242,5.741459724010355,13,136.0,0.2003167383805024,6,51.0,0.4016684707200216,1,18.0,0.36549226313270405,20,205.0
1040.0,20,158.0,2.393939393939394,5.491227610188798,12,161.0,0.16064160342808761,6,61.0,0.4931449428122901,2,15.0,0.3124358180867851,20,237.0
1045.0,19,165.0,2.5,5.79002143413714,6,143.0,0.26324277936039076,7,91.0,0.40876453546285824,6,31.0,0.23186346863730128,19,265.0
1050.0,17,158.0,2.5901639344262297,4.472647559470214,6,175.0,0.2706954544065605,8,127.0,0.2643668503180597,3,41.0,0.21522619306827834,17,343.0
1055.0,13,54.0,0.8571428571428571,4.981619459721526,7,206.0,0.15672833867202401,4,117.0,0.3432698157321025,2,22.0,0.2648956923611636,13,345.0
1060.0,7,20.0,0.3225806451612903,6.057790569593178,6,202.0,0.18982024584329313,1,37.0,0.5279113637677487,0,10.0,0.5045300483455563,7,249.0
1065.0,7,20.0,0.32786885245901637,7.399440515116517,3,167.0,0.34185378829159946,2,18.0,0.6680687351545634,2,9.0,0.6221672050893975,7,194.0
1070.0,6,16.0,0.25806451612903225,7.129817307753127,2,114.0,0.35080549028713004,2,14.0,0.6881844427524076,2,8.0,0.5864064528938788,6,136.0
1075.0,7,34.0,0.53125,7.213386755328041,1,68.0,0.393721745688015,1,19.0,0.766802488969919,5,17.0,0.2951810931825993,7,104.0
1080.0,8,46.0,0.6865671641791045,7.194888364907322,2,45.0,0.4593944775720947,2,24.0,0.6593484979859582,4,29.0,0.35543087287624614,8,98.0
1085.0,4,40.0,0.5797101449275363,7.406244105611521,0,30.0,0.44927789875652674,3,39.0,0.5787393222300576,1,25.0,0.49485611381270833,4,94.0
1090.0,14,78.0,1.0833333333333333,7.39714164865606,8,45.0,0.3533607764054851,6,61.0,0.5421514398310423,0,11.0,0.6292959270346905,14,117.0
1095.0,9,21.0,0.2916666666666667,5.781013174270841,7,59.0,0.20810807334922868,1,28.0,0.5569872209472977,1,11.0,0.4642626569613205,9,98.0
1100.0,18,49.0,0.6447368421052632,4.778919653942161,7,56.0,0.1875192463548826,5,18.0,0.3770129607631245,6,33.0,0.3021890087828596,18,107.0
1105.0,11,40.0,0.5263157894736842,5.617728883866609,1,40.0,0.3138726571687852,4,30.0,0.37850785607826065,6,55.0,0.25628257973484253,11,125.0
1110.0,8,30.0,0.38961038961038963,6.123912781182029,2,35.0,0.33867894977953994,3,29.0,0.4925978098762083,3,48.0,0.35550901728599543,8,112.0
1115.0,14,66.0,0.8148148148148148,6.193753050193398,6,56.0,0.3362956534942974,5,39.0,0.4517550287664653,3,54.0,0.3283145186240513,14,149.0
1120.0,17,57.0,0.7215189873417721,4.905260946809879,5,66.0,0.275226578600665,2,37.0,0.3967906456122499,10,84.0,0.29029406366535104,17,187.0
1125.0,15,58.0,0.7532467532467533,4.257677179711744,4,51.0,0.24321040374467862,4,25.0,0.4000683362927728,7,103.0,0.17939701825147875,15,179.0
1130.0,11,33.0,0.38823529411764707,5.553593366524725,1,25.0,0.307619371343647,1,25.0,0.49591027493831014,9,97.0,0.2154011011904027,11,147.0
1135.0,7,34.0,0.40963855421686746,7.483089635192292,1,25.0,0.4530362958554282,3,19.0,0.6138320081813746,3,68.0,0.38711011623418884,7,112.0
1140.0,6,30.0,0.35294117647058826,6.750369532270268,1,14.0,0.3860745920851132,3,26.0,0.5878091184671516,2,65.0,0.34134793550698334,6,105.0
1145.0,17,61.0,0.7176470588235294,5.595219020587888,8,39.0,0.3188849702792906,1,18.0,0.40415169402573237,8,92.0,0.24319656116799168,17,149.0
1150.0,31,135.0,1.646341463414634,3.486979385238517,14,90.0,0.1401032825399045,8,30.0,0.16254363586280332,9,105.0,0.17868515108820926,31,225.0
1155.0,25,110.0,1.3253012048192772,4.186299835759341,13,129.0,0.1184268527215503,5,53.0,0.38350680589404124,7,89.0,0.20307997564955188,25,271.0
1160.0,11,41.0,0.4880952380952381,6.151821959210322,8,123.0,0.329380627576836,1,22.0,0.5806290055766283,2,62.0,0.2993533133211454,11,207.0
1165.0,13,50.0,0.5681818181818182,6.909451912247167,6,91.0,0.3929302585812609,4,23.0,0.6426940125901334,3,68.0,0.3638062629737256,13,182.0
1170.0,13,59.0,0.6145833333333334,6.409664872944316,4,84.0,0.4492289198459534,2,20.0,0.5480073195617476,7,90.0,0.2471827852734711,13,194.0
1175.0,18,47.0,0.47959183673469385,5.324032233001995,5,74.0,0.31273964599641085,6,27.0,0.3977775059487441,7,99.0,0.1990815446239371,18,200.0
1180.0,15,52.0,0.5531914893617021,5.211788978197113,7,73.0,0.2962883548376061,5,43.0,0.26798217614765224,3,77.0,0.2070792753137864,15,193.0
1185.0,20,99.0,1.125,6.01824465944678,12,125.0,0.23960493474796624,2,32.0,0.4329508860572744,6,51.0,0.31992023529151,20,208.0
1190.0,22,175.0,2.0348837209302326,6.1675734179217745,17,200.0,0.2160627362498917,2,21.0,0.622331394910225,3,49.0,0.3858417264079685,22,270.0
1195.0,25,186.0,2.2142857142857144,5.2664257588067915,15,233.0,0.20680405064023735,2,29.0,0.5470907388518638,8,70.0,0.33122813581957156,25,332.0
1200.0,23,139.0,1.6746987951807228,4.4939857165445805,10,211.0,0.27384439404411814,2,41.0,0.5423901938600325,11,93.0,0.2130677174362549,23,345.0
1205.0,18,124.0,1.4588235294117646,4.72937666611503,7,165.0,0.2342695102244536,3,53.0,0.5400185731839185,8,81.0,0.18796663661579524,18,299.0
1210.0,12,72.0,0.7912087912087912,6.152348171393933,5,137.0,0.24927029505518608,1,10.0,0.6688761003712785,6,68.0,0.24258678788268997,12,215.0
1215.0,10,68.0,0.7083333333333334,7.617391177928021,3,125.0,0.3890379678109194,2,6.0,0.6186845930266472,5,73.0,0.37637668671347524,10,204.0
1220.0,5,17.0,0.17525773195876287,7.039842013433895,1,95.0,0.45678496515969713,0,7.0,0.5318963106769803,4,50.0,0.3130091753216851,5,152.0
1225.0,15,41.0,0.4270833333333333,6.8882510798463565,3,87.0,0.4548511179078931,3,11.0,0.440571018327426,9,44.0,0.3551863449254008,15,142.0
1230.0,17,55.0,0.5851063829787234,5.873702618308288,8,112.0,0.38632801713955683,2,14.0,0.30629743368511947,7,62.0,0.2536626970200207,17,188.0
1235.0,20,62.0,0.7294117647058823,5.000142716123014,6,122.0,0.26022436207850835,7,26.0,0.2923614866128753,7,59.0,0.21823687187646756,20,207.0
1240.0,15,38.0,0.4578313253012048,4.89209770109568,4,91.0,0.25258636073497415,8,55.0,0.27081494435413184,3,60.0,0.2525415925475544,15,206.0
1245.0,17,61.0,0.6853932584269663,5.830592064772391,4,55.0,0.34160281480757415,5,59.0,0.3303843710488519,8,73.0,0.2992634238319318,17,187.0
1250.0,12,60.0,0.6666666666666666,6.347641996396257,2,46.0,0.448082677662208,5,60.0,0.38365223097136175,5,75.0,0.3560239877038158,12,181.0
1255.0,12,35.0,0.3804347826086957,6.039928514857529,5,64.0,0.4099586696587927,3,52.0,0.3946284747879725,4,59.0,0.2892139138693296,12,175.0
1260.0,16,52.0,0.5531914893617021,5.051229283861872,4,59.0,0.28615041033366206,5,42.0,0.3389580498114453,7,86.0,0.2822465564973489,16,187.0
1265.0,26,87.0,0.8877551020408163,4.669636512904779,5,52.0,0.2549576259933634,8,54.0,0.24073042687058385,13,125.0,0.20384947241757878,26,231.0
1270.0,25,152.0,1.5670103092783505,4.969841173985531,2,50.0,0.3315194565642692,8,56.0,0.2970455822574363,15,193.0,0.22491817398929803,25,299.0
1275.0,26,151.0,1.5408163265306123,4.576847385189447,7,67.0,0.28794753743209156,4,64.0,0.2364785427667839,15,230.0,0.18936316650616097,26,361.0
1280.0,24,102.0,1.0736842105263158,4.904779744884048,6,79.0,0.25401693587230045,7,69.0,0.3132736149247908,11,195.0,0.16495967251118981,24,343.0
1285.0,18,66.0,0.7252747252747253,5.284675074888444,6,67.0,0.1974810984830323,5,71.0,0.44586949331294806,7,164.0,0.219734777955215,18,302.0
1290.0,19,73.0,0.7934782608695652,5.829017048543216,5,75.0,0.2645905478187323,5,57.0,0.4438559849151115,9,145.0,0.37736017944222505,19,277.0
1295.0,19,96.0,1.0212765957446808,6.129251351991564,9,102.0,0.279384063862684,4,63.0,0.41099881693485973,6,135.0,0.3963455258530222,19,300.0
1300.0,27,172.0,1.9545454545454546,5.174141883220335,13,150.0,0.18261748945987666,8,76.0,0.28361082790400954,6,130.0,0.4057202592662733,27,356.0
1305.0,27,185.0,2.102272727272727,4.491069427340523,17,222.0,0.12248533235133094,8,85.0,0.19496228592028883,2,103.0,0.3967036156719891,27,410.0
1310.0,26,166.0,1.930232558139535,4.733497750361684,16,260.0,0.2017873588189094,5,72.0,0.20887138723199863,5,93.0,0.39917778147957755,26,425.0
1315.0,19,122.0,1.4523809523809523,5.358854783531233,12,235.0,0.25615849757260434,3,51.0,0.3887378207900143,4,95.0,0.4145975016185662,19,381.0
1320.0,22,106.0,1.2325581395348837,5.661806909101492,13,205.0,0.2702696703786796,4,47.0,0.5179643154442225,5,86.0,0.3346463956869606,22,338.0
1325.0,19,111.0,1.2065217391304348,6.1327877572314735,12,227.0,0.3002734809758941,4,48.0,0.49830958507897805,3,82.0,0.3706327400451542,19,357.0
1330.0,26,149.0,1.568421052631579,5.573458673674922,13,240.0,0.26538665960245716,6,51.0,0.36042329373030607,7,106.0,0.25703680114521626,26,397.0
1335.0,20,81.0,0.8617021276595744,4.859239879921416,6,245.0,0.32037298776524864,7,58.0,0.25720196344311225,7,117.0,0.27859645217356627,20,420.0
1340.0,18,74.0,0.7551020408163265,6.143595215996516,4,212.0,0.44449831790723426,8,77.0,0.3396376049544443,6,90.0,0.3601018512044722,18,379.0
1345.0,18,80.0,0.8080808080808081,6.01076634365802,7,225.0,0.4152289557505363,8,87.0,0.3610707998450392,3,79.0,0.4205765566489426,18,391.0
1350.0,28,149.0,1.4607843137254901,5.297960922109489,11,269.0,0.2690526361106219,9,100.0,0.2692667372372741,8,98.0,0.26869797761254605,28,467.0
1355.0,27,149.0,1.505050505050505,3.7713469458664264,11,292.0,0.13129629700246792,9,126.0,0.163225768673735,7,104.0,0.24346079077846122,27,522.0
1360.0,23,111.0,1.168421052631579,4.634445024264921,11,284.0,0.28482608154632094,7,127.0,0.35498087405146467,5,63.0,0.27105247987075975,23,474.0
1365.0,19,76.0,0.7524752475247525,4.858247317480019,10,321.0,0.24914961526658047,6,125.0,0.34700350233600413,3,71.0,0.323862780444448,19,517.0
1370.0,26,112.0,1.018181818181818,4.75527610761846,12,377.0,0.20700527877238561,8,118.0,0.22389723774398382,6,85.0,0.2339126896467664,26,580.0
1375.0,33,164.0,1.5769230769230769,3.7781318153451795,17,452.0,0.13017113260466376,9,121.0,0.1182458965861823,7,94.0,0.2167016993485099,33,667.0
1380.0,25,116.0,1.16,3.85151200775707,13,470.0,0.19189065646240028,8,111.0,0.22986150082346155,4,65.0,0.29239723767862025,25,646.0
1385.0,21,90.0,0.8653846153846154,4.4039337142022,12,417.0,0.24200985163972585,5,109.0,0.3551022716121268,4,74.0,0.23434343138944677,21,600.0
1390.0,26,111.0,1.009090909090909,4.496842509201474,9,410.0,0.19377201029225788,7,119.0,0.34688409601075504,10,108.0,0.16197056041451754,26,637.0
1395.0,34,165.0,1.5137614678899083,3.8725811807143975,13,447.0,0.15515194306789257,11,152.0,0.24561533151346715,10,118.0,0.10238022532763456,34,717.0
1400.0,38,249.0,2.3714285714285714,3.897898279330443,17,518.0,0.13382427789222795,17,224.0,0.20428699440185932,4,93.0,0.17264770844397645,38,835.0
1405.0,30,193.0,1.892156862745098,3.6687128270170737,11,516.0,0.15797654439736203,13,246.0,0.25890458523959353,6,109.0,0.16667346278810674,30,871.0
1410.0,27,123.0,1.2178217821782178,4.281513773253027,7,433.0,0.26966760137937507,8,200.0,0.28452433353410095,12,147.0,0.21266905544169595,27,780.0
1415.0,21,99.0,0.9611650485436893,5.112303445843236,7,315.0,0.2833594697418342,6,135.0,0.3917627803769819,8,150.0,0.24399991978425473,21,600.0
1420.0,18,78.0,0.7647058823529411,5.333811333185247,9,244.0,0.2994855592851137,2,138.0,0.47938151159430326,7,98.0,0.2504088243456692,18,480.0
1425.0,16,58.0,0.5523809523809524,4.961342725890957,6,257.0,0.30155815469568725,8,155.0,0.3367198703749272,2,92.0,0.22769161179431907,16,504.0
1430.0,28,87.0,0.8207547169811321,4.077871410173352,10,264.0,0.1838916778203653,10,162.0,0.17052775533390066,8,109.0,0.15356021026577243,28,535.0
1435.0,23,79.0,0.79,3.865503186680653,8,269.0,0.25921860704063415,7,130.0,0.1930317119749231,8,115.0,0.1745633477564725,23,514.0
1440.0,19,64.0,0.6464646464646465,4.893547594630623,9,230.0,0.3321618757505239,6,93.0,0.38453373267699537,4,95.0,0.25046978661814284,19,418.0
1445.0,17,49.0,0.4666666666666667,5.162809884257294,7,240.0,0.2716456311576297,4,83.0,0.41193224824331576,6,72.0,0.2923754396642576,17,395.0
1450.0,20,67.0,0.5982142857142857,4.88148834673641,10,262.0,0.18230665635186846,7,88.0,0.2805029081741516,3,64.0,0.2643824979215677,20,414.0
1455.0,26,90.0,0.8333333333333334,4.069461303475695,10,261.0,0.1476406314185726,10,101.0,0.1302288034116595,6,68.0,0.18519390820159568,26,430.0
1460.0,28,124.0,1.2156862745098038,4.0252582019302645,9,221.0,0.19088574883305184,7,89.0,0.2289440291835249,12,118.0,0.20796760937442016,28,428.0
1465.0,24,99.0,0.9611650485436893,3.581510285060113,9,250.0,0.16110430513567053,6,111.0,0.2659066095282744,9,135.0,0.2396196134855849,24,496.0
1470.0,27,116.0,1.045045045045045,4.172803007921932,11,278.0,0.10975088814776932,10,138.0,0.30097124275333914,6,104.0,0.249071913171969,27,520.0
1475.0,24,101.0,0.9017857142857143,4.036766713068425,9,274.0,0.10495379530314757,10,149.0,0.25643469322565515,5,70.0,0.2549118099104629,24,493.0
1480.0,23,65.0,0.5855855855855856,4.005805782601583,6,222.0,0.22617878306155167,11,136.0,0.2027190018082229,6,91.0,0.2767479855696398,23,449.0
1485.0,23,61.0,0.5398230088495575,4.462979448991628,8,228.0,0.24445501231517588,7,150.0,0.21495488596391607,8,120.0,0.2817342752463718,23,498.0
1490.0,22,87.0,0.7699115044247787,4.3097712389237115,10,246.0,0.20597492747351187,7,166.0,0.16022642498433587,5,126.0,0.24775999666350398,22,538.0
1495.0,29,148.0,1.3577981651376148,4.176989441567075,9,241.0,0.18310820671949224,14,217.0,0.1884321966913321,6,114.0,0.25126987247552185,29,572.0
1500.0,21,114.0,1.0754716981132075,4.006815954800378,8,156.0,0.16281426863878734,11,234.0,0.24213023749487886,2,119.0,0.24289708720890846,21,509.0
1505.0,15,59.0,0.5514018691588785,4.677827845918509,3,153.0,0.24929042237980056,6,190.0,0.2933832332108342,6,134.0,0.31109749846624635,15,477.0
1510.0,17,58.0,0.5370370370370371,4.493083282735835,8,168.0,0.21976805310821107,5,191.0,0.2239992192318732,4,132.0,0.2243781195481352,17,491.0
1515.0,24,135.0,1.2980769230769231,4.320234735004185,12,222.0,0.11133218175194401,8,226.0,0.20241501653486513,4,107.0,0.28394629936547705,24,555.0
1520.0,26,120.0,1.2121212121212122,3.4575268373387096,13,238.0,0.0835261149331212,9,218.0,0.23416815140379063,4,81.0,0.26839323267007525,26,537.0
1525.0,14,47.0,0.46534653465346537,4.1958335523881685,8,198.0,0.21966589709314377,3,156.0,0.29229489898588346,3,86.0,0.25347445356897474,14,440.0
1530.0,19,71.0,0.6893203883495146,5.437913190986184,7,129.0,0.30222917009572625,7,94.0,0.34879245291544153,5,101.0,0.2861282858188004,19,324.0
1535.0,21,113.0,1.0970873786407767,5.100504798332927,7,106.0,0.31634890057925347,4,110.0,0.35807110092243655,10,139.0,0.2358847579782022,21,355.0
1540.0,23,81.0,0.7788461538461539,4.074581692099515,6,113.0,0.23113863162191897,7,126.0,0.28183987532057414,10,150.0,0.18961794985380753,23,389.0
1545.0,28,144.0,1.4257425742574257,4.338115511695854,8,121.0,0.18279002671098368,13,172.0,0.2108599964333842,7,125.0,0.21796610139124808,28,418.0
1550.0,30,126.0,1.2475247524752475,3.522311236159488,7,137.0,0.18443609237396044,15,199.0,0.11672446756288976,8,147.0,0.17073054513224253,30,483.0
1555.0,30,112.0,1.108910891089109,4.144008507504567,7,118.0,0.2784927758437752,11,164.0,0.22324210869202593,12,199.0,0.18694774277050996,30,481.0
1560.0,24,105.0,1.0396039603960396,4.884309484961499,4,116.0,0.33447839083129755,9,151.0,0.2843408255613343,11,221.0,0.2725789962022158,24,488.0
1565.0,20,82.0,0.7735849056603774,4.719331494458797,6,140.0,0.22583276718864714,6,172.0,0.32305776166540556,8,203.0,0.26126981952051404,20,515.0
1570.0,21,63.0,0.5833333333333334,3.72268921871406,5,128.0,0.17030596686121385,10,181.0,0.24560816973587496,6,221.0,0.20512344345123137,21,530.0
1575.0,23,83.0,0.7545454545454545,4.0541861934117565,3,84.0,0.19403090799083653,10,193.0,0.23629954516705037,10,246.0,0.17841356604570646,23,523.0
1580.0,22,78.0,0.7155963302752294,4.7092835589382815,2,71.0,0.35573309577062895,9,159.0,0.2942785280915061,11,260.0,0.12987611199958987,22,490.0
1585.0,18,46.0,0.4380952380952381,4.24391193375376,3,78.0,0.2588128390932107,4,163.0,0.31977958423360725,11,227.0,0.15829068662266765,18,468.0
1590.0,20,90.0,0.8256880733944955,4.7542852116259064,6,96.0,0.2770712770294743,8,154.0,0.24765108570173205,6,192.0,0.22828144947478599,20,442.0
1595.0,20,61.0,0.5648148148148148,4.172403674694899,5,92.0,0.2505907487002704,10,163.0,0.14282277742326285,5,186.0,0.25093876437140583,20,441.0
1600.0,25,94.0,0.8867924528301887,4.675119536577709,6,88.0,0.2779014087361996,10,146.0,0.2323594190349366,9,204.0,0.23850480728399948,25,438.0
1605.0,17,54.0,0.5142857142857142,4.3328858494761056,1,79.0,0.2681638483100131,7,160.0,0.27241118814846044,9,213.0,0.21316127080994865,17,452.0
1610.0,25,85.0,0.8095238095238095,4.412713168962595,6,86.0,0.1911371929711369,10,168.0,0.3160203284435008,9,180.0,0.154455313625571,25,434.0
1615.0,23,80.0,0.7692307692307693,3.4598442134227883,5,90.0,0.15706904202287758,13,190.0,0.19946635218705652,5,181.0,0.17304877701605137,23,461.0
1620.0,23,81.0,0.7941176470588235,4.059167389327747,2,73.0,0.2876864372590647,12,154.0,0.1945512703300137,9,192.0,0.19671585486861384,23,419.0
1625.0,21,90.0,0.8653846153846154,4.056540281578625,2,82.0,0.269356704395525,5,167.0,0.23281309796677815,14,245.0,0.18161885401406833,21,494.0
1630.0,29,180.0,1.7307692307692308,3.7339763745158026,3,94.0,0.26083039799990393,8,168.0,0.22987823604443897,18,326.0,0.09008600220050055,29,588.0
1635.0,33,179.0,1.6728971962616823,3.1565018674607415,6,98.0,0.1896507692304969,9,159.0,0.12624370463928367,18,358.0,0.1425793816224349,33,615.0
1640.0,27,129.0,1.1727272727272726,4.130460135072483,7,97.0,0.221691167284165,7,131.0,0.3102902179081527,13,327.0,0.2277186994408267,27,555.0
1645.0,21,104.0,0.896551724137931,4.669635985413311,6,116.0,0.2781500453586389,5,102.0,0.4293375670278828,10,327.0,0.22300442377501156,21,545.0
1650.0,23,89.0,0.7355371900826446,4.87025278637988,9,131.0,0.27965865744025725,1,75.0,0.4047783738209579,13,384.0,0.17681823127733107,23,590.0
1655.0,23,88.0,0.7652173913043478,4.056043946494848,5,132.0,0.21083239101794676,5,61.0,0.22283604048689531,13,398.0,0.13993770484247994,23,591.0
1660.0,29,86.0,0.8037383177570093,3.438862548529455,7,122.0,0.158942558070811,9,80.0,0.27704682359970245,13,356.0,0.12844678919623553,29,558.0
1665.0,13,37.0,0.3333333333333333,4.655921732515784,3,117.0,0.22379378197831248,6,74.0,0.41316193216025054,4,349.0,0.24400962254978464,13,540.0
1670.0,14,48.0,0.41739130434782606,4.50800586117559,5,120.0,0.2100636914255387,1,55.0,0.32433883439527345,8,360.0,0.18582445433962372,14,535.0
1675.0,20,63.0,0.5431034482758621,4.080539093120291,3,109.0,0.21094980998304966,7,59.0,0.22087944904102444,10,353.0,0.14244170378966808,20,521.0
1680.0,23,69.0,0.6160714285714286,4.152827261512554,6,92.0,0.18700067744498422,7,76.0,0.349549701060849,10,302.0,0.1575629885804953,23,470.0
1685.0,23,76.0,0.6608695652173913,4.5912567357291785,8,88.0,0.24801024485987658,6,60.0,0.40489061501536944,9,313.0,0.19291817558799515,23,461.0
1690.0,19,81.0,0.680672268907563,4.430001308696162,6,102.0,0.2599954885636821,5,63.0,0.28748777141331683,8,331.0,0.18490499610876682,19,496.0
1695.0,30,151.0,1.26890756302521,4.441107910538218,5,106.0,0.2591993201239529,10,82.0,0.2109313189315698,15,378.0,0.1333129448546741,30,566.0
1700.0,35,185.0,1.6972477064220184,3.370292025150748,9,121.0,0.2207777336902664,13,109.0,0.18350762401764298,13,378.0,0.12528926006766677,35,608.0
1705.0,31,150.0,1.3888888888888888,3.617480253479068,10,145.0,0.22038061664034236,11,120.0,0.24306496715368672,10,331.0,0.22552576515923245,31,596.0
1710.0,33,161.0,1.3529411764705883,4.582712415655719,13,146.0,0.2560446531176612,10,129.0,0.3507252775848679,10,241.0,0.24984505734280105,33,516.0
1715.0,26,117.0,0.9285714285714286,4.7584404670409866,10,153.0,0.25910808644635613,7,128.0,0.3289758654364251,9,204.0,0.24746936649499868,26,485.0
1720.0,21,63.0,0.4772727272727273,4.908391352363779,9,166.0,0.2278620549133663,6,108.0,0.30150156160174035,6,203.0,0.2603793176662034,21,477.0
1725.0,30,116.0,0.8923076923076924,4.564545509129651,13,202.0,0.16823426440119377,9,122.0,0.15130680018621495,8,217.0,0.25701135763094957,30,541.0
1730.0,36,183.0,1.5378151260504203,3.935860661484249,14,269.0,0.21122762086821012,11,134.0,0.14248462837914705,11,214.0,0.22137772936431546,36,617.0
1735.0,33,167.0,1.4396551724137931,3.475060917304871,13,288.0,0.19227849844331119,8,141.0,0.2312685146010103,12,188.0,0.17062457893955724,33,617.0
1740.0,32,135.0,1.1538461538461537,3.824576113881819,13,272.0,0.1942375747421541,11,137.0,0.2615433715369076,8,207.0,0.16237428639231305,32,616.0
1745.0,35,176.0,1.4426229508196722,3.9447627512628083,11,308.0,0.12360368189774973,13,171.0,0.21795229121236762,11,213.0,0.18583411058137952,35,692.0
1750.0,43,247.0,2.111111111111111,3.649257663808633,15,358.0,0.10486382915322065,13,199.0,0.13019874646887325,15,255.0,0.1293242018611618,43,812.0
1755.0,36,185.0,1.6666666666666667,3.5218569339046395,11,387.0,0.2126257040791928,10,192.0,0.16818249161360393,15,281.0,0.15176142598644946,36,860.0
1760.0,31,159.0,1.4196428571428572,4.471130643968596,8,351.0,0.2856560379387701,9,161.0,0.3078622411760178,14,255.0,0.2026597640741043,31,767.0
1765.0,26,156.0,1.368421052631579,4.833033003252152,6,315.0,0.3065092387771044,8,165.0,0.32490101852570535,12,230.0,0.23806639089145057,26,710.0
1770.0,23,99.0,0.8319327731092437,4.812702853589941,4,328.0,0.25605581987028253,10,168.0,0.35129819116137556,9,241.0,0.18807047157296075,23,737.0
1775.0,27,117.0,0.9831932773109243,4.456595740602455,8,339.0,0.13834993286358946,9,177.0,0.21601189867788875,10,235.0,0.1616731491358051,27,751.0
1780.0,36,221.0,2.0654205607476634,4.283400330502641,8,336.0,0.14627620086219614,15,199.0,0.19565037011109265,13,275.0,0.1710854208954553,36,810.0
1785.0,26,164.0,1.607843137254902,3.9851705545807303,3,282.0,0.23552120101211854,10,216.0,0.2033758787718349,13,286.0,0.16684000043356587,26,784.0
1790.0,23,81.0,0.801980198019802,4.208986082172223,9,307.0,0.23170798744207066,6,161.0,0.3511983144148872,8,248.0,0.19384825297898453,23,716.0
1795.0,23,112.0,1.0467289719626167,4.803809085227678,9,347.0,0.2186919639733017,3,142.0,0.32420993410480375,11,202.0,0.24521576974745077,23,691.0
1800.0,32,171.0,1.5132743362831858,4.029801305562268,10,393.0,0.18025365427324988,10,143.0,0.2429225404096873,12,238.0,0.19940708596755194,32,774.0
1805.0,36,232.0,2.09009009009009,3.9694732181732406,17,462.0,0.15075746659172043,6,131.0,0.3046895537974497,13,269.0,0.16075514932732107,36,862.0
1810.0,33,222.0,2.1553398058252426,3.5779173660288635,17,476.0,0.1644960511154798,4,70.0,0.17777299155406023,12,307.0,0.21967032304228584,33,853.0
1815.0,29,168.0,1.6470588235294117,3.8861259423986483,15,413.0,0.20451420832413056,3,64.0,0.24772269866095156,11,313.0,0.22396851430394107,29,790.0
1820.0,29,161.0,1.5631067961165048,4.2880792604126565,14,333.0,0.1887191947330626,6,74.0,0.3458241930526051,9,271.0,0.15429972068035866,29,678.0
1825.0,27,111.0,1.0673076923076923,4.328261012842578,10,363.0,0.23517600594449461,4,69.0,0.3793520856105816,13,310.0,0.15191599973453504,27,742.0
1830.0,32,146.0,1.4313725490196079,4.267986249633069,13,403.0,0.23580484072655697,6,66.0,0.2916962632099647,13,341.0,0.14551178694185465,32,810.0
1835.0,25,93.0,0.9207920792079208,3.9677493123618315,7,397.0,0.25587378667351596,6,72.0,0.22471744581301983,12,339.0,0.17623768667160408,25,808.0
1840.0,23,68.0,0.6868686868686869,4.383224449262525,5,327.0,0.3078470545775962,9,92.0,0.3126346262841487,9,290.0,0.19751660880311822,23,709.0
1845.0,23,124.0,1.1923076923076923,5.339217763629775,5,339.0,0.27515682466060243,11,112.0,0.41514571744935086,7,229.0,0.22184783537257743,23,680.0
1850.0,22,101.0,0.926605504587156,4.108207795411935,10,380.0,0.1843573343148476,6,123.0,0.2536940757292792,6,228.0,0.16543128550128652,22,731.0
1855.0,30,171.0,1.5981308411214954,4.301247535918582,14,444.0,0.20157635478937144,7,90.0,0.18423301067117667,9,236.0,0.26421076199090116,30,770.0
1860.0,31,192.0,1.8113207547169812,3.988780977483917,13,444.0,0.16948930282225227,4,85.0,0.23115336642233525,14,278.0,0.2558136134769737,31,807.0
1865.0,30,143.0,1.311926605504587,4.259467282047189,13,379.0,0.15551700929722936,7,84.0,0.33228048568514007,10,280.0,0.21743590733233353,30,743.0
1870.0,35,183.0,1.7102803738317758,4.4611748735595915,11,284.0,0.221341555261482,12,116.0,0.35467371592396807,12,234.0,0.16418074417483228,35,634.0
1875.0,28,114.0,1.0363636363636364,3.760150603592759,9,312.0,0.1573927269170001,10,132.0,0.32883324391951474,9,270.0,0.14951557985336977,28,714.0
1880.0,32,121.0,1.09009009009009,4.345257302537452,13,329.0,0.24351071418637402,5,104.0,0.23932473672417212,14,313.0,0.1946527922217332,32,746.0
1885.0,29,135.0,1.238532110091743,4.457971230972382,12,385.0,0.22941642596098868,3,102.0,0.2772599319425436,14,328.0,0.20493306439835837,29,815.0
1890.0,33,211.0,2.0485436893203883,3.916741520540823,15,453.0,0.22038918774501537,9,121.0,0.22560608180928787,9,259.0,0.14886427541330519,33,833.0
1895.0,36,279.0,2.6320754716981134,3.9042891380494114,21,542.0,0.14433610990843798,8,130.0,0.2898284169368413,7,276.0,0.19057452788759088,36,948.0
1900.0,29,230.0,2.110091743119266,3.9628400717092864,19,571.0,0.17705898475883478,4,97.0,0.25248669041066574,6,280.0,0.20053749646685312,29,948.0
1905.0,28,206.0,1.925233644859813,4.305455107427833,14,516.0,0.20388647590842512,3,90.0,0.3098810383678395,11,312.0,0.21729858307611602,28,918.0
1910.0,34,268.0,2.5046728971962615,4.751514030317315,14,412.0,0.1929550670690761,6,111.0,0.38360688997024095,14,373.0,0.15210541904701588,34,896.0
1915.0,35,247.0,2.375,4.443992325247354,10,454.0,0.24678142333678135,9,150.0,0.24340467622146864,16,379.0,0.16115798247305965,35,983.0
1920.0,37,267.0,2.78125,3.945022102515534,10,478.0,0.20409185870784316,14,215.0,0.25887350222918665,13,318.0,0.1515665511052456,37,1011.0
1925.0,35,284.0,2.8979591836734695,3.305573713125083,6,472.0,0.13064527578151666,19,295.0,0.1704910571839035,10,351.0,0.12696727165234034,35,1118.0
1930.0,35,247.0,2.494949494949495,4.231405036590234,6,398.0,0.17063999263247112,13,307.0,0.2709866348562907,16,415.0,0.12478942650008622,35,1120.0
1935.0,20,101.0,1.041237113402062,4.864096287574535,4,357.0,0.3134494473636477,5,230.0,0.32774939188252633,11,422.0,0.20460457100572524,20,1009.0
1940.0,19,72.0,0.75,5.617705699042756,5,366.0,0.34492981930571565,6,145.0,0.3482492189153969,8,325.0,0.27110896007756224,19,836.0
1945.0,12,33.0,0.3402061855670103,5.205598242697907,5,336.0,0.3098514003745573,4,159.0,0.3126884134862892,3,337.0,0.33127581135798007,12,832.0
1950.0,17,61.0,0.6224489795918368,5.181305530267345,4,250.0,0.3305988236016519,8,170.0,0.2728149999488374,5,353.0,0.26448041757383106,17,773.0
1955.0,21,67.0,0.7052631578947368,3.814686109757094,4,206.0,0.2560444466997694,12,169.0,0.21648583746885736,5,330.0,0.12045716969224461,21,705.0
1960.0,14,43.0,0.44329896907216493,4.575737045131854,4,207.0,0.2577238376899644,7,124.0,0.3061559155663914,3,236.0,0.24623155320236562,14,567.0
1965.0,12,32.0,0.3076923076923077,4.933939635964661,6,209.0,0.3019046960665155,4,123.0,0.27288426692026835,2,235.0,0.27491360506114837,12,567.0
1970.0,27,125.0,1.179245283018868,4.53834504282913,9,244.0,0.22317401359484687,11,153.0,0.22730028375061717,7,258.0,0.16514392791985077,27,655.0
1975.0,34,178.0,1.816326530612245,3.2104938158122653,9,234.0,0.22146391380406522,17,223.0,0.14208202580985918,8,247.0,0.10080202120630567,34,704.0
1980.0,29,157.0,1.5858585858585859,3.831721830089283,6,184.0,0.2156445904431655,19,260.0,0.19820494313172068,4,189.0,0.21445802541235168,29,633.0
1985.0,23,117.0,1.1359223300970873,5.043199062249708,8,136.0,0.25468070738043197,13,246.0,0.298134169848343,2,123.0,0.3415073325637279,23,505.0
1990.0,16,56.0,0.5137614678899083,4.641391174438804,5,158.0,0.276493400254563,8,253.0,0.2268207763994732,3,84.0,0.33153450730165734,16,495.0
1995.0,19,63.0,0.5727272727272728,4.300105223797805,8,181.0,0.27354127912350185,9,278.0,0.12535151170701758,2,77.0,0.31358391209705166,19,536.0
2000.0,24,71.0,0.6826923076923077,3.893750148053232,8,185.0,0.1769731372248926,12,278.0,0.1357594105564399,4,78.0,0.2783358718997972,24,541.0
2005.0,25,89.0,0.8640776699029126,4.139335697150725,7,163.0,0.26446735596946086,11,233.0,0.20523614347245267,7,89.0,0.23053732022233214,25,485.0
2010.0,25,114.0,1.0458715596330275,4.121263364494776,8,138.0,0.2539588052985663,7,240.0,0.23994207007272134,10,91.0,0.275208271337193,25,469.0
2015.0,15,46.0,0.39316239316239315,3.930150080914453,1,127.0,0.2890797845774243,10,259.0,0.15370171041113953,4,86.0,0.29330437650081026,15,472.0
2020.0,20,65.0,0.5327868852459017,4.171494516609257,6,119.0,0.24588158333320034,10,258.0,0.14077369585511973,4,82.0,0.27289059702280727,20,459.0
2025.0,25,95.0,0.7983193277310925,4.311742738746176,7,129.0,0.26826656444932845,10,222.0,0.15056318016562226,8,102.0,0.2861626491488904,25,453.0
2030.0,25,91.0,0.7711864406779662,3.623565689941527,6,110.0,0.2738612471741594,12,260.0,0.164792439885618,7,111.0,0.19124646558107097,25,481.0
2035.0,24,99.0,0.8181818181818182,4.035699062843006,1,108.0,0.2718440571565492,15,289.0,0.18421016893120656,8,104.0,0.2060390069147988,24,501.0
2040.0,31,166.0,1.3833333333333333,3.828760546152042,6,122.0,0.1531532429653728,17,339.0,0.15448535038201028,8,131.0,0.17354074162972377,31,592.0
2045.0,40,193.0,1.6083333333333334,3.0725958969309914,7,128.0,0.1578918284350652,20,356.0,0.11240325464877296,13,164.0,0.1154437345049657,40,648.0
2050.0,31,143.0,1.2222222222222223,3.49013892405916,5,89.0,0.21344095832940682,18,336.0,0.15794569027751337,8,183.0,0.18248390485853036,31,608.0
2055.0,31,132.0,1.11864406779661,3.945092094824947,7,91.0,0.2670527592170483,17,377.0,0.1664168908225215,7,166.0,0.2276675264113522,31,634.0
2060.0,23,87.0,0.71900826446281,3.592286193511292,5,100.0,0.25404007728009015,14,424.0,0.12829188084203513,4,182.0,0.21114405703475111,23,706.0
2065.0,25,76.0,0.6229508196721312,3.5991364943888557,7,99.0,0.1810803139913678,12,418.0,0.1459405390738611,6,195.0,0.13578673997555882,25,712.0
2070.0,31,153.0,1.2857142857142858,3.9900734789335415,12,125.0,0.247978280783788,9,313.0,0.16795193711540815,10,240.0,0.1596313862326237,31,678.0
2075.0,32,220.0,1.9469026548672566,3.7829453323223707,10,141.0,0.28151050676496997,10,286.0,0.17438339588072285,12,298.0,0.2059978606722216,32,725.0
2080.0,28,166.0,1.4188034188034189,3.5961304142428956,8,121.0,0.2804209944468304,10,307.0,0.20426146345266083,10,304.0,0.21316686823336867,28,732.0
2085.0,28,149.0,1.221311475409836,4.44359455879383,8,115.0,0.2702347270912931,11,320.0,0.20719866533703457,9,270.0,0.22224895968049357,28,705.0
2090.0,31,145.0,1.124031007751938,4.319638938158259,10,131.0,0.2268988459157117,12,338.0,0.189459874959994,9,232.0,0.18951249765083167,31,701.0
2095.0,33,188.0,1.5161290322580645,4.267560834149386,9,167.0,0.2591307951183351,13,306.0,0.19067515666658963,11,237.0,0.2674903843948861,33,710.0
2100.0,35,283.0,2.3008130081300813,4.248721181873118,11,207.0,0.3017169044220536,12,264.0,0.16463920917070565,12,229.0,0.29647108187854304,35,700.0
2105.0,22,118.0,0.944,3.959062459938166,8,204.0,0.27994718505986516,10,281.0,0.15830911333469086,4,237.0,0.35860789895156414,22,722.0
2110.0,28,96.0,0.75,4.455969056770517,11,172.0,0.22746260695432907,11,256.0,0.15824610579956624,6,213.0,0.40395489272317237,28,641.0
2115.0,31,128.0,1.032258064516129,3.8816831766042843,11,194.0,0.14857450561738256,10,261.0,0.17292792862605555,10,237.0,0.2366787286029139,31,692.0
2120.0,35,188.0,1.5284552845528456,3.506519809393758,13,214.0,0.17806470975916458,8,232.0,0.2034081066218691,14,300.0,0.21607131618792128,35,746.0
2125.0,38,167.0,1.31496062992126,3.031001027985792,13,239.0,0.17058015284128944,11,242.0,0.14591771846288135,14,324.0,0.22533930633423627,38,805.0
2130.0,31,150.0,1.1363636363636365,3.922316798352418,11,241.0,0.20049738217255259,10,252.0,0.17928046992522656,10,292.0,0.1958841784410424,31,785.0
2135.0,40,256.0,1.9393939393939394,4.4369477729603295,12,262.0,0.13928915840574774,16,265.0,0.17799571932422972,12,239.0,0.23680825335844138,40,766.0
2140.0,42,292.0,2.3174603174603177,3.4194636749918517,16,326.0,0.11425329823498022,16,300.0,0.13519240561066642,10,264.0,0.18747034761044928,42,890.0
2145.0,46,271.0,2.1507936507936507,3.17032259019763,16,357.0,0.14819051926330631,18,294.0,0.13895781197935705,12,304.0,0.21892079455070235,46,955.0
2150.0,40,217.0,1.75,3.995253272379381,14,326.0,0.24983246161576533,18,289.0,0.21530234123243305,8,309.0,0.27378860417697803,40,924.0
2155.0,25,126.0,1.0161290322580645,3.8001121098065584,10,322.0,0.2321332991507492,10,324.0,0.19994020098100143,5,247.0,0.2989063298912478,25,893.0
2160.0,33,137.0,1.0703125,4.341433732962079,15,363.0,0.14365064508665562,12,331.0,0.20131183746183454,6,190.0,0.2855694847642269,33,884.0
2165.0,33,159.0,1.3032786885245902,3.5786587177436866,19,443.0,0.12823977097371445,11,352.0,0.16466695628647987,3,188.0,0.22062371550103613,33,983.0
2170.0,41,233.0,2.0086206896551726,3.2380711388891097,20,537.0,0.1287235993930134,15,317.0,0.13983624793193591,6,201.0,0.21334907020356442,41,1055.0
2175.0,37,240.0,2.0689655172413794,3.7182687490268633,15,547.0,0.19430147631138683,11,332.0,0.18080249575324395,11,245.0,0.25043869983259587,37,1124.0
2180.0,38,223.0,1.9224137931034482,3.3693066011319432,13,473.0,0.14014655748041346,11,334.0,0.17292221770847874,14,304.0,0.1669821192007366,38,1111.0
2185.0,38,283.0,2.439655172413793,2.9086752776084093,11,500.0,0.14319492689036534,7,332.0,0.16503301094439005,20,389.0,0.09670643480980941,38,1221.0
2190.0,39,272.0,2.4070796460176993,2.837668638298082,16,562.0,0.14144668777284178,7,279.0,0.14138257895701392,16,419.0,0.18808056316248484,39,1260.0
2195.0,39,220.0,1.9298245614035088,3.520200761256081,16,571.0,0.17363126763704725,8,218.0,0.21920378733987872,15,326.0,0.257545724535034,39,1115.0
2200.0,30,202.0,1.7118644067796611,3.9407308954382643,6,486.0,0.23783337343273592,9,234.0,0.2562145074844704,15,293.0,0.20599912884072505,30,1013.0
2205.0,30,181.0,1.448,4.615971826647573,2,351.0,0.24555488466715392,12,230.0,0.23117684155599225,16,277.0,0.25622399118495137,30,858.0
2210.0,27,142.0,1.136,4.210410231295682,3,358.0,0.22795856264211747,14,231.0,0.20512549427966914,10,305.0,0.19792078919850237,27,894.0
2215.0,37,236.0,1.9344262295081966,4.324703862769619,8,386.0,0.17574471145245588,21,280.0,0.15154031760951267,8,308.0,0.2532763855319048,37,974.0
2220.0,43,272.0,2.365217391304348,3.7132659800881167,10,380.0,0.16814077896161353,20,324.0,0.0920001401131942,13,345.0,0.2065140381426651,43,1049.0
2225.0,35,185.0,1.712962962962963,3.7644265111459956,5,281.0,0.24842414162343734,21,316.0,0.124336825184398,9,344.0,0.27787251496900817,35,941.0
2230.0,26,133.0,1.209090909090909,4.374135993365069,3,272.0,0.31637980495151885,17,300.0,0.20776994590724443,6,273.0,0.2637592068941231,26,845.0
2235.0,24,112.0,0.9655172413793104,4.465827453056722,7,290.0,0.21085105344102367,10,347.0,0.19551240963205574,7,245.0,0.3560572065577626,24,882.0
2240.0,27,103.0,0.8583333333333333,3.8359740165718543,7,275.0,0.1499471927243077,11,367.0,0.176194217921904,9,283.0,0.25322223600025284,27,925.0
2245.0,25,85.0,0.7203389830508474,3.807840621010238,4,215.0,0.19793954214304776,10,371.0,0.21185215769586216,11,313.0,0.2157825248944224,25,899.0
2250.0,24,107.0,0.8916666666666667,4.394871420157949,5,156.0,0.2725423252491718,8,330.0,0.21256065223566933,11,329.0,0.2681163897181823,24,815.0
2255.0,20,101.0,0.8145161290322581,4.466697357447037,2,127.0,0.3291145571812457,7,257.0,0.20789490996316642,11,339.0,0.22885238520550633,20,723.0
2260.0,24,96.0,0.7868852459016393,4.366424605511739,9,144.0,0.25466661195264134,3,244.0,0.24527758099361244,12,317.0,0.22944839399037809,24,705.0
2265.0,25,89.0,0.7416666666666667,3.7246182416195293,7,141.0,0.1646671646880462,9,241.0,0.20281589285430918,9,348.0,0.19669038076273804,25,730.0
2270.0,26,93.0,0.7815126050420168,4.035296707800057,5,97.0,0.2194652175155891,9,241.0,0.23385927280326618,12,377.0,0.14666059073303886,26,715.0
2275.0,33,135.0,1.173913043478261,3.5014648881378316,7,110.0,0.24935355526431988,10,185.0,0.15338860643646277,16,446.0,0.12625937590398514,33,741.0
2280.0,32,204.0,1.7894736842105263,3.244252859107592,9,142.0,0.21392016994537794,7,188.0,0.16454139595577727,16,529.0,0.1273136779544956,32,859.0
2285.0,43,367.0,3.219298245614035,3.267428329888881,16,210.0,0.12833833557691043,8,202.0,0.15491129836003112,19,617.0,0.18953207345057344,43,1029.0
2290.0,46,380.0,3.3628318584070795,2.7650539625495867,16,240.0,0.08311932360093137,12,242.0,0.15361724674964194,18,633.0,0.15130851142144947,46,1115.0
2295.0,39,266.0,2.3963963963963963,3.0392823288144424,10,212.0,0.16247199632730308,14,256.0,0.22233872258275061,15,512.0,0.07664102252662647,39,980.0
2300.0,33,194.0,1.7017543859649122,3.790051577535171,5,194.0,0.22208809481256483,12,208.0,0.2602454882329473,16,580.0,0.19728463534393856,33,982.0
2305.0,37,188.0,1.606837606837607,4.436297559462861,10,235.0,0.20514937302258884,9,161.0,0.22587611828676404,18,655.0,0.24149218837025044,37,1051.0
2310.0,39,232.0,2.128440366972477,3.7843863755956106,18,315.0,0.1891434130566869,7,135.0,0.31280457363576686,14,648.0,0.22292130970629165,39,1098.0
2315.0,31,205.0,1.8807339449541285,3.980827544327626,14,347.0,0.1601460543480625,7,132.0,0.4818212791235777,10,556.0,0.224363808574137,31,1035.0
2320.0,28,214.0,1.8771929824561404,4.533420612845597,10,308.0,0.18439368243440174,9,149.0,0.4806299224763063,9,440.0,0.23098164358432574,28,897.0
2325.0,25,154.0,1.2833333333333334,4.285296928672808,11,358.0,0.12258362812784253,5,129.0,0.4231980498784924,9,403.0,0.24900671656280374,25,890.0
2330.0,27,102.0,0.8571428571428571,4.012043385317171,14,415.0,0.10406240608101051,6,94.0,0.3390309788982089,7,376.0,0.24009960702310965,27,885.0
2335.0,26,87.0,0.7435897435897436,3.6306347514600636,12,415.0,0.100751759719072,7,110.0,0.12314207177836126,7,357.0,0.2762638140997053,26,882.0
2340.0,24,80.0,0.7272727272727273,3.9508784866474387,9,355.0,0.20348845913625632,5,111.0,0.24631897452943516,10,347.0,0.22495225196786112,24,813.0
2345.0,25,85.0,0.7798165137614679,4.002564043981383,9,299.0,0.1616386372256871,4,96.0,0.3710545063361377,12,322.0,0.2108488215534344,25,717.0
2350.0,26,144.0,1.2413793103448276,5.2974161442909455,6,258.0,0.23409116252837503,8,80.0,0.44524696705300026,12,264.0,0.20059365728966122,26,602.0
2355.0,17,63.0,0.5478260869565217,4.68793560917699,2,248.0,0.2689556355401563,8,79.0,0.2693733769878061,7,262.0,0.2254030225655939,17,589.0
2360.0,22,80.0,0.7017543859649122,4.606969013061173,8,267.0,0.26549295421967994,7,74.0,0.16842873952125462,7,232.0,0.2455617139261261,22,573.0
2365.0,23,92.0,0.8598130841121495,4.577559990871666,8,267.0,0.2520479176692108,6,73.0,0.2552231874630353,9,219.0,0.2631484535427808,23,559.0
2370.0,20,90.0,0.8653846153846154,4.752821826511177,6,223.0,0.2789888314426591,4,86.0,0.47760443362966404,10,186.0,0.23334523869323803,20,495.0
2375.0,11,36.0,0.32727272727272727,4.601907359356086,1,136.0,0.2691045358970395,1,60.0,0.4592771457011167,9,201.0,0.18978092124896204,11,397.0
2380.0,15,54.0,0.45,5.037975676094107,2,114.0,0.2368547780433539,5,52.0,0.4481999646210231,8,206.0,0.17440168679596318,15,372.0
2385.0,26,108.0,0.9310344827586207,4.575229226680617,7,135.0,0.2286290915365206,8,84.0,0.30715850903880976,11,199.0,0.1592592686437253,26,418.0
2390.0,35,143.0,1.3883495145631068,3.150554156329993,14,186.0,0.16773708454658337,8,98.0,0.22629813633302706,13,166.0,0.13409715285288767,35,450.0
2395.0,24,108.0,1.0188679245283019,3.620463846824607,13,208.0,0.19446365402681623,3,76.0,0.32137257524805446,8,171.0,0.19917935557495928,24,455.0
2400.0,22,97.0,0.8818181818181818,4.453907217563986,9,174.0,0.2421766079431157,4,50.0,0.36548745725030035,9,180.0,0.18604732982606964,22,404.0
2405.0,20,54.0,0.4778761061946903,4.052427951362724,8,119.0,0.22678292533287528,0,40.0,0.4165255457557261,12,189.0,0.11413951042848419,20,348.0
2410.0,20,74.0,0.6491228070175439,4.955402339358229,7,109.0,0.2827092381872075,6,50.0,0.42742521656160637,7,150.0,0.16007879304651063,20,309.0
2415.0,19,92.0,0.8070175438596491,5.637977467882886,8,108.0,0.3406575450613718,6,64.0,0.4380697668543953,5,125.0,0.19727445674178612,19,297.0
2420.0,9,20.0,0.1724137931034483,5.397833852731173,4,107.0,0.3655577213159413,2,41.0,0.40369888647652336,3,109.0,0.24436667834195727,9,257.0
2425.0,17,71.0,0.6068376068376068,5.3671423467969115,6,97.0,0.3739972489629169,3,32.0,0.32267660671299153,8,128.0,0.21380418512924773,17,257.0
2430.0,27,148.0,1.3214285714285714,4.734091585959029,7,106.0,0.3061622774561656,5,41.0,0.3878335879212173,15,184.0,0.14526397755892,27,331.0
2435.0,24,113.0,1.0660377358490567,3.5320743184495105,6,100.0,0.24327290924792624,3,35.0,0.32671383661833114,15,219.0,0.14606505865560418,24,354.0
2440.0,24,110.0,0.9649122807017544,4.091030495223218,6,77.0,0.24480906092089358,6,53.0,0.32496286420262666,12,201.0,0.14413369683819305,24,331.0
2445.0,27,172.0,1.4576271186440677,5.657355427932512,6,80.0,0.35252306383247256,11,72.0,0.34412058328180106,10,164.0,0.1802414025262963,27,316.0
2450.0,20,93.0,0.8017241379310345,5.147710387526575,4,68.0,0.3443739552584805,8,99.0,0.2706451825142566,8,147.0,0.23610265451855042,20,314.0
2455.0,17,57.0,0.5,5.039305633767486,7,52.0,0.3201259487730546,8,99.0,0.19521320543754944,2,148.0,0.30285888777793457,17,299.0
2460.0,28,150.0,1.4018691588785046,5.051758464202089,12,91.0,0.30554699967658144,9,102.0,0.19684517785991318,7,166.0,0.2854745697263494,28,359.0
2465.0,29,134.0,1.3267326732673268,3.4952913368628904,10,114.0,0.21423366577580252,9,134.0,0.17752841124915408,10,176.0,0.2312217172183086,29,424.0
2470.0,25,101.0,0.9528301886792453,3.825540005747715,6,95.0,0.2547791327001801,11,171.0,0.25104117029808326,8,157.0,0.19498818543802046,25,423.0
2475.0,25,110.0,0.9734513274336283,4.280179522463749,7,107.0,0.2689491332926989,12,205.0,0.24485154332727493,6,122.0,0.20587058851708503,25,434.0
2480.0,22,89.0,0.7672413793103449,4.295703898455772,10,144.0,0.2515755847125759,10,210.0,0.19562572597606226,2,114.0,0.2694296277184804,22,468.0
2485.0,30,148.0,1.264957264957265,4.484442186422925,10,154.0,0.32830623666867287,12,211.0,0.16098114494266913,8,112.0,0.2368369911027848,30,477.0
2490.0,27,107.0,0.9224137931034483,3.850320222039026,7,116.0,0.2305285023066658,10,233.0,0.23364936564481617,10,128.0,0.1820378922841479,27,477.0
2495.0,22,82.0,0.7068965517241379,4.542398144947952,5,78.0,0.27024872215086987,10,217.0,0.2607938802875395,7,116.0,0.18990862895493127,22,411.0
2500.0,20,106.0,0.8688524590163934,5.157966508356951,4,75.0,0.2915722358388184,13,203.0,0.2829717718417541,3,76.0,0.2197691239144954,20,354.0
2505.0,30,198.0,1.6363636363636365,5.033906548963438,9,94.0,0.2618977249921243,18,257.0,0.18570938674664128,3,69.0,0.28520971551241525,30,420.0
2510.0,36,214.0,1.9107142857142858,3.986345628517113,12,110.0,0.1524781388189076,18,290.0,0.12057982051138842,6,93.0,0.22371101919817274,36,493.0
2515.0,32,149.0,1.4190476190476191,3.842420074444854,7,100.0,0.24652857012764753,18,282.0,0.15744913253647352,7,109.0,0.23983072009484918,32,491.0
2520.0,21,119.0,1.1226415094339623,4.73783961983442,6,90.0,0.3290799347769996,11,324.0,0.23306002489008806,4,88.0,0.2515510573717106,21,502.0
2525.0,19,72.0,0.6428571428571429,4.7798600729640635,2,89.0,0.2833274282699812,13,374.0,0.17325258725324044,4,56.0,0.27358486189638936,19,519.0
2530.0,21,77.0,0.6875,4.30394674100876,6,79.0,0.20222830608185974,13,388.0,0.1272742775475652,2,56.0,0.28649835766912524,21,523.0
2535.0,33,144.0,1.3980582524271845,4.14271762391909,14,130.0,0.2535907612027158,10,334.0,0.17017360414575938,9,75.0,0.20577325396934154,33,539.0
2540.0,32,164.0,1.6565656565656566,2.9706754331288865,11,151.0,0.20353058136797705,6,330.0,0.14949370376838086,15,137.0,0.10477811176626523,32,618.0
2545.0,29,154.0,1.54,3.284243554730435,7,124.0,0.24402178143192105,7,347.0,0.14065585852075635,15,172.0,0.15068403445982576,29,643.0
2550.0,20,78.0,0.7572815533980582,4.078992298290382,6,118.0,0.21685599902052005,8,336.0,0.15983665192229604,6,151.0,0.33252980982870894,20,605.0
2555.0,16,48.0,0.4485981308411215,4.402039875696038,9,153.0,0.19656557655429932,4,266.0,0.17911208767603753,3,144.0,0.3592493276040557,16,563.0
2560.0,18,57.0,0.5277777777777778,4.469412347493061,7,154.0,0.2520450130097701,3,194.0,0.2121668761332826,8,168.0,0.25298259733390854,18,516.0
2565.0,22,105.0,1.0294117647058822,4.472539949147317,4,113.0,0.3446913844881862,3,115.0,0.27997804402685067,15,223.0,0.20913166590206858,22,451.0
2570.0,18,97.0,0.9603960396039604,4.272119422911952,5,89.0,0.3060376412211919,0,75.0,0.36296636440240126,13,246.0,0.14291079080742675,18,410.0
2575.0,21,67.0,0.6442307692307693,4.062017743024088,4,95.0,0.2273697209641272,5,91.0,0.33193719998947563,12,213.0,0.13218033058788645,21,399.0
2580.0,26,119.0,1.1553398058252426,3.703974949151904,8,125.0,0.12376729053735823,10,130.0,0.2857783757531252,8,166.0,0.18572544105962432,26,421.0
2585.0,26,101.0,0.9711538461538461,3.812400428781456,11,147.0,0.10557177653320843,10,146.0,0.2156697953291169,5,144.0,0.28852126694354213,26,437.0
2590.0,19,61.0,0.5922330097087378,4.521114110630385,7,132.0,0.2469772791356369,7,127.0,0.2360347680651712,5,157.0,0.35880638226436473,19,416.0
2595.0,22,86.0,0.8113207547169812,4.715648964971178,8,117.0,0.2983793296668529,7,91.0,0.18768373758760157,7,187.0,0.2982330792486956,22,395.0
2600.0,17,55.0,0.514018691588785,4.714289920861581,5,123.0,0.33331769020300994,4,85.0,0.25586767901501295,8,189.0,0.2718334889222818,17,397.0
2605.0,16,51.0,0.4594594594594595,5.186387547682815,6,109.0,0.29294277546366077,4,80.0,0.44157355763339085,6,161.0,0.2536636188065114,16,350.0
2610.0,16,50.0,0.45454545454545453,4.96263490533681,9,114.0,0.2465287237695282,2,63.0,0.4793589046586856,5,125.0,0.2062393464078797,16,302.0
2615.0,16,54.0,0.4778761061946903,4.687786821836269,6,106.0,0.19883403105803577,7,86.0,0.36362749587340415,3,122.0,0.2606667853430919,16,314.0
2620.0,21,92.0,0.8,4.757493167836575,8,106.0,0.2513583720249468,6,98.0,0.22840501286132314,7,133.0,0.21416674196679777,21,337.0
2625.0,17,42.0,0.3853211009174312,4.094381564390304,3,85.0,0.26537065763164996,6,79.0,0.17918994073522232,8,143.0,0.19562407730718828,17,307.0
2630.0,15,56.0,0.5283018867924528,4.8803290575964065,7,84.0,0.2931801880117953,2,50.0,0.2987509111701167,6,112.0,0.208675208271133,15,246.0
2635.0,15,66.0,0.6346153846153846,5.390814597096498,10,101.0,0.23058593071154035,2,45.0,0.4068728859378105,3,68.0,0.2919044809306801,15,214.0
2640.0,15,76.0,0.7676767676767676,6.009156277722608,9,99.0,0.23174833804973372,3,47.0,0.5814309732404247,3,48.0,0.34889964957622077,15,194.0
2645.0,7,60.0,0.6060606060606061,6.48647486199983,5,84.0,0.23986457188055116,1,17.0,0.5335777240407348,1,31.0,0.45683327731471346,7,132.0
2650.0,10,49.0,0.48514851485148514,6.360457019941696,1,73.0,0.2447406050466088,7,28.0,0.3838133342682937,2,28.0,0.504166227703635,10,129.0
2655.0,18,85.0,0.8673469387755102,5.760434807552747,8,70.0,0.18140084775034435,6,45.0,0.28906889802629776,4,41.0,0.5408797986833591,18,156.0
2660.0,12,35.0,0.3763440860215054,4.87835396989113,9,92.0,0.1677695569439243,2,39.0,0.29027574315586785,1,9.0,0.46423962763897975,12,140.0
2665.0,17,53.0,0.5638297872340425,5.312539758055304,7,87.0,0.2855327720197749,1,18.0,0.34093272478841813,9,30.0,0.3244639862211024,17,135.0
2670.0,15,96.0,1.0434782608695652,5.945957453152615,1,54.0,0.2612547127806108,0,5.0,0.5562350742685854,14,86.0,0.28749752699687275,15,145.0
2675.0,15,99.0,1.064516129032258,6.127014508081012,3,40.0,0.3553008639146977,0,2.0,0.6585235884091923,12,130.0,0.24922164542978661,15,172.0
2680.0,11,70.0,0.7692307692307693,6.4547269948392865,2,33.0,0.3657964461621149,2,10.0,0.6971445847354041,7,130.0,0.2444031734617193,11,173.0
2685.0,11,64.0,0.6956521739130435,6.699508398389307,3,45.0,0.40831368930751333,2,12.0,0.5944720400782221,6,97.0,0.2559528485465348,11,154.0
2690.0,17,117.0,1.231578947368421,7.628292247747649,6,65.0,0.5245392619441197,6,30.0,0.44455648909839557,5,71.0,0.386438255589232,17,166.0
2695.0,14,139.0,1.5444444444444445,7.664660563071684,6,91.0,0.5172049955992037,6,47.0,0.3778374523815804,2,61.0,0.5938173577775047,14,199.0
2700.0,11,20.0,0.22727272727272727,6.336374680084827,5,52.0,0.4065502438017365,5,38.0,0.25424128448565075,1,28.0,0.616291429401424,11,118.0
2705.0,19,67.0,0.7790697674418605,5.473138368202099,9,42.0,0.32740070999835064,3,36.0,0.22557068107606626,7,47.0,0.29998762775801063,19,125.0
2710.0,29,182.0,2.246913580246914,5.043272595488804,12,91.0,0.3051292487282065,4,38.0,0.35869949911526655,13,95.0,0.24919003174527937,29,224.0
2715.0,26,176.0,2.1728395061728394,4.7039651826823885,11,127.0,0.30017680536927377,5,52.0,0.4184200416649433,10,122.0,0.2309205200960744,26,301.0
2720.0,10,29.0,0.34523809523809523,5.0663723765454245,4,107.0,0.2867102689779632,2,35.0,0.47987083096959343,4,99.0,0.24639166700433943,10,241.0
2725.0,15,41.0,0.45555555555555555,6.35389712699413,5,69.0,0.2783176292128384,7,40.0,0.44822059334668074,3,60.0,0.3861802243579509,15,169.0
2730.0,9,34.0,0.3655913978494624,6.989706909221443,3,42.0,0.4329075250835559,4,53.0,0.4290812387801518,2,46.0,0.3979398645053514,9,141.0
2735.0,11,36.0,0.4044943820224719,6.700610753847212,4,33.0,0.4170977883143721,3,43.0,0.37477175313415323,4,49.0,0.5010080595350446,11,125.0
2740.0,15,67.0,0.7528089887640449,5.456393946237599,8,64.0,0.28352224977708074,3,46.0,0.33662591410767295,4,50.0,0.37466379282051365,15,160.0
2745.0,17,97.0,1.1022727272727273,5.485993778623931,8,82.0,0.23068920447765215,3,51.0,0.42242016331129795,6,56.0,0.3346227367596828,17,189.0
2750.0,16,44.0,0.5365853658536586,4.740210555903751,8,83.0,0.1951338570474612,2,36.0,0.4434022379358224,6,73.0,0.23327133040978973,16,192.0
2755.0,12,43.0,0.524390243902439,4.781727982305758,2,82.0,0.2171773795506989,6,26.0,0.3234891249069683,4,68.0,0.22027288043475657,12,176.0
2760.0,17,71.0,0.8452380952380952,5.611768720518469,8,110.0,0.2015250713566648,5,43.0,0.40639523982890297,4,61.0,0.31356435269869615,17,214.0
2765.0,10,63.0,0.7875,5.813172410499132,7,126.0,0.19398054582538093,0,25.0,0.45802874632754803,3,66.0,0.47551106896668116,10,217.0
2770.0,4,7.0,0.08860759493670886,6.334521743016957,3,99.0,0.23340482256167,0,7.0,0.5972201055136307,1,48.0,0.45199895117714506,4,154.0
2775.0,7,15.0,0.189873417721519,6.588196571116594,2,59.0,0.2784024114808668,2,7.0,0.4954964718097267,3,33.0,0.40687390231753195,7,99.0
2780.0,13,38.0,0.48717948717948717,5.205445411780137,2,62.0,0.2474824961060739,7,31.0,0.31838526891042,4,37.0,0.35987255045246924,13,130.0
2785.0,14,43.0,0.5733333333333334,4.768216377269186,7,85.0,0.2278868803109594,5,43.0,0.33777416740779675,2,29.0,0.32110126528674887,14,157.0
2790.0,11,27.0,0.35526315789473684,5.211623783108055,9,91.0,0.18863796339292024,0,19.0,0.4499717732521202,2,18.0,0.40412855761201194,11,128.0
2795.0,9,31.0,0.3974358974358974,6.210825136417911,5,71.0,0.23988596757807998,1,23.0,0.5409127923222964,3,21.0,0.4476417755960615,9,115.0
2800.0,12,70.0,0.8641975308641975,6.922718247610175,3,44.0,0.30670488856202466,6,46.0,0.37650028383344497,3,29.0,0.5202615116619266,12,119.0
2805.0,11,86.0,1.1168831168831168,7.475362630861908,3,35.0,0.37925701366647385,5,57.0,0.398215899610392,3,44.0,0.6370108819072201,11,136.0
2810.0,10,64.0,0.8767123287671232,6.965950130912659,3,16.0,0.41979786306119565,3,37.0,0.3800644753587845,4,59.0,0.5823037609509923,10,112.0
2815.0,11,103.0,1.3733333333333333,7.042825503147389,7,40.0,0.3315518774623519,1,20.0,0.4408635637866527,3,74.0,0.5669809131630645,11,134.0
2820.0,11,122.0,1.6486486486486487,6.992073668342869,7,60.0,0.2697200522443382,1,17.0,0.5562536275843069,3,89.0,0.6475468493276518,11,166.0
2825.0,8,112.0,1.5342465753424657,6.703771439031639,3,55.0,0.25976949253691467,2,16.0,0.4191583593209649,3,102.0,0.6050683291644006,8,173.0
2830.0,9,28.0,0.3783783783783784,6.684213550817807,0,24.0,0.3186814174594635,7,38.0,0.3639000288743069,2,42.0,0.4477646104201851,9,104.0
2835.0,11,42.0,0.5753424657534246,6.987693702979861,0,8.0,0.5351460981004393,6,59.0,0.3714002275111184,5,18.0,0.20547573514138104,11,85.0
2840.0,7,16.0,0.23880597014925373,8.001290486668804,1,3.0,0.7241525144619603,3,49.0,0.31860261290940894,3,29.0,0.47152791932351806,7,81.0
2845.0,5,20.0,0.3125,7.992905916774317,2,4.0,0.524462319790278,2,31.0,0.439477181130833,1,8.0,0.540623563074972,5,43.0
2850.0,10,26.0,0.38235294117647056,6.655052014156165,7,25.0,0.36637694949585964,1,15.0,0.36024781252554083,2,9.0,0.5209565322481198,10,49.0
2855.0,18,64.0,0.9411764705882353,5.650327912222857,6,45.0,0.2582171782186824,6,38.0,0.23653932001563488,6,29.0,0.449983112643232,18,112.0
2860.0,13,30.0,0.47619047619047616,4.707139169090271,1,29.0,0.3403746784245352,7,56.0,0.1910824413583092,5,35.0,0.26454069789900264,13,120.0
2865.0,7,24.0,0.36923076923076925,6.933801730353979,0,5.0,0.5361464854392393,4,45.0,0.3830594870413692,3,33.0,0.4355788366590133,7,83.0
2870.0,9,39.0,0.5571428571428572,7.889511913445239,2,5.0,0.6893665365872769,3,45.0,0.4013544768671849,4,36.0,0.5290552442383957,9,86.0
2875.0,10,42.0,0.5753424657534246,7.440681499186745,1,9.0,0.6395383165527371,7,65.0,0.3319298707226722,2,22.0,0.48551021837905706,10,96.0
2880.0,12,55.0,0.7971014492753623,6.2403519605112105,1,12.0,0.6644055296017632,6,72.0,0.15121337886254713,5,29.0,0.3632265575668013,12,113.0
2885.0,8,41.0,0.6721311475409836,6.086354634299558,1,19.0,0.6655296968566866,6,61.0,0.14063276702906896,1,29.0,0.4857635089502566,8,109.0
2890.0,7,52.0,0.8524590163934426,7.3251599581921845,1,24.0,0.724116877373983,4,61.0,0.29769274650471983,2,6.0,0.49678268328625336,7,91.0
2895.0,3,4.0,0.06557377049180328,7.519329782044714,1,5.0,0.6910828456810333,1,61.0,0.2760725432931927,1,0.0,0.6889642539767968,3,66.0
2900.0,8,30.0,0.4838709677419355,7.307422909308944,3,13.0,0.36783182992234437,5,57.0,0.33023143535817306,0,0.0,0.675669308821859,8,70.0
2905.0,9,25.0,0.423728813559322,5.745788691689756,0,11.0,0.3267845297421633,6,68.0,0.2304515774434448,3,11.0,0.5154019771237734,9,90.0
2910.0,8,37.0,0.6379310344827587,6.759100769887177,1,2.0,0.5842686988772926,3,49.0,0.26553904589075206,4,32.0,0.4645494800977105,8,83.0
2915.0,3,7.0,0.12280701754385964,7.06172876723932,0,2.0,0.7908217461537742,3,61.0,0.2682407500050083,0,20.0,0.579341120225095,3,83.0
2920.0,9,43.0,0.6935483870967742,6.311263195988116,0,2.0,0.6117013209831157,7,88.0,0.2059889814274891,2,11.0,0.3751707932425287,9,101.0
2925.0,16,67.0,1.098360655737705,4.398269705855389,4,15.0,0.36334894357197456,8,107.0,0.17471200889167893,4,26.0,0.28733799441256747,16,148.0
2930.0,14,70.0,1.1475409836065573,5.525740305794414,8,51.0,0.38505507336023015,5,77.0,0.26334136928419005,1,26.0,0.5408901997220643,14,154.0
2935.0,17,128.0,1.9692307692307693,6.516776795524688,10,99.0,0.4208339136383124,5,74.0,0.3174412586842316,2,6.0,0.6136259020784252,17,179.0
2940.0,11,85.0,1.25,6.851709832573734,5,104.0,0.38016257190430225,4,70.0,0.39119020970493396,2,3.0,0.6504850477042026,11,177.0
2945.0,5,19.0,0.2676056338028169,6.759982114403788,1,60.0,0.356645109965042,0,45.0,0.47746100499040117,4,16.0,0.5014804503424928,5,121.0
2950.0,9,17.0,0.23943661971830985,5.347440907584202,3,47.0,0.3438996184406809,4,46.0,0.24722421123652882,2,19.0,0.3751625810652768,9,112.0
2955.0,15,44.0,0.6197183098591549,5.342012583510729,9,75.0,0.19014702998273045,4,57.0,0.3103871066298584,2,6.0,0.32544385165921685,15,138.0
2960.0,14,47.0,0.6811594202898551,5.632859720207976,8,86.0,0.23046718580731632,3,44.0,0.3565868636151108,3,9.0,0.4402132631253172,14,139.0
2965.0,13,43.0,0.6056338028169014,6.662389927995216,2,52.0,0.37097681317250336,2,33.0,0.5007756264083333,9,39.0,0.3642408812554419,13,124.0
2970.0,10,37.0,0.5138888888888888,5.4816335227882815,4,63.0,0.3395908647115328,0,30.0,0.4070120229363864,6,66.0,0.3616743077618072,10,159.0
2975.0,14,51.0,0.6986301369863014,4.894932891155766,8,93.0,0.22394439401292324,6,49.0,0.3693142145771071,0,46.0,0.30705912360774645,14,188.0
2980.0,24,151.0,2.013333333333333,4.630814224816798,13,151.0,0.12474395967103352,9,86.0,0.27419156579259996,2,19.0,0.42655802227735196,24,256.0
2985.0,24,142.0,1.868421052631579,5.413736887200064,15,186.0,0.12490693865517383,7,101.0,0.3541337644755434,2,12.0,0.5868549674384678,24,299.0
2990.0,15,85.0,1.1333333333333333,6.97066548684299,8,164.0,0.2908123973925641,4,89.0,0.5179510071760334,3,25.0,0.597427061767344,15,278.0
2995.0,6,21.0,0.2727272727272727,7.280463469811609,6,175.0,0.29360610203732457,0,55.0,0.5755987344051822,0,7.0,0.6393864090822355,6,237.0
3000.0,11,44.0,0.5789473684210527,7.272237847289073,9,216.0,0.2529810222505777,0,36.0,0.6330220346850878,2,9.0,0.6732065827664886,11,261.0
3005.0,11,34.0,0.4722222222222222,5.981817091988905,10,220.0,0.21638491421987072,0,10.0,0.7960238642769202,1,10.0,0.5470189257250493,11,240.0
3010.0,7,21.0,0.3088235294117647,5.498527920027106,5,181.0,0.198123470245988,2,19.0,0.40668574787918477,0,1.0,0.6121325615597277,7,201.0
3015.0,12,40.0,0.5633802816901409,6.647963146733094,5,115.0,0.20116211994286548,7,46.0,0.5419574681171796,0,0.0,0.6508994773749365,12,161.0
3020.0,6,21.0,0.28378378378378377,7.183001640842469,4,98.0,0.26483911663465987,1,42.0,0.5523032420662798,1,2.0,0.6681400712292412,6,142.0
3025.0,6,31.0,0.4305555555555556,8.213634641297988,4,81.0,0.449591453423742,0,10.0,0.560641668760532,2,9.0,0.6401478462818903,6,100.0
3030.0,3,14.0,0.19718309859154928,8.247027421464097,1,48.0,0.4638890214119158,1,1.0,0.5137383149552481,1,14.0,0.6892227041287804,3,63.0
3035.0,8,43.0,0.6056338028169014,7.997257664254251,6,67.0,0.37786240146189165,1,6.0,0.6028118622307446,1,19.0,0.7280159967169437,8,92.0
3040.0,10,52.0,0.7878787878787878,7.009229966551405,7,77.0,0.30020807515033726,2,12.0,0.5943528424777267,1,22.0,0.7203532161118819,10,111.0
3045.0,7,40.0,0.6060606060606061,5.8933960840846185,4,64.0,0.18839583998786905,1,5.0,0.5571457137850125,2,28.0,0.617326166383575,7,97.0
3050.0,8,67.0,0.9710144927536232,6.822382770128253,3,42.0,0.2325861576125538,3,13.0,0.5221567617880172,2,38.0,0.5627137855012203,8,93.0
3055.0,7,81.0,1.1408450704225352,7.708482823034122,3,43.0,0.3734379904097189,0,14.0,0.6512620467272721,4,50.0,0.5142466759504833,7,107.0
3060.0,4,66.0,0.9565217391304348,8.388173472015099,1,33.0,0.37629698407200357,0,2.0,0.6277683870581448,3,67.0,0.6026393495086346,4,102.0
3065.0,6,17.0,0.2833333333333333,7.816598107571795,5,27.0,0.25967920300463065,0,0.0,0.6287752034483789,1,14.0,0.6391382876958889,6,41.0
3070.0,11,28.0,0.49122807017543857,6.825622553486271,7,47.0,0.1786605125313178,1,2.0,0.6591484282021913,3,7.0,0.5582093237448327,11,56.0
3075.0,4,9.0,0.18,7.636479768267409,2,32.0,0.31724205322151583,1,9.0,0.6514575200174574,1,8.0,0.6466161899722015,4,49.0
3080.0,1,12.0,0.23529411764705882,8.615743570443126,0,12.0,0.4714508381756019,1,16.0,0.6951238398908681,0,1.0,0.5132759599687493,1,29.0
3085.0,4,25.0,0.45454545454545453,10.072902053273365,0,2.0,0.6161705979796371,1,19.0,0.7506233618862551,3,8.0,0.5090406999227044,4,29.0
3090.0,4,44.0,0.8,10.958420795469621,1,4.0,0.6418105437481486,1,22.0,0.7560581820077719,2,18.0,0.6979627728748174,4,44.0
3095.0,4,38.0,0.7037037037037037,9.935303234128652,1,9.0,0.7635887675659174,1,1.0,0.5991845398001964,2,28.0,0.6241620263972251,4,38.0
3100.0,9,69.0,1.38,8.53558036779351,2,14.0,0.4670336451122037,5,17.0,0.4274647308813989,2,38.0,0.575415117125524,9,69.0
3105.0,11,61.0,1.3555555555555556,6.176990357714602,0,0.0,0.4656340973893947,11,61.0,0.2350017093395101,0,23.0,0.47996721452205365,11,84.0
3110.0,12,61.0,1.4186046511627908,5.178796763104387,2,8.0,0.4446114576336944,8,88.0,0.1308600595869116,2,6.0,0.2838164294515733,12,102.0
3115.0,7,24.0,0.6,5.897969134757259,0,2.0,0.7013725338080383,5,77.0,0.13770476780189556,2,10.0,0.5176393376899937,7,89.0
3120.0,4,17.0,0.4146341463414634,8.73145871570087,1,3.0,0.7188038394702824,3,65.0,0.45932459962752054,0,3.0,0.696960766795466,4,71.0
3125.0,3,10.0,0.2127659574468085,9.385700618126467,1,6.0,0.7571563358833586,0,51.0,0.5862340388586115,2,6.0,0.6389593887189082,3,63.0
3130.0,4,22.0,0.44,10.007084633217902,1,11.0,0.7859250276918979,1,45.0,0.5901177613112105,2,9.0,0.7211823754354418,4,65.0
3135.0,6,30.0,0.5660377358490566,8.240357852196958,1,16.0,0.6594699139962564,4,56.0,0.38053961356011695,1,1.0,0.5675879082405214,6,73.0
3140.0,9,28.0,0.5,6.232106967987963,1,1.0,0.46421904951351184,3,60.0,0.23785623509093975,5,18.0,0.3450093138555286,9,79.0
3145.0,10,23.0,0.42592592592592593,6.277466649018817,3,13.0,0.5229965470986933,2,40.0,0.24798332782452584,5,33.0,0.39541589733584814,10,86.0
3150.0,4,8.0,0.16,7.407785227224252,1,9.0,0.5699701247591347,2,16.0,0.3153904855205685,1,17.0,0.576074051336621,4,42.0
3155.0,3,23.0,0.4339622641509434,9.883881647037251,0,2.0,0.6850606760885606,2,22.0,0.6780811292603643,1,8.0,0.6725526555719077,3,32.0
3160.0,6,17.0,0.2982456140350877,10.07330144521032,2,4.0,0.5813726506655036,1,6.0,0.7447459479335968,3,14.0,0.6817297822740184,6,24.0
3165.0,7,22.0,0.3793103448275862,8.339585111115412,2,12.0,0.595225050608924,4,16.0,0.4985354528084838,1,3.0,0.5867739941185725,7,31.0
3170.0,12,52.0,0.8813559322033898,6.69816892876314,2,22.0,0.5977370716361909,3,26.0,0.26853130317421864,7,24.0,0.3483303027079656,12,72.0
3175.0,6,44.0,0.8301886792452831,6.26264015283255,2,32.0,0.6514326347058476,1,22.0,0.29311321757549424,3,38.0,0.3289397415422815,6,92.0
3180.0,3,6.0,0.1111111111111111,8.466382413847262,1,18.0,0.6657157120212204,0,13.0,0.5549617327324695,2,22.0,0.503874656370812,3,53.0
3185.0,4,7.0,0.12280701754385964,8.687866782778864,2,8.0,0.6480067705503877,0,5.0,0.7457624312628077,2,22.0,0.4451866624747067,4,35.0
3190.0,8,26.0,0.4482758620689655,8.097115259571954,2,11.0,0.5402265110669264,1,4.0,0.7035558278163313,5,38.0,0.4523737528383365,8,53.0
3195.0,4,16.0,0.2962962962962963,8.094074716637781,0,2.0,0.6163143324184419,1,9.0,0.6949528038712393,3,41.0,0.3978510231164901,4,52.0
3200.0,3,6.0,0.11320754716981132,8.153321638599461,0,0.0,0.7608680913157714,0,2.0,0.6968566130251701,3,19.0,0.2909395870548149,3,21.0
3205.0,3,13.0,0.23636363636363636,9.569479732666418,0,0.0,0.8567507091537803,1,6.0,0.8113378185854733,2,20.0,0.32540803507364696,3,26.0
3210.0,4,14.0,0.25925925925925924,9.468053218928398,2,0.0,0.6656003021331777,0,0.0,0.7316367936271483,2,21.0,0.47150841977556246,4,21.0
3215.0,2,5.0,0.09615384615384616,9.597743019238319,0,2.0,0.6278542450253203,1,4.0,0.7169531154924531,1,10.0,0.5821349563493903,2,16.0
3220.0,9,33.0,0.66,8.278232242454472,3,12.0,0.5914611242091699,1,9.0,0.6780314797132462,5,19.0,0.40149616157647994,9,40.0
3225.0,6,26.0,0.5652173913043478,6.659299307023657,1,8.0,0.5386480969739286,1,14.0,0.5682655482415889,4,32.0,0.3289462689201489,6,54.0
3230.0,2,21.0,0.44680851063829785,7.986680897511187,0,0.0,0.6966223845726953,1,23.0,0.7720437731619417,1,23.0,0.37731624063477276,2,46.0
3235.0,3,0.0,0.0,8.975368185973029,2,0.0,0.6027437402982616,0,4.0,0.9431696367661117,1,13.0,0.3428043587319645,3,17.0
3240.0,3,1.0,0.018867924528301886,9.70632437496141,1,0.0,0.7349332176820024,0,4.0,0.819231924984112,2,8.0,0.4196484605479736,3,12.0
3245.0,1,6.0,0.11764705882352941,9.293371608171688,0,0.0,0.5962061050964244,0,0.0,0.6128233160922976,1,9.0,0.5978020576963868,1,9.0
3250.0,6,10.0,0.19230769230769232,9.05290992148219,3,8.0,0.6062558618566705,0,0.0,0.6884141580892096,3,6.0,0.5413711302678318,6,14.0
3255.0,13,52.0,1.0612244897959184,7.3528986545522885,3,23.0,0.5641318444240301,3,4.0,0.49677249529926326,7,29.0,0.33880953859698293,13,56.0
3260.0,17,95.0,2.111111111111111,5.2527408431393345,0,11.0,0.6973390858932152,6,26.0,0.20903443278417388,11,73.0,0.18759673376219124,17,110.0
3265.0,21,123.0,2.5625,2.9610332557209063,2,5.0,0.2653120734866006,10,71.0,0.0011875969277611558,9,95.0,0.12681091114854523,21,171.0
3270.0,10,59.0,1.18,5.82599536232288,1,15.0,0.420184329506298,6,89.0,0.26037209559933616,3,73.0,0.3500821531015479,10,177.0
3275.0,0,0.0,0.0,9.706139067963546,0,5.0,0.7402085743814377,0,50.0,0.6724390427692903,0,40.0,0.5941265678560549,0,95.0
3280.0,1,3.0,0.05660377358490566,10.924977711554138,0,2.0,0.6987038644768419,0,22.0,0.7870652668525635,1,24.0,0.7461974568464262,1,48.0
3285.0,4,11.0,0.2,11.034173189933474,1,2.0,0.7485380640959612,1,5.0,0.7790882069952503,2,10.0,0.732851355122093,4,17.0
3290.0,2,21.0,0.375,10.70011021227488,0,0.0,0.7410066390741931,1,8.0,0.7201166252405192,1,13.0,0.7712169729589384,2,21.0
3295.0,4,33.0,0.6111111111111112,9.36935118340201,1,1.0,0.6162213981244439,1,14.0,0.6827648708605901,2,19.0,0.6256395356575194,4,34.0
3300.0,10,45.0,0.8333333333333334,8.646393502674288,6,23.0,0.4541066161795946,1,19.0,0.7018418954827896,3,6.0,0.5831020826953963,10,48.0
3305.0,9,60.0,1.2,6.6455712642036895,3,35.0,0.36153501545140515,2,29.0,0.5844890215061673,4,23.0,0.3990970128744085,9,87.0
3310.0,5,43.0,0.8958333333333334,7.006183468771802,1,12.0,0.5305299504131592,2,41.0,0.49820140412495145,2,29.0,0.386369638772081,5,82.0
3315.0,2,48.0,0.9411764705882353,8.387710338685299,0,0.0,0.4558334771598526,2,52.0,0.7167694608399386,0,6.0,0.5217975698073023,2,58.0
3320.0,3,6.0,0.10526315789473684,9.945124508094153,1,4.0,0.6202378967283503,0,22.0,0.7820893950238064,2,2.0,0.6437373588366287,3,28.0
3325.0,5,15.0,0.2631578947368421,9.767966575184243,1,9.0,0.6508962604192609,2,8.0,0.65173387594517,2,2.0,0.6691083276196497,5,19.0
3330.0,6,19.0,0.3584905660377358,7.5541420842141696,0,1.0,0.5020671426757686,1,9.0,0.4758003319799857,5,17.0,0.37187482057338234,6,27.0
3335.0,5,19.0,0.3958333333333333,7.203886317425568,4,17.0,0.46930998874802654,0,3.0,0.37494258431647787,1,22.0,0.48561522212832936,5,42.0
3340.0,7,44.0,0.9565217391304348,8.207670647006047,6,42.0,0.44948180677071786,0,2.0,0.5811016018357686,1,6.0,0.6182810284502318,7,50.0
3345.0,6,23.0,0.4791666666666667,8.47322791818779,4,42.0,0.32838266243155184,0,2.0,0.7974981697597898,2,12.0,0.7082435156175104,6,56.0
3350.0,5,30.0,0.5882352941176471,8.933963720036887,1,17.0,0.4145580811760221,2,5.0,0.7547425793832724,2,22.0,0.6938690098502703,5,44.0
3355.0,6,50.0,0.8928571428571429,9.447455967779943,2,12.0,0.5755385001167037,1,8.0,0.7548464791616695,3,32.0,0.647105188727689,6,52.0
3360.0,6,76.0,1.3333333333333333,9.702660498248887,2,19.0,0.6954434957872702,2,15.0,0.7445013300428812,2,42.0,0.5614889119017179,6,76.0
3365.0,9,112.0,2.074074074074074,9.451589147252204,3,29.0,0.6707993418552506,3,28.0,0.6800916334017209,3,55.0,0.6120054090272357,9,112.0
3370.0,8,52.0,0.9811320754716981,8.074448093314503,4,46.0,0.529346815160236,1,14.0,0.5306274328299868,3,41.0,0.4559534970590584,8,101.0
3375.0,15,111.0,2.0555555555555554,6.462840494932575,5,66.0,0.4903943790298047,7,28.0,0.26870295710720055,3,21.0,0.3244439079716126,15,115.0
3380.0,9,24.0,0.43636363636363634,5.756213249979725,2,25.0,0.3721074003463123,5,48.0,0.18815607406367052,2,21.0,0.3686554738834254,9,94.0
3385.0,6,16.0,0.3137254901960784,7.698705544957394,5,17.0,0.5345290189487278,0,31.0,0.44010016161439175,1,9.0,0.49112957905040455,6,57.0
3390.0,3,7.0,0.14583333333333334,9.017098017714337,1,15.0,0.6035943485508055,0,8.0,0.7225468775346751,2,8.0,0.6003855077577317,3,31.0
3395.0,4,23.0,0.5227272727272727,9.222771522644852,3,12.0,0.5020759117290262,0,4.0,0.7896020746371438,1,13.0,0.7232531329635562,4,29.0
3400.0,3,19.0,0.4222222222222222,9.030703472558532,2,8.0,0.44163447391996863,0,2.0,0.7536201942696091,1,16.0,0.7597442045375574,3,26.0
3405.0,7,45.0,0.9,8.879611090456187,6,24.0,0.3863638603510562,0,2.0,0.7331575700038236,1,21.0,0.6670218289356235,7,47.0
3410.0,6,39.0,0.7647058823529411,7.856995522952125,3,35.0,0.44040446435474256,1,3.0,0.5237784122638188,2,26.0,0.6745039119157139,6,64.0
3415.0,6,49.0,0.9423076923076923,7.9492573520611955,0,13.0,0.6202007016422415,5,22.0,0.3444549574715589,1,31.0,0.6077158126532968,6,66.0
3420.0,7,54.0,1.0,7.8706599806750415,1,2.0,0.5338925872483944,4,35.0,0.43641139841123494,2,40.0,0.6429055626695395,7,77.0
3425.0,4,11.0,0.2037037037037037,8.743510044056919,2,9.0,0.5685180129537534,2,27.0,0.5738329718085198,0,9.0,0.710854434021536,4,45.0
3430.0,3,5.0,0.09259259259259259,8.18653841616516,1,3.0,0.6005243821680443,0,12.0,0.5307422616854666,2,6.0,0.5940457971053765,3,21.0
3435.0,4,13.0,0.24074074074074073,8.589849771867414,4,15.0,0.5174099260892063,0,2.0,0.7076144993790289,0,6.0,0.6231954540828297,4,23.0
3440.0,5,12.0,0.21818181818181817,8.304919254210374,4,26.0,0.47102169595367793,0,2.0,0.7683758727055393,1,0.0,0.6643095619265114,5,28.0
3445.0,4,15.0,0.2830188679245283,9.026872944609803,1,23.0,0.5587118245709961,2,11.0,0.7021420266439271,1,4.0,0.7237042277209407,4,38.0
3450.0,7,32.0,0.5714285714285714,8.178397553093024,4,25.0,0.3310450412859199,2,21.0,0.7499918707389742,1,9.0,0.730499819278857,7,55.0
3455.0,12,77.0,1.3275862068965518,7.07616713469424,8,55.0,0.24782368684327788,2,27.0,0.6579833788526602,2,14.0,0.6688034679147173,12,96.0
3460.0,10,49.0,0.8909090909090909,6.50189757773288,8,75.0,0.23700597296342368,0,0.0,0.4124462953826111,2,20.0,0.6155399060334993,10,95.0
3465.0,11,52.0,1.0196078431372548,6.7717238714128,5,60.0,0.20223690222830157,4,17.0,0.5349171753595978,2,30.0,0.6178110342031418,11,107.0
3470.0,2,40.0,0.8,8.361976166272441,0,30.0,0.3768257787394431,0,15.0,0.6962926739069722,2,40.0,0.530889031392347,2,85.0
3475.0,1,1.0,0.018867924528301886,9.963909768594531,0,15.0,0.690022419714158,0,0.0,0.8123118405126525,1,3.0,0.5166402420571223,1,18.0
3480.0,4,13.0,0.2653061224489796,10.746619269202435,0,3.0,0.786408481960119,0,0.0,0.8615050815384793,4,15.0,0.6208477372928152,4,18.0
3485.0,5,6.0,0.12244897959183673,8.397726523438228,1,5.0,0.5773198013309396,3,1.0,0.5990202233935517,1,17.0,0.5489974182410327,5,23.0
3490.0,5,21.0,0.42857142857142855,7.797437804356302,3,17.0,0.4322375035609636,1,4.0,0.5381057515467468,1,9.0,0.6068516068107148,5,30.0
3495.0,12,37.0,0.74,6.0923995166603815,3,26.0,0.3088628750631957,6,24.0,0.2628925912906928,3,9.0,0.39999479676500554,12,59.0
3500.0,11,47.0,0.8867924528301887,7.231762348201027,2,18.0,0.3794530376731698,4,38.0,0.4150534872583056,5,30.0,0.44778460603251424,11,86.0
3505.0,7,11.0,0.21153846153846154,6.759987731600715,3,15.0,0.4542086998210574,0,26.0,0.5263774791295643,4,33.0,0.37935843724656326,7,74.0
3510.0,10,44.0,0.8148148148148148,7.962640584414403,6,38.0,0.49455748187779036,0,9.0,0.7104686097266616,4,23.0,0.4130835445833734,10,70.0
3515.0,4,39.0,0.7222222222222222,8.637836362924828,1,35.0,0.5133696684061613,0,2.0,0.7535322970401706,3,35.0,0.5673188968369646,4,72.0
3520.0,4,5.0,0.09433962264150944,7.712349883862083,2,13.0,0.4420549403622869,1,4.0,0.6606330607633416,1,16.0,0.5313694743970646,4,33.0
3525.0,10,36.0,0.6666666666666666,6.821942478697581,1,8.0,0.5204576072261067,3,10.0,0.4913245952015431,6,24.0,0.3104168432800737,10,42.0
3530.0,6,32.0,0.5925925925925926,5.86735576759445,1,13.0,0.509552668952811,0,15.0,0.48173306226132023,5,43.0,0.19265922171097388,6,71.0
3535.0,6,4.0,0.07272727272727272,7.091548140457963,2,2.0,0.6089122047256673,1,6.0,0.5357041062418026,3,36.0,0.3197435150699646,6,44.0
3540.0,2,9.0,0.15789473684210525,9.28033763637661,0,2.0,0.7342199713882314,2,11.0,0.5936859869616355,0,13.0,0.5602048552591732,2,26.0
3545.0,2,19.0,0.3333333333333333,10.0844841810533,0,2.0,0.749022017842312,2,19.0,0.7042505517402868,0,5.0,0.70039438960559,2,26.0
3550.0,6,35.0,0.603448275862069,9.972354702749685,2,3.0,0.666893458908678,3,32.0,0.686329000063566,1,0.0,0.7622514280251229,6,35.0
3555.0,4,19.0,0.3333333333333333,8.807204626375116,3,16.0,0.556359306312192,1,25.0,0.6436429928087721,0,0.0,0.5778557582517371,4,41.0
3560.0,12,36.0,0.6206896551724138,6.743135224968362,2,16.0,0.46730691616345443,4,15.0,0.49635278008271116,6,20.0,0.27718571161337285,12,51.0
3565.0,12,40.0,0.7407407407407407,5.317594704046771,3,12.0,0.3552365917212234,3,25.0,0.2560561656322652,6,40.0,0.2196257014138249,12,77.0
3570.0,4,11.0,0.2037037037037037,6.341899436227321,3,24.0,0.47893796753678,1,18.0,0.4191081540168251,0,30.0,0.3454604742329739,4,72.0
3575.0,1,0.0,0.0,9.595441889587878,0,12.0,0.6459596648567159,0,11.0,0.7767622004943188,1,9.0,0.5813213121226198,1,32.0
3580.0,2,5.0,0.08620689655172414,10.924163417399688,2,7.0,0.6582554358872641,0,4.0,0.8553279898508898,0,1.0,0.7733993432544607,2,12.0
3585.0,1,3.0,0.05172413793103448,10.787526700430318,0,3.0,0.6885628640522299,1,7.0,0.7760936774850544,0,0.0,0.8156574129428806,1,10.0
3590.0,4,13.0,0.23214285714285715,8.718079081319848,3,12.0,0.4773101963013217,1,6.0,0.5282743450090036,0,0.0,0.8794266236890986,4,18.0
3595.0,12,34.0,0.6938775510204082,5.597467374841575,3,21.0,0.27107388486689177,9,32.0,0.23520476968131793,0,0.0,0.9432905517915484,12,53.0
3600.0,9,30.0,0.5660377358490566,5.1675479257799575,2,15.0,0.2580060951067754,7,59.0,0.23713028654008633,0,0.0,0.4523332195998625,9,74.0
