step,system_total_stopped,system_total_waiting_time,system_mean_waiting_time,system_mean_speed,A0_stopped,A0_accumulated_waiting_time,A0_average_speed,B0_stopped,B0_accumulated_waiting_time,B0_average_speed,C0_stopped,C0_accumulated_waiting_time,C0_average_speed,agents_total_stopped,agents_total_accumulated_waiting_time
5.0,0,0.0,0.0,6.126020539051388,0,0.0,1.0,0,0.0,0.5265415708201501,0,0.0,0.32358696879698867,0,0.0
10.0,0,0.0,0.0,7.446014611815197,0,0.0,0.3583524802786873,0,0.0,0.8141556331458363,0,0.0,0.4318497189970368,0,0.0
15.0,0,0.0,0.0,11.214293004386388,0,0.0,0.9496190739922526,0,0.0,0.9083024741522666,0,0.0,0.729958627417316,0,0.0
20.0,1,0.0,0.0,9.427795675019023,0,0.0,1.0,0,0.0,1.0,1,0.0,0.6645844186551846,1,0.0
25.0,1,2.0,0.18181818181818182,9.788136444850792,0,0.0,0.575880404229949,0,0.0,0.9211291374968358,1,2.0,0.6399722224569923,1,2.0
30.0,0,0.0,0.0,10.08614581856038,0,0.0,0.5029435461907373,0,0.0,0.8907078671380889,0,0.0,0.7469468210825053,0,0.0
35.0,1,0.0,0.0,8.935873823266498,0,0.0,0.9323567589292888,0,0.0,0.8619112688638279,1,0.0,0.44249834454970943,1,0.0
40.0,1,0.0,0.0,7.625163727759703,1,0.0,0.700330587018365,0,0.0,0.4164889415346404,0,3.0,0.47905567198814814,1,3.0
45.0,2,1.0,0.058823529411764705,9.871974926358334,1,0.0,0.709655382694333,0,2.0,0.9053634223214708,1,1.0,0.46576717079828406,2,3.0
50.0,2,6.0,0.3333333333333333,8.439921177518526,0,0.0,0.7164537745916462,0,2.0,0.6878072339685716,2,6.0,0.31167155189320267,2,8.0
55.0,3,12.0,0.6,8.251365486941534,1,4.0,0.7663573706048169,2,10.0,0.6252366983883024,0,0.0,0.29566186666186683,3,14.0
60.0,4,32.0,1.4545454545454546,8.710782433782137,1,9.0,0.5836838339145353,2,18.0,0.6132772934290719,1,5.0,0.5662924942963543,4,32.0
65.0,5,49.0,2.227272727272727,8.020184054496196,2,19.0,0.5281947317807022,3,30.0,0.4530857647614747,0,0.0,0.7309141011179586,5,49.0
70.0,5,51.0,2.217391304347826,8.223880627001119,0,0.0,0.8205999899388059,3,47.0,0.5330972927239113,2,6.0,0.5089430999172802,5,53.0
75.0,3,16.0,0.6956521739130435,8.455034658976196,1,0.0,0.6085293960508439,0,12.0,0.8140136171319753,2,18.0,0.48740792723261,3,30.0
80.0,0,0.0,0.0,9.011823462005625,0,0.0,0.4640217378323534,0,2.0,0.6336971974456167,0,2.0,0.8210286031665207,0,4.0
85.0,3,9.0,0.4090909090909091,7.811390818942024,0,0.0,0.3428331606062692,3,11.0,0.21499486031186432,0,2.0,0.6310308283610752,3,13.0
90.0,0,0.0,0.0,7.39886459519258,0,0.0,1.0,0,9.0,0.45381067236683553,0,3.0,0.6121459342602088,0,12.0
95.0,2,1.0,0.05263157894736842,9.161413045704759,1,2.0,0.5302033674582581,0,0.0,0.5120988224423259,1,3.0,0.6522361079510658,2,5.0
100.0,2,11.0,0.6470588235294118,9.716138984805426,0,2.0,0.8082921051148966,1,5.0,0.6388810531988617,1,8.0,0.5767549848833382,2,15.0
105.0,0,0.0,0.0,9.409673587455272,0,4.0,0.7667294811913923,0,0.0,0.6654645632268317,0,2.0,0.7691083988887878,0,6.0
110.0,3,4.0,0.25,8.21931831355601,2,4.0,0.4821688506720122,1,2.0,0.5888190640062392,0,2.0,0.396383293623034,3,8.0
115.0,1,7.0,0.5384615384615384,9.064337161443133,1,9.0,0.5332280411947886,0,0.0,0.7954789318104096,0,1.0,0.5968756683543531,1,10.0
120.0,0,0.0,0.0,10.943051068796297,0,2.0,0.9407479097981346,0,0.0,0.9174460482281694,0,0.0,0.10631291187168293,0,2.0
125.0,0,0.0,0.0,11.952641806763381,0,0.0,0.843128451073828,0,0.0,0.9432642579510502,0,0.0,0.7697830736599385,0,0.0
130.0,0,0.0,0.0,8.638818254126717,0,0.0,0.6507361620281293,0,0.0,0.46494915259973735,0,0.0,0.6038011871372791,0,0.0
135.0,1,0.0,0.0,9.304723558955756,0,0.0,0.6304038908792268,0,0.0,0.9869457799468228,1,0.0,0.6162563095757315,1,0.0
140.0,3,0.0,0.0,9.531704883127912,2,0.0,0.5958021983205909,1,0.0,0.5747714929457133,0,1.0,0.8760182966980956,3,1.0
145.0,1,0.0,0.0,10.185824703648258,1,0.0,0.6562823002051488,0,0.0,0.8400791576582272,0,1.0,0.6454735886818825,1,1.0
150.0,2,4.0,0.18181818181818182,10.017922898213273,1,0.0,0.6035149365925165,0,0.0,0.8927736445919859,1,5.0,0.6640167766520408,2,5.0
155.0,1,2.0,0.08333333333333333,8.90070871179746,0,0.0,0.6235564221759382,1,2.0,0.6741601338223288,0,0.0,0.6371524886934226,1,2.0
160.0,2,10.0,0.37037037037037035,10.283087631270861,1,3.0,0.6298087769372751,1,9.0,0.6539676935186768,0,0.0,0.76240941895601,2,12.0
165.0,2,2.0,0.08333333333333333,8.490353802001257,0,0.0,0.4126613153704136,1,3.0,0.680784982447148,1,1.0,0.5910489717587966,2,4.0
170.0,5,21.0,0.9545454545454546,10.00063856993399,1,5.0,0.4903956072396337,2,13.0,0.6400475860784768,2,7.0,0.5173441581644667,5,25.0
175.0,1,1.0,0.05,7.926510333891467,0,0.0,0.5912049965031752,0,8.0,0.6629806497591976,1,5.0,0.40766342330210276,1,13.0
180.0,2,9.0,0.47368421052631576,9.956524592538436,0,1.0,0.7206897478131343,0,2.0,0.8326084575032834,2,11.0,0.550544203460749,2,14.0
185.0,4,23.0,1.0952380952380953,8.35842142034542,0,1.0,0.791294268864457,1,1.0,0.4019136734400414,3,24.0,0.5226471796971155,4,26.0
190.0,6,47.0,2.0434782608695654,8.35814218305941,0,0.0,0.9606579343080046,2,10.0,0.43673648412922034,4,39.0,0.43702585224320395,6,49.0
195.0,1,1.0,0.04,8.341115931569155,1,1.0,0.6266242774674389,0,7.0,0.768698681898414,0,17.0,0.4694185321494124,1,25.0
200.0,2,8.0,0.34782608695652173,9.975362826514807,2,8.0,0.04954146118633782,0,2.0,0.7229043405848776,0,2.0,0.8150460137622115,2,12.0
205.0,3,5.0,0.20833333333333334,9.726319971518887,1,2.0,0.10250947357419742,1,7.0,0.7452751697110146,1,2.0,0.726368570031069,3,11.0
210.0,3,14.0,0.5833333333333334,10.933374675206798,1,0.0,0.42702036253581654,1,14.0,0.8191414925250569,1,6.0,0.7534718113179986,3,20.0
215.0,1,1.0,0.043478260869565216,8.85916674006144,0,2.0,0.6580329492410599,1,3.0,0.6842089354073744,0,0.0,0.4193308690740099,1,5.0
220.0,5,21.0,0.84,7.038071584458074,0,2.0,0.8097362396770109,2,12.0,0.32552997319513033,3,11.0,0.1820019434761209,5,25.0
225.0,2,5.0,0.20833333333333334,6.528180741112216,0,2.0,0.7362629703129885,2,16.0,0.20752508066346992,0,8.0,0.24965551375794673,2,26.0
230.0,1,2.0,0.08333333333333333,9.182081965184432,0,2.0,0.6968012101612967,1,12.0,0.4003438901915213,0,0.0,0.6409501150791239,1,14.0
235.0,0,0.0,0.0,10.44047543389072,0,2.0,0.8751143959695193,0,8.0,0.4869001971106399,0,0.0,0.8263336428374276,0,10.0
240.0,4,10.0,0.37037037037037035,8.599480405634162,1,2.0,0.5401696847612374,3,18.0,0.4931835741658864,0,0.0,0.694287653488416,4,20.0
245.0,4,10.0,0.4166666666666667,7.184643426214943,2,9.0,0.5717819120815002,1,18.0,0.46158495542394173,1,2.0,0.4718417695395337,4,29.0
250.0,4,1.0,0.037037037037037035,6.059538290364054,2,6.0,0.38445337827829923,1,1.0,0.46357964524239254,1,3.0,0.4567698262708088,4,10.0
255.0,3,11.0,0.3793103448275862,9.227933961462286,2,8.0,0.5363997414287757,1,7.0,0.5735257475904864,0,0.0,0.7026272247193757,3,15.0
260.0,5,31.0,1.0,10.197283473269525,2,18.0,0.5163606996851281,2,17.0,0.7527619771170597,1,0.0,0.6786480598809721,5,35.0
265.0,3,31.0,0.9393939393939394,9.248498150767869,3,31.0,0.24774113970327843,0,3.0,0.7307097610876908,0,0.0,0.6321659783920504,3,34.0
270.0,6,53.0,1.7666666666666666,9.84334741481259,3,48.0,0.4880339660569834,1,4.0,0.7990059442788394,2,5.0,0.7480722583139011,6,57.0
275.0,5,78.0,2.689655172413793,8.66939718423473,3,63.0,0.4984110864482743,1,9.0,0.773969659443435,1,10.0,0.5973908575285362,5,82.0
280.0,4,36.0,1.125,9.453698206379958,0,18.0,0.7533524378951194,1,14.0,0.7602500196010868,3,24.0,0.6067644906021297,4,56.0
285.0,7,40.0,1.25,8.524899251289323,2,4.0,0.44811287193119964,1,1.0,0.7109574922992952,4,37.0,0.5953913754411173,7,42.0
290.0,4,14.0,0.45161290322580644,6.255079445125175,1,7.0,0.34560532275679684,2,9.0,0.48140209007629353,1,16.0,0.41544111151793767,4,32.0
295.0,5,23.0,0.7419354838709677,7.7602082576800955,0,2.0,0.633651795962937,0,1.0,0.6149873865326486,5,23.0,0.25471917264341076,5,26.0
300.0,3,7.0,0.2413793103448276,8.195085776969252,1,5.0,0.6475288914536028,0,0.0,0.6518940520522227,2,30.0,0.37703347354066996,3,35.0
305.0,2,12.0,0.3870967741935484,9.58949557611,1,10.0,0.679296639870868,1,6.0,0.631412790948234,0,6.0,0.6142335000971825,2,22.0
310.0,6,30.0,1.0344827586206897,9.192887457575868,2,14.0,0.589623157676524,1,11.0,0.7787970408238306,3,13.0,0.3814923717344898,6,38.0
315.0,5,27.0,0.9310344827586207,7.629715728197314,0,1.0,0.6650400984660021,1,3.0,0.5542681918233457,4,32.0,0.027392043000050364,5,36.0
320.0,6,18.0,0.6428571428571429,6.418975492209354,2,6.0,0.3547247196675666,4,14.0,0.008138883017350966,0,22.0,0.4154443820031129,6,42.0
325.0,5,27.0,1.173913043478261,7.397506778034847,5,27.0,0.2755642048605018,0,14.0,0.5328014849499026,0,0.0,0.6507551428759788,5,41.0
330.0,4,13.0,0.5416666666666666,7.963946686295649,2,28.0,0.4167433027265808,0,2.0,0.9417304190337217,2,8.0,0.5298927960103837,4,38.0
335.0,0,0.0,0.0,10.316558010878857,0,9.0,0.7361332949190873,0,4.0,0.8440942688951311,0,6.0,0.5666806781540943,0,19.0
340.0,3,5.0,0.17857142857142858,8.777968646110027,1,0.0,0.5677500758983506,1,5.0,0.5337756372864364,1,6.0,0.46177109650544307,3,11.0
345.0,6,19.0,0.6333333333333333,7.378486512243474,3,7.0,0.4324834125567384,0,4.0,0.49328544676178565,3,14.0,0.3148134304801952,6,25.0
350.0,4,23.0,0.696969696969697,8.746676665734004,4,25.0,0.5505005451688414,0,0.0,0.7426118320297972,0,3.0,0.5933921787507691,4,28.0
355.0,0,0.0,0.0,9.679114124869018,0,15.0,0.5884005412702078,0,2.0,0.7973833169930944,0,0.0,0.8003628019502442,0,17.0
360.0,3,8.0,0.24242424242424243,9.387324352856096,2,7.0,0.5250625706418104,0,2.0,0.6910296063126774,1,3.0,0.638220419744339,3,12.0
365.0,2,2.0,0.0625,8.179421274242447,1,7.0,0.2078022932382473,1,3.0,0.5167766333603067,0,0.0,0.7793433468495117,2,10.0
370.0,4,15.0,0.5769230769230769,8.110927580050905,2,11.0,0.3216616733650092,0,3.0,0.7138617067682883,2,4.0,0.4305130974147965,4,18.0
375.0,7,43.0,1.5925925925925926,8.879304567125338,3,21.0,0.552276366978157,0,2.0,0.8922528681417138,4,24.0,0.49379470893048294,7,47.0
380.0,5,45.0,1.6666666666666667,8.574591898876362,0,13.0,0.7201978777105926,0,2.0,0.7661679773976394,5,47.0,0.38880530963863996,5,62.0
385.0,10,83.0,3.074074074074074,5.276637465228897,2,3.0,0.4540006242690446,1,5.0,0.3183546792706822,7,79.0,0.15758545118380585,10,87.0
390.0,10,35.0,1.25,3.6163109145703016,2,6.0,0.24844807719743434,4,19.0,0.0005484957095483204,4,71.0,0.08648344256242671,10,96.0
395.0,2,6.0,0.24,8.517519145960032,0,1.0,0.6486384099527204,2,25.0,0.5342919295886155,0,21.0,0.45789245791274424,2,47.0
400.0,6,14.0,0.5,9.006006389661788,2,5.0,0.44678950896153585,0,10.0,0.7833655126258048,4,32.0,0.36610372902233096,6,47.0
405.0,6,44.0,1.375,9.428817718266199,2,15.0,0.5523387011918074,0,0.0,0.8067445176014121,4,52.0,0.4473069877853819,6,67.0
410.0,2,3.0,0.09375,8.921563015390184,1,1.0,0.6720218249008781,1,2.0,0.5857017156183301,0,25.0,0.6249425356502507,2,28.0
415.0,3,7.0,0.20588235294117646,9.243152206263018,1,6.0,0.6360781654191849,1,7.0,0.5174742325863925,1,0.0,0.678913430469864,3,13.0
420.0,3,7.0,0.20588235294117646,8.998534422583884,1,3.0,0.4713123338579631,2,9.0,0.47529449711652555,0,0.0,0.674708092438534,3,12.0
425.0,4,12.0,0.35294117647058826,9.26717412132094,2,7.0,0.47891682896331184,0,8.0,0.8103822460002338,2,5.0,0.3988064694169105,4,20.0
430.0,4,22.0,0.6666666666666666,9.270855331710125,1,3.0,0.4295739734537415,0,2.0,0.786974798415799,3,21.0,0.5707934030883595,4,26.0
435.0,4,21.0,0.7,9.49530958369117,4,21.0,0.4927024208866179,0,2.0,0.7553492933107884,0,19.0,0.6304245610457931,4,42.0
440.0,3,9.0,0.34615384615384615,7.820679612989105,1,17.0,0.6132649324604084,1,6.0,0.19315529291827904,1,5.0,0.35057579868796157,3,28.0
445.0,9,34.0,1.4166666666666667,6.931934725284144,0,2.0,0.7059677142054089,4,18.0,0.39914527965929786,5,22.0,0.17593703252573792,9,42.0
450.0,1,0.0,0.0,8.038567293800172,1,0.0,0.377473242903182,0,8.0,0.7986238278289012,0,18.0,0.36367216355285875,1,26.0
455.0,1,0.0,0.0,11.183118350002772,0,2.0,0.7297588088933377,0,4.0,0.808576119570162,1,2.0,0.7188642033587334,1,8.0
460.0,1,2.0,0.07142857142857142,11.59325755228833,0,2.0,0.9069786024160398,1,4.0,0.7806505843251861,0,2.0,0.7520673073906369,1,8.0
465.0,1,2.0,0.07692307692307693,9.604059663107138,0,2.0,0.8835864988808962,0,2.0,0.5454711302288476,1,4.0,0.7165943907745105,1,8.0
470.0,9,13.0,0.43333333333333335,5.625496182054999,1,0.0,0.5601344917367663,5,14.0,0.15009243619261817,3,3.0,0.42186018973370787,9,17.0
475.0,7,46.0,1.5333333333333334,8.09351451911228,0,0.0,0.8613382176675354,6,44.0,0.3704247933493404,1,6.0,0.6153814612392545,7,50.0
480.0,3,3.0,0.08333333333333333,7.537007112607534,1,0.0,0.40474417308762484,0,39.0,0.5440281320900552,2,3.0,0.41204363632484314,3,42.0
485.0,8,30.0,0.8333333333333334,8.776329579932607,1,6.0,0.7170432495257993,1,2.0,0.6877725077784139,6,28.0,0.3947246867336255,8,36.0
490.0,4,22.0,0.6666666666666666,8.53436951869564,1,11.0,0.7005621545480037,0,0.0,0.5275024159616041,3,37.0,0.48022249008373075,4,48.0
495.0,4,8.0,0.2222222222222222,7.951467585705422,0,3.0,0.6507185045257114,2,6.0,0.43468883940878905,2,26.0,0.4761933294096932,4,35.0
500.0,6,31.0,0.8157894736842105,9.32731922508019,1,2.0,0.6640388252741903,3,19.0,0.6175805007107473,2,18.0,0.578511524612124,6,39.0
505.0,7,40.0,1.0256410256410255,8.753271501961235,2,7.0,0.5782945433536121,4,34.0,0.5308873901548098,1,14.0,0.4216923315692587,7,55.0
510.0,5,31.0,0.7560975609756098,8.836940816198432,1,14.0,0.6316194306936582,0,19.0,0.6199974434479635,4,23.0,0.16659374553399112,5,56.0
515.0,8,66.0,1.8857142857142857,7.208665929540605,1,19.0,0.6066418327892846,1,7.0,0.4789635660921288,6,48.0,0.10836268271337231,8,74.0
520.0,4,6.0,0.1935483870967742,5.417182845232592,1,4.0,0.43514093339816035,0,5.0,0.3664375885206964,3,39.0,0.2653652072159356,4,48.0
525.0,2,8.0,0.24242424242424243,9.109848272260102,1,6.0,0.610903293377723,0,2.0,0.6859709063589707,1,13.0,0.6246085732173003,2,21.0
530.0,2,14.0,0.3684210526315789,9.622728608750203,0,5.0,0.6993845287917885,0,2.0,0.7026569479123456,2,16.0,0.6638463412882921,2,23.0
535.0,5,27.0,0.675,9.98104350557243,3,5.0,0.5802593670392291,0,2.0,0.8871378237167847,2,26.0,0.7488647710011508,5,33.0
540.0,4,11.0,0.2619047619047619,8.087856094249716,2,8.0,0.6263159870680857,1,3.0,0.449233701177983,1,13.0,0.4782996185279785,4,24.0
545.0,8,36.0,0.782608695652174,7.266358976153722,1,13.0,0.6446062635781481,1,4.0,0.6012753583865317,6,22.0,0.19870361188674682,8,39.0
550.0,13,70.0,1.5909090909090908,6.579670363263052,2,8.0,0.5031621354098319,0,2.0,0.6820814382366707,11,68.0,0.2639923174928334,13,78.0
555.0,11,61.0,1.4523809523809523,5.710088364259338,4,20.0,0.37218213168914155,1,4.0,0.7029397250584317,6,85.0,0.22881747968036503,11,109.0
560.0,6,21.0,0.4883720930232558,7.015670722888813,2,21.0,0.3971051986735201,2,13.0,0.4416895444807263,2,56.0,0.4101370763067419,6,90.0
565.0,8,38.0,0.8636363636363636,7.188763244691878,1,8.0,0.38728500723128506,4,34.0,0.5382489946092286,3,42.0,0.3170007232562272,8,84.0
570.0,9,39.0,0.8863636363636364,7.447483246569019,1,7.0,0.37412177285501974,1,23.0,0.6217859913470172,7,71.0,0.2850910178373361,9,101.0
575.0,8,35.0,0.875,7.2272800591148325,4,23.0,0.5222915146494194,0,5.0,0.649769346236088,4,69.0,0.3117830356288692,8,97.0
580.0,2,9.0,0.23684210526315788,8.066459712537954,0,9.0,0.6690676526159415,1,5.0,0.4010242267690316,1,27.0,0.4521919960834428,2,41.0
585.0,4,24.0,0.631578947368421,9.887471614450073,0,2.0,0.7183098941525344,3,17.0,0.6132676000761267,1,12.0,0.709775385976349,4,31.0
590.0,6,43.0,1.075,9.34450231051352,1,3.0,0.5989267931875933,2,27.0,0.6719936490602627,3,15.0,0.5476048198491954,6,45.0
595.0,1,1.0,0.024390243902439025,8.656341512969464,1,4.0,0.288789588997671,0,4.0,0.7271671920854157,0,0.0,0.49121113726356863,1,8.0
600.0,10,28.0,0.6666666666666666,7.045775462760308,3,12.0,0.20121842010634633,4,11.0,0.309411633031437,3,7.0,0.3350361586433727,10,30.0
605.0,8,34.0,0.9444444444444444,6.505610645253249,3,27.0,0.3723127321478203,4,21.0,0.2132478003379207,1,10.0,0.4827023595972741,8,58.0
610.0,2,8.0,0.24242424242424243,7.377143620422359,0,25.0,0.5336222438948288,1,9.0,0.3557860063115821,1,8.0,0.6269469081909507,2,42.0
615.0,3,20.0,0.5714285714285714,10.536330000786522,1,4.0,0.7449495968251724,1,7.0,0.6198554520726128,1,13.0,0.7415753974069562,3,24.0
620.0,4,12.0,0.3333333333333333,9.708864525981266,2,12.0,0.5499968227446426,2,2.0,0.5689465657488425,0,2.0,0.7767204228695158,4,16.0
625.0,4,13.0,0.3333333333333333,8.774673486424428,1,4.0,0.45785383105711736,1,7.0,0.682433548796275,2,8.0,0.43900763200681,4,19.0
630.0,9,37.0,1.088235294117647,5.7216507247208455,4,15.0,0.2978321309231515,1,2.0,0.30605407969088133,4,25.0,0.28474426825596744,9,42.0
635.0,7,33.0,1.03125,5.692045542799396,3,24.0,0.3909265661961728,2,10.0,0.4031121962630223,2,31.0,0.36268263578698884,7,65.0
640.0,3,22.0,0.6470588235294118,9.270515768627675,1,17.0,0.6676444631326555,2,23.0,0.6079549181096799,0,14.0,0.5683284768076923,3,54.0
645.0,5,41.0,1.1714285714285715,9.32995031208208,1,9.0,0.7401661430768137,3,35.0,0.6132749239492521,1,8.0,0.2883495994765177,5,52.0
650.0,10,81.0,2.25,8.792605079127046,2,14.0,0.4368365114393099,5,52.0,0.47221631367259376,3,22.0,0.47803136370485927,10,88.0
655.0,8,56.0,1.6470588235294117,6.462796527223459,3,24.0,0.14476414240526478,2,35.0,0.2991001150883633,3,37.0,0.43739599469566787,8,96.0
660.0,7,21.0,0.65625,7.936562970762211,0,0.0,0.7002710171658081,5,19.0,0.40421781656258265,2,16.0,0.3054344840527934,7,35.0
665.0,2,8.0,0.2857142857142857,9.037882366590038,0,0.0,0.9688401745472903,0,20.0,0.5808652618937672,2,8.0,0.24864831403812998,2,28.0
670.0,4,5.0,0.19230769230769232,9.32540321334528,1,2.0,0.6529209576893431,3,7.0,0.5116184837284954,0,2.0,0.7623368733654089,4,11.0
675.0,3,15.0,0.625,10.553697413192266,0,2.0,0.79751916000749,3,15.0,0.42073196779438654,0,2.0,0.9002708943321781,3,19.0
680.0,2,0.0,0.0,8.917733075623806,1,2.0,0.6726677008302601,0,0.0,0.432319660095651,1,0.0,0.6650748975300982,2,2.0
685.0,3,5.0,0.14705882352941177,10.394784715003722,0,0.0,0.7582971145423004,1,5.0,0.6926115739825875,2,0.0,0.6346712507165385,3,5.0
690.0,4,3.0,0.08108108108108109,9.088533774982688,1,0.0,0.4774753718078414,0,0.0,0.7339277256250704,3,3.0,0.5482315272940258,4,3.0
695.0,9,29.0,0.7631578947368421,8.652147412595824,2,9.0,0.6560804520188831,3,5.0,0.39006073622458465,4,17.0,0.3952647952890489,9,31.0
700.0,1,2.0,0.058823529411764705,8.802135784801361,0,4.0,0.6905881395703553,0,4.0,0.26751326872159176,1,13.0,0.4977088033124813,1,21.0
705.0,3,6.0,0.1875,9.379331945729732,0,2.0,0.7010209302020979,1,9.0,0.7354749055148958,2,3.0,0.3374553480867496,3,14.0
710.0,5,16.0,0.45714285714285713,9.36135667878438,2,0.0,0.47005437202122424,1,14.0,0.851884014822281,2,6.0,0.42180634086616803,5,20.0
715.0,1,0.0,0.0,10.04810362393377,1,0.0,0.5672039871814868,0,4.0,0.851345685537352,0,0.0,0.5249345323549274,1,4.0
720.0,2,8.0,0.23529411764705882,10.063306442655202,0,2.0,0.653476550106772,0,1.0,0.8168557130580072,2,8.0,0.5673605698223418,2,11.0
725.0,0,0.0,0.0,10.671107879865826,0,2.0,0.7570146265049236,0,1.0,0.7600339906584744,0,6.0,0.7990835223437155,0,9.0
730.0,5,1.0,0.027777777777777776,9.473433338205169,1,0.0,0.7123353392970664,2,4.0,0.5838962919454468,2,0.0,0.6841184143167107,5,4.0
735.0,4,14.0,0.3684210526315789,9.263371993145851,0,0.0,0.6973452321030245,2,13.0,0.6771519350604468,2,6.0,0.564977956071228,4,19.0
740.0,7,25.0,0.5952380952380952,6.970849363196346,2,1.0,0.4367883574968397,0,10.0,0.5639272814739631,5,24.0,0.3087479669600463,7,35.0
745.0,16,74.0,1.6444444444444444,6.959972189153949,7,18.0,0.35686469129779375,1,3.0,0.6500337980208969,8,57.0,0.3768311435957384,16,78.0
750.0,3,22.0,0.55,6.91469907128581,0,21.0,0.46157739553992355,1,6.0,0.4690170648290969,2,54.0,0.5241722211917477,3,81.0
755.0,4,6.0,0.13953488372093023,8.026708016855414,1,0.0,0.5161371767907593,2,7.0,0.578008150063639,1,24.0,0.5779311201392295,4,31.0
760.0,7,17.0,0.3541666666666667,7.7123289242745585,1,2.0,0.4187165364560985,2,10.0,0.6804099034078368,4,21.0,0.3663912454058151,7,33.0
765.0,14,61.0,1.2448979591836735,7.184069352718305,4,17.0,0.42685131457182746,0,4.0,0.7619968745564387,10,54.0,0.2221353049217253,14,75.0
770.0,15,103.0,2.239130434782609,5.751801794488792,2,18.0,0.4380778480501252,1,3.0,0.5492611885704124,12,106.0,0.2599417117329508,15,127.0
775.0,9,67.0,1.5227272727272727,6.5937726009909365,1,11.0,0.5738309221652268,0,4.0,0.6255434620879871,8,120.0,0.298118835915887,9,135.0
780.0,7,19.0,0.3958333333333333,7.340323403960312,3,11.0,0.43562328444828435,2,9.0,0.6743866723655868,2,68.0,0.3767834256499324,7,88.0
785.0,9,35.0,0.7142857142857143,7.3641243825862635,5,24.0,0.3793250743830872,4,19.0,0.46978564837891795,0,25.0,0.5584651055027827,9,68.0
790.0,12,52.0,1.0,6.778749089865013,9,56.0,0.17678176606881793,1,16.0,0.6321631434846995,2,26.0,0.5197400283435651,12,98.0
795.0,17,116.0,2.230769230769231,6.117354856539974,11,104.0,0.18385929781164784,0,1.0,0.6832391323888876,6,45.0,0.3523957660965124,17,150.0
800.0,18,121.0,2.4693877551020407,4.7333700447785505,6,117.0,0.26653591605071575,3,4.0,0.1832183811315233,9,78.0,0.32071586356164444,18,199.0
805.0,17,80.0,1.6,5.106055335399741,5,71.0,0.30543307940452996,6,31.0,0.31010839799503714,6,84.0,0.27372817664323684,17,186.0
810.0,8,33.0,0.66,6.4307798019055005,1,65.0,0.4334481507463008,1,38.0,0.5590890854944314,6,70.0,0.24857539873699694,8,173.0
815.0,9,36.0,0.6923076923076923,8.270852467865463,5,80.0,0.3745972007065054,2,14.0,0.7685011843765986,2,51.0,0.4989129249012334,9,145.0
820.0,8,55.0,1.0576923076923077,8.587186665388218,4,77.0,0.483420076210626,2,17.0,0.6721722274874552,2,42.0,0.6290065397501187,8,136.0
825.0,4,26.0,0.5098039215686274,8.141810048660423,1,36.0,0.5078597968234259,2,27.0,0.6685407489935773,1,7.0,0.6000372448430611,4,70.0
830.0,7,50.0,1.0204081632653061,7.286936742318369,1,37.0,0.4856973485223343,2,37.0,0.6330916053204818,4,20.0,0.4281935081643037,7,94.0
835.0,19,120.0,2.3529411764705883,5.566125554435632,7,59.0,0.36634121160016364,4,52.0,0.49393463173395435,8,51.0,0.2604681605536721,19,162.0
840.0,18,120.0,2.2641509433962264,4.494191815810501,5,57.0,0.33079662830063444,5,73.0,0.08333810908539731,8,66.0,0.33454661066576397,18,196.0
845.0,2,7.0,0.12962962962962962,7.42988652223194,1,22.0,0.5448627814661163,1,34.0,0.49593436514831235,0,45.0,0.46335377853644116,2,101.0
850.0,5,8.0,0.13559322033898305,8.654449241341418,3,20.0,0.4218816702032085,0,6.0,0.8905916734372671,2,14.0,0.4742077979018279,5,40.0
855.0,10,31.0,0.5254237288135594,7.368123339311685,7,45.0,0.23138847173567992,0,2.0,0.909091560833674,3,12.0,0.39942696844074327,10,59.0
860.0,15,50.0,0.8771929824561403,6.484896438676879,9,65.0,0.2978865400056531,0,0.0,0.8398132835641334,6,33.0,0.354661370199019,15,98.0
865.0,4,11.0,0.21153846153846154,7.328540944691278,1,41.0,0.5295159188710954,0,2.0,0.6343639951099772,3,36.0,0.3123564747409948,4,79.0
870.0,7,19.0,0.37254901960784315,7.734439873668339,3,18.0,0.4694815360995475,2,10.0,0.7308665053906479,2,16.0,0.3083168874797545,7,44.0
875.0,4,4.0,0.07017543859649122,7.840848262670829,3,17.0,0.34009255545154227,0,7.0,0.7750616805799112,1,14.0,0.44321853212241225,4,38.0
880.0,8,31.0,0.5166666666666667,8.68588508669962,8,41.0,0.3438707536935598,0,0.0,0.8259152963998296,0,8.0,0.6667397210707742,8,49.0
885.0,13,82.0,1.3225806451612903,8.206873325351253,11,90.0,0.37127300585998885,1,0.0,0.6787128706683703,1,4.0,0.6850011131195216,13,94.0
890.0,15,70.0,1.1666666666666667,6.389097277440195,11,109.0,0.29520600365242605,1,1.0,0.5577286797506097,3,12.0,0.5986257845430132,15,122.0
895.0,11,37.0,0.5522388059701493,6.196778485695919,3,87.0,0.3176300206956189,8,26.0,0.4025010018594715,0,8.0,0.521954679575054,11,121.0
900.0,12,31.0,0.4305555555555556,5.938563401527129,4,81.0,0.2935051278474544,3,37.0,0.4253307871197166,5,18.0,0.33968139165863,12,136.0
905.0,16,87.0,1.2428571428571429,5.3699627566887145,7,105.0,0.2765417332641278,2,23.0,0.35436110808290283,7,52.0,0.33002161688992643,16,180.0
910.0,19,79.0,1.144927536231884,5.479886917332443,9,110.0,0.3302030490726104,5,28.0,0.2392403728735615,5,65.0,0.39888211845307114,19,203.0
915.0,14,70.0,1.0144927536231885,6.077886979599768,6,87.0,0.2907998815561167,6,56.0,0.4793142678348865,2,38.0,0.45516495327608686,14,181.0
920.0,11,33.0,0.4583333333333333,6.374048804983214,6,63.0,0.33573762805230495,2,46.0,0.5460110983582656,3,40.0,0.3442775906608862,11,149.0
925.0,14,76.0,1.0133333333333334,7.326702511733045,4,57.0,0.43038208881707685,1,11.0,0.7481062019902227,9,69.0,0.22103561081535342,14,137.0
930.0,14,86.0,1.2285714285714286,6.185485513023697,2,35.0,0.46762164391967215,0,4.0,0.4632350850089821,12,120.0,0.1562367752222421,14,159.0
935.0,19,98.0,1.4848484848484849,4.961370389960635,8,50.0,0.27085782636669276,1,7.0,0.49809795263608486,10,140.0,0.1914564695481497,19,197.0
940.0,16,71.0,1.0757575757575757,5.902973372442082,7,69.0,0.29635241299636467,2,10.0,0.512203806412978,7,114.0,0.33572159117294953,16,193.0
945.0,14,65.0,0.9285714285714286,6.196755642336453,2,53.0,0.2454027706064527,6,30.0,0.4350025198729828,6,88.0,0.32180547448627533,14,171.0
950.0,9,30.0,0.42857142857142855,7.019508365473599,2,25.0,0.4406669602982037,4,37.0,0.5680050767724129,3,91.0,0.27121497589420124,9,153.0
955.0,13,41.0,0.5616438356164384,7.188852581681876,2,13.0,0.6371673435674501,4,32.0,0.5024121511004618,7,122.0,0.2587979430258472,13,167.0
960.0,9,38.0,0.5428571428571428,6.6646408090697475,3,23.0,0.5998862611844941,2,31.0,0.4295316123756779,4,127.0,0.31509501909205345,9,181.0
965.0,8,33.0,0.4714285714285714,6.4972821721655,0,11.0,0.5680977307435061,7,60.0,0.318787752370985,1,79.0,0.32112830874030385,8,150.0
970.0,11,43.0,0.6056338028169014,6.317044327302592,4,15.0,0.2396458567156455,5,71.0,0.34860539371867366,2,65.0,0.3692504819807933,11,151.0
975.0,8,28.0,0.42424242424242425,6.373591548155574,3,27.0,0.3913219052655321,4,53.0,0.4150495369401317,1,48.0,0.3884987186158013,8,128.0
980.0,8,36.0,0.5714285714285714,7.982183435467374,1,13.0,0.6556980653402644,5,47.0,0.4762764719507577,2,33.0,0.5359768182902731,8,93.0
985.0,8,63.0,0.9545454545454546,8.178590090240922,1,8.0,0.676215542456966,4,48.0,0.48280222356837804,3,33.0,0.5747157686396672,8,89.0
990.0,1,1.0,0.014285714285714285,8.039529424026082,0,0.0,0.7519180899922023,0,33.0,0.44441111490411234,1,4.0,0.5862348836325496,1,37.0
995.0,14,43.0,0.6056338028169014,6.624672708612935,3,9.0,0.4820372810360406,5,38.0,0.3012197663890339,6,18.0,0.3805622141093041,14,65.0
1000.0,22,106.0,1.5588235294117647,4.048131185105639,7,34.0,0.19445759350665828,4,50.0,0.1530648010223432,11,59.0,0.21129787310525036,22,143.0
1005.0,18,83.0,1.2575757575757576,3.997739952506501,7,52.0,0.30190190659624155,2,38.0,0.19637755325738804,9,94.0,0.2445363861657186,18,184.0
1010.0,8,29.0,0.4264705882352941,7.12386183437885,0,34.0,0.5546951309306948,1,25.0,0.5349031548247388,7,84.0,0.3756925361426873,8,143.0
1015.0,8,24.0,0.3157894736842105,8.069988938705228,0,7.0,0.6972030303523582,3,23.0,0.6088807756871764,5,91.0,0.38971044412157374,8,121.0
1020.0,13,51.0,0.6538461538461539,7.9707840230905616,2,2.0,0.6555252868871684,3,28.0,0.6302931880726592,8,116.0,0.3191038035725018,13,146.0
1025.0,16,81.0,1.08,5.935804126023519,2,2.0,0.48374323733559865,1,9.0,0.3804945313920067,13,167.0,0.212507608896076,16,178.0
1030.0,29,197.0,2.7746478873239435,3.620119246672384,6,23.0,0.31774719221450454,6,23.0,0.19184966555314462,17,244.0,0.05556775351963605,29,290.0
1035.0,35,227.0,3.1527777777777777,2.9299164742723787,13,71.0,0.15404067852891618,3,36.0,0.12013143961604608,19,285.0,0.10645780865585851,35,392.0
1040.0,24,149.0,1.9605263157894737,4.816674181313431,9,107.0,0.3036987256008848,2,24.0,0.4180391017086828,13,256.0,0.21351771130242306,24,387.0
1045.0,11,64.0,0.8311688311688312,7.2569150931741015,2,84.0,0.44889727399324714,1,17.0,0.7894616449192694,8,206.0,0.3590550574559495,11,307.0
1050.0,10,42.0,0.5,6.769663951920165,3,79.0,0.31905971461081745,1,8.0,0.7198406956517527,6,165.0,0.3178663413390477,10,252.0
1055.0,13,44.0,0.5176470588235295,6.541471768749285,8,101.0,0.2144551887926505,3,16.0,0.5759223031792491,2,138.0,0.3383577817784966,13,255.0
1060.0,19,58.0,0.7341772151898734,5.0652965586951675,9,116.0,0.171510496840398,2,15.0,0.3267481605836115,8,156.0,0.23029309736800294,19,287.0
1065.0,14,50.0,0.6666666666666666,5.212899865156169,6,88.0,0.30474736730242774,2,13.0,0.38642464598584964,6,158.0,0.2671539398624332,14,259.0
1070.0,8,36.0,0.5,6.488031898890203,4,87.0,0.40484042390793157,2,23.0,0.621708154914934,2,123.0,0.34390133662523437,8,233.0
1075.0,11,37.0,0.4805194805194805,7.037959536680614,8,95.0,0.3491810988332138,0,4.0,0.6605109543001624,3,73.0,0.38173722547462735,11,172.0
1080.0,20,111.0,1.4415584415584415,6.612618922468513,12,138.0,0.2134544181227362,5,18.0,0.49218080509726436,3,41.0,0.4336735176327576,20,197.0
1085.0,29,214.0,2.9722222222222223,4.060130621131138,17,216.0,0.08290577901434214,9,55.0,0.28304760499976933,3,41.0,0.24446749027732437,29,312.0
1090.0,35,311.0,4.1466666666666665,3.314870181480691,23,318.0,0.06952221264990503,6,73.0,0.12257577470962977,6,47.0,0.27086138487323175,35,438.0
1095.0,27,249.0,3.276315789473684,4.018080605429338,19,359.0,0.17756179134318376,3,52.0,0.2818867323382332,5,56.0,0.3152323424072784,27,467.0
1100.0,18,127.0,1.6075949367088607,5.490608535606087,11,316.0,0.2507515196530287,2,58.0,0.47668109310075274,5,44.0,0.3251955165459667,18,418.0
1105.0,15,81.0,0.9418604651162791,6.020664950424859,8,227.0,0.24185350413757684,5,75.0,0.4782860140145745,2,40.0,0.32996710968614734,15,342.0
1110.0,20,63.0,0.6923076923076923,5.13481911503148,9,259.0,0.2598238776296947,6,78.0,0.3487567834347967,5,45.0,0.22602373016111119,20,382.0
1115.0,23,85.0,0.9659090909090909,4.71925191214434,11,303.0,0.18844985739716555,8,78.0,0.2799544553675173,4,54.0,0.30221036891078984,23,435.0
1120.0,17,54.0,0.6206896551724138,4.267523217085713,8,304.0,0.23934960707204025,3,95.0,0.252384339166619,6,47.0,0.260124613134236,17,446.0
1125.0,16,64.0,0.7191011235955056,5.49333567214495,5,237.0,0.23476779105739157,7,104.0,0.34625429749661146,4,50.0,0.34347127406580247,16,391.0
1130.0,12,36.0,0.3870967741935484,4.59126278789114,2,242.0,0.15509121748485716,7,111.0,0.2612142036826266,3,52.0,0.2875109742689807,12,405.0
1135.0,18,70.0,0.7446808510638298,4.814984960858278,7,267.0,0.20224420653821487,5,98.0,0.2543765280239833,6,51.0,0.24992863632046608,18,416.0
1140.0,13,41.0,0.4880952380952381,3.9781120348899472,8,256.0,0.22230060770801002,2,88.0,0.23400389743150507,3,51.0,0.22232041733997493,13,395.0
1145.0,13,39.0,0.4588235294117647,4.393346829840703,5,198.0,0.19900600270702373,6,106.0,0.29987576845455766,2,32.0,0.26619613301676476,13,336.0
1150.0,12,28.0,0.3218390804597701,4.6569580566760145,4,181.0,0.21827668524012941,4,103.0,0.3072213448428856,4,18.0,0.2590481884850215,12,302.0
1155.0,11,58.0,0.6304347826086957,4.979987139150474,8,209.0,0.2096903959630219,2,73.0,0.30008211950535363,1,20.0,0.3690276963748215,11,302.0
1160.0,15,73.0,0.7684210526315789,4.952133657659053,9,206.0,0.2225356215902864,3,43.0,0.3237450208167786,3,29.0,0.4350895051607078,15,278.0
1165.0,9,50.0,0.5434782608695652,5.087898831133689,5,155.0,0.20683248368280086,1,36.0,0.3482923396509398,3,41.0,0.5215863349381951,9,232.0
1170.0,11,38.0,0.3877551020408163,4.960631533835989,3,93.0,0.20841502644039395,5,52.0,0.3130945083725481,3,24.0,0.3204441711595547,11,169.0
1175.0,22,113.0,1.153061224489796,5.251931173995323,4,55.0,0.3022199091931539,10,89.0,0.31182500469846647,8,31.0,0.24595797647736078,22,175.0
1180.0,23,172.0,1.72,5.073706224383999,3,57.0,0.3536465959693331,7,101.0,0.2767618844436486,13,83.0,0.1743357736283657,23,241.0
1185.0,20,101.0,1.030612244897959,4.7168734221946265,1,48.0,0.34808044387922665,6,90.0,0.24333473912217668,13,124.0,0.22503940537447412,20,262.0
1190.0,21,83.0,0.8556701030927835,5.56476125479681,6,32.0,0.4042913387962732,7,82.0,0.23505446492060933,8,106.0,0.3266686464880172,21,220.0
1195.0,21,89.0,0.9368421052631579,5.301559501207914,5,45.0,0.33708416523606066,7,97.0,0.2768350355243303,9,95.0,0.35813434330636545,21,237.0
1200.0,17,56.0,0.5894736842105263,5.1012645904205165,4,36.0,0.2940669919146777,4,94.0,0.27813714331254197,9,126.0,0.28227791464367347,17,256.0
1205.0,19,94.0,0.9690721649484536,4.9152066936686,4,50.0,0.1874010793938866,7,103.0,0.3018322105792791,8,153.0,0.23470907572603275,19,306.0
1210.0,25,125.0,1.3440860215053763,3.785123551625296,9,78.0,0.11350497628851676,11,155.0,0.22285236412326714,5,153.0,0.18843178141238467,25,386.0
1215.0,24,113.0,1.2282608695652173,3.469233417054385,8,100.0,0.10763556648651317,11,182.0,0.1696936938453952,5,135.0,0.18889320417134575,24,417.0
1220.0,13,46.0,0.5054945054945055,4.612684461783594,3,84.0,0.28057841579466375,6,162.0,0.274337270963713,4,130.0,0.24933704666828557,13,376.0
1225.0,15,46.0,0.4946236559139785,5.758115165917803,3,54.0,0.3826970400904654,7,123.0,0.4378222656959509,5,118.0,0.25459610409432293,15,295.0
1230.0,14,62.0,0.6326530612244898,5.800172111812965,2,30.0,0.4657299001748387,3,129.0,0.35763551748576516,9,115.0,0.2853495251384787,14,274.0
1235.0,17,126.0,1.2475247524752475,5.708940562239949,1,14.0,0.38816536150324843,8,160.0,0.3079770563864267,8,134.0,0.28877761767228166,17,308.0
1240.0,24,146.0,1.489795918367347,4.630588199143867,6,27.0,0.2605115053577132,13,214.0,0.1502772265253029,5,118.0,0.2570498082913737,24,359.0
1245.0,30,159.0,1.7472527472527473,3.375881232719936,11,70.0,0.16609673394891195,13,239.0,0.10540525429550839,6,113.0,0.16786921004062516,30,422.0
1250.0,26,160.0,1.7777777777777777,3.4322859458289434,14,133.0,0.17581819524437503,6,205.0,0.16085432822388956,6,123.0,0.20827785188730857,26,461.0
1255.0,26,227.0,2.4945054945054945,4.668013838179643,16,210.0,0.2612157894249864,5,135.0,0.26958212784869406,5,109.0,0.296981702007965,26,454.0
1260.0,36,350.0,3.6082474226804124,4.395244169579773,21,302.0,0.2560353551166349,6,104.0,0.28489555659096016,9,131.0,0.29705967525926213,36,537.0
1265.0,36,440.0,4.356435643564357,4.352937908739443,25,412.0,0.15708880902672973,5,100.0,0.3082982008420628,6,127.0,0.33556282764577167,36,639.0
1270.0,36,396.0,3.7714285714285714,4.219261281877068,24,473.0,0.0862396525902892,4,114.0,0.32243902787697254,8,109.0,0.2582417320523866,36,696.0
1275.0,36,322.0,3.1881188118811883,4.0737789719146775,20,455.0,0.12295593175831405,2,95.0,0.3894670403328887,14,117.0,0.14635128172709508,36,667.0
1280.0,33,271.0,2.7653061224489797,3.7634735276092504,16,382.0,0.19750786440550494,5,85.0,0.2838708458770039,12,152.0,0.15325462058986986,33,619.0
1285.0,25,196.0,1.9029126213592233,4.750405507312142,12,428.0,0.2544747005802582,5,81.0,0.43543295426725065,8,144.0,0.2145045564877102,25,653.0
1290.0,22,137.0,1.2568807339449541,4.838861850335073,12,489.0,0.2217119586571623,1,72.0,0.3593068991600527,9,130.0,0.2352178474418111,22,691.0
1295.0,28,151.0,1.3981481481481481,4.25006186032084,14,555.0,0.1588067098674166,5,71.0,0.26040282286405664,9,162.0,0.2453530603517801,28,788.0
1300.0,45,292.0,2.8076923076923075,3.841193326052468,21,647.0,0.09733911132324025,13,119.0,0.20698448751768894,11,199.0,0.22307634612912017,45,965.0
1305.0,47,387.0,3.9896907216494846,2.6371131849312395,28,773.0,0.04928704717814901,11,144.0,0.11426666160760827,8,213.0,0.2194270321357258,47,1130.0
1310.0,45,509.0,5.3578947368421055,2.5956351697768336,32,928.0,0.08652631762177132,7,133.0,0.26010128762336365,6,207.0,0.24191433987195865,45,1268.0
1315.0,39,465.0,4.603960396039604,2.8311996188892468,31,991.0,0.07563488642946484,5,103.0,0.24419931204756082,3,209.0,0.29989876967502715,39,1303.0
1320.0,39,401.0,3.8190476190476192,3.774551527426146,26,948.0,0.07318269839382166,6,130.0,0.28913620390228745,7,213.0,0.24080466136612577,39,1291.0
1325.0,30,319.0,3.009433962264151,4.325127835792133,21,822.0,0.1330069175524718,2,114.0,0.42555757002012906,7,242.0,0.14297785060874174,30,1178.0
1330.0,29,286.0,2.7766990291262137,4.5393210825428065,12,725.0,0.3055603565942432,3,70.0,0.417425801685607,14,298.0,0.13511146480795264,29,1093.0
1335.0,22,226.0,2.1523809523809523,4.841841297653331,6,703.0,0.29699846437819666,4,58.0,0.4670271882844546,12,321.0,0.21132456354318938,22,1082.0
1340.0,24,159.0,1.5,5.064805002068129,7,727.0,0.2992190840217829,6,73.0,0.4223772714677022,11,296.0,0.25987889639711936,24,1096.0
1345.0,32,216.0,2.0,4.313837086269498,12,776.0,0.21641483625918947,8,100.0,0.39255689797335624,12,340.0,0.23720531482321602,32,1216.0
1350.0,33,172.0,1.6074766355140186,3.7725954541730253,12,749.0,0.19135986637995991,4,90.0,0.22171622804499289,17,412.0,0.18517180407117997,33,1251.0
1355.0,29,142.0,1.3148148148148149,3.8029924567676083,7,615.0,0.17919388723146637,6,66.0,0.25427470235696137,16,452.0,0.148298620912296,29,1133.0
1360.0,27,79.0,0.7383177570093458,4.496406616717708,9,416.0,0.2276681315356757,9,87.0,0.39254224525022297,9,412.0,0.16066811131176778,27,915.0
1365.0,20,79.0,0.7117117117117117,5.246181175878971,7,332.0,0.3046258245401889,6,93.0,0.4649936142746217,7,409.0,0.25759980991700493,20,834.0
1370.0,21,95.0,0.8482142857142857,5.415236313567965,6,221.0,0.3369151998261116,4,73.0,0.4585352296821246,11,436.0,0.22724643704918632,21,730.0
1375.0,17,54.0,0.46956521739130436,4.993034089526049,4,217.0,0.33861331392818883,4,48.0,0.37605184767924366,9,426.0,0.15669300144879847,17,691.0
1380.0,24,103.0,0.9196428571428571,5.192050463613755,8,209.0,0.29055549332871483,10,80.0,0.36111098384821055,6,363.0,0.19102710538328285,24,652.0
1385.0,25,84.0,0.8,3.922628057068724,9,206.0,0.1661207409195435,9,103.0,0.2504820074677196,7,340.0,0.18164076116190195,25,649.0
1390.0,24,77.0,0.7403846153846154,4.209190942561492,10,168.0,0.21272502669383428,6,85.0,0.2389953343431374,8,362.0,0.2156654597933145,24,615.0
1395.0,23,123.0,1.1826923076923077,4.677979251243124,8,193.0,0.28956116079340366,1,72.0,0.33567037123124444,14,423.0,0.18850897601679217,23,688.0
1400.0,32,229.0,2.201923076923077,3.9710106690166187,9,217.0,0.2176581430663804,6,92.0,0.21425905569205983,17,499.0,0.12440537693921501,32,808.0
1405.0,42,261.0,2.533980582524272,2.4862694157747365,10,212.0,0.15576314402780622,12,142.0,0.0692251186756787,20,508.0,0.08292122504321656,42,862.0
1410.0,39,205.0,2.0297029702970297,3.442365729500456,13,173.0,0.15835926022907518,13,177.0,0.27694277938684014,13,437.0,0.1770718401258058,39,787.0
1415.0,25,102.0,0.9622641509433962,4.065243213064965,11,202.0,0.21225545368919113,3,143.0,0.37309371012687537,11,442.0,0.21359328447687523,25,787.0
1420.0,28,110.0,0.9821428571428571,4.308921497027668,11,220.0,0.2206988615341266,2,114.0,0.2760824811802938,15,505.0,0.175702070800925,28,839.0
1425.0,46,249.0,2.2636363636363637,3.7114798983995136,18,267.0,0.16129136650857304,7,133.0,0.25664183139025437,21,594.0,0.12904718198649298,46,994.0
1430.0,39,234.0,2.2718446601941746,2.6578627112831463,18,300.0,0.15844820169388077,6,131.0,0.16050013866028995,15,589.0,0.13813114232317264,39,1020.0
1435.0,27,134.0,1.2641509433962264,4.312832131901705,13,286.0,0.21890498546234027,4,76.0,0.4089566953516001,10,487.0,0.2604273782346278,27,849.0
1440.0,19,72.0,0.6428571428571429,4.936582951798591,7,274.0,0.23108800714629574,4,38.0,0.5168560223883526,8,346.0,0.22521648030937447,19,658.0
1445.0,24,89.0,0.7739130434782608,5.091797606354066,11,288.0,0.2007771549013111,2,35.0,0.4645405384873394,11,253.0,0.24570069899770383,24,576.0
1450.0,30,152.0,1.3103448275862069,4.9776331059660395,13,293.0,0.12620340028577626,8,46.0,0.36146015995500447,9,225.0,0.31219638519424237,30,564.0
1455.0,20,79.0,0.7181818181818181,4.6937751811478385,7,252.0,0.1512722788636407,8,72.0,0.36671317907824175,5,205.0,0.3071638257310286,20,529.0
1460.0,13,45.0,0.4205607476635514,4.792803592691473,1,213.0,0.2493934297356302,4,61.0,0.27137584531445275,8,173.0,0.28755823305717476,13,447.0
1465.0,23,94.0,0.8703703703703703,4.419709028388454,7,229.0,0.22087200289807765,7,64.0,0.24758959432553038,9,175.0,0.26362601517550965,23,468.0
1470.0,20,69.0,0.6106194690265486,4.227368201471518,6,220.0,0.17591480229583645,4,66.0,0.32087453270455424,10,159.0,0.24766082146432983,20,445.0
1475.0,20,64.0,0.5565217391304348,4.1981962777933335,4,159.0,0.1878066849732325,9,67.0,0.28267164946252776,7,172.0,0.19035380466105117,20,398.0
1480.0,27,135.0,1.1538461538461537,4.935293024293314,5,106.0,0.21140842076661956,13,112.0,0.3178731968998894,9,188.0,0.1831264758087708,27,406.0
1485.0,29,205.0,1.8141592920353982,4.130503746858554,3,113.0,0.22681994129680816,16,186.0,0.16260979199666475,10,199.0,0.13637352467743732,29,498.0
1490.0,40,334.0,3.121495327102804,3.5145705337320035,8,136.0,0.1914545774654126,21,285.0,0.18375918020527288,11,175.0,0.1506496584985445,40,596.0
1495.0,44,345.0,3.2242990654205608,2.72097779643368,14,194.0,0.13411310810026592,19,330.0,0.11425463996671924,11,192.0,0.12565156029243987,44,716.0
1500.0,41,320.0,2.857142857142857,3.37771436592289,20,283.0,0.16963607680000423,12,310.0,0.20845884512887017,9,194.0,0.15702951794174824,41,787.0
1505.0,40,380.0,3.392857142857143,3.859813735350271,24,390.0,0.1982865378427825,5,300.0,0.25972002911679165,11,220.0,0.1826584389672144,40,910.0
1510.0,43,487.0,4.3097345132743365,3.3044372973825844,28,517.0,0.11614550787551504,7,326.0,0.17156436608546308,8,210.0,0.20261702248060964,43,1053.0
1515.0,54,637.0,5.398305084745763,2.7781736294212434,35,674.0,0.057246593470739154,7,308.0,0.24363689853903261,12,198.0,0.12576504739607636,54,1180.0
1520.0,55,829.0,6.908333333333333,3.2140000709681433,38,857.0,0.10396464872090089,2,226.0,0.3443841132748239,15,197.0,0.18851010768830198,55,1280.0
1525.0,58,1010.0,8.347107438016529,3.2186912052018686,42,1057.0,0.07131643190878786,4,123.0,0.3655557797840373,12,237.0,0.23657449228981217,58,1417.0
1530.0,61,1240.0,10.08130081300813,3.4897137916983074,45,1277.0,0.07655942988027406,6,65.0,0.35508047006774174,10,251.0,0.2909361354343674,61,1593.0
1535.0,58,1456.0,12.133333333333333,3.3800244256718996,47,1509.0,0.05623986494197444,2,45.0,0.42204179728409974,9,278.0,0.25184522777853363,58,1832.0
1540.0,62,1706.0,14.336134453781513,3.232995063497301,49,1751.0,0.057867927570598096,3,36.0,0.3009718032018325,10,291.0,0.18378097208179126,62,2078.0
1545.0,63,1617.0,13.820512820512821,2.679577772728886,44,1852.0,0.032369962010366266,8,66.0,0.2495137677684544,11,285.0,0.16503562031449379,63,2203.0
1550.0,62,1345.0,11.024590163934427,3.4811339617216603,35,1790.0,0.11939418949555572,12,121.0,0.34104365115658336,15,275.0,0.1525805441591304,62,2186.0
1555.0,55,1178.0,9.577235772357724,4.206165713461996,29,1577.0,0.1432782591304103,10,160.0,0.3981720791436084,16,312.0,0.1489572729944508,55,2049.0
1560.0,46,941.0,7.528,4.631440212486157,23,1414.0,0.18511668725001573,13,207.0,0.3311137732050923,10,316.0,0.21566671490714065,46,1937.0
1565.0,38,653.0,5.308943089430894,5.2475132149397,16,1242.0,0.2620830706427006,16,277.0,0.26961233187109357,6,283.0,0.2793604931044709,38,1802.0
1570.0,33,389.0,3.26890756302521,4.964085542092037,7,1263.0,0.2838543073722134,19,327.0,0.22427976665440327,7,267.0,0.3390897069954446,33,1857.0
1575.0,33,324.0,2.769230769230769,5.202350810537476,8,1254.0,0.3290974239515912,15,330.0,0.2203259200668424,10,262.0,0.33671433463546374,33,1846.0
1580.0,38,355.0,3.034188034188034,4.366182107429556,15,1293.0,0.2621349723660124,10,363.0,0.14084419438284895,13,295.0,0.28530660222799986,38,1951.0
1585.0,47,399.0,3.4695652173913043,3.2100230438504176,17,1249.0,0.11780733666570684,12,403.0,0.19273480540941326,18,370.0,0.15656345176893938,47,2022.0
1590.0,47,416.0,3.5254237288135593,3.366966942944639,17,1034.0,0.17094091200138253,7,401.0,0.2655022826931484,23,475.0,0.08402043978199585,47,1910.0
1595.0,47,440.0,3.6065573770491803,3.687930607921333,17,841.0,0.27490190591583147,8,341.0,0.23607070333907418,22,539.0,0.17505013283294726,47,1721.0
1600.0,40,382.0,3.056,4.484476927530932,12,700.0,0.24596412814730448,8,338.0,0.3352082213461957,20,539.0,0.21949132686027928,40,1577.0
1605.0,31,289.0,2.24031007751938,4.228737443517802,10,678.0,0.26558570366627876,5,341.0,0.2859039044860239,16,615.0,0.16733960324141345,31,1634.0
1610.0,31,262.0,2.046875,4.4784147351194346,9,649.0,0.29162310227290006,6,319.0,0.2012157536735406,16,693.0,0.14131851845869745,31,1661.0
1615.0,29,177.0,1.5258620689655173,3.3750139081882766,11,577.0,0.1877646115663444,6,269.0,0.15087671324255708,12,703.0,0.1429648436070916,29,1549.0
1620.0,25,109.0,1.0092592592592593,3.4150002860438216,12,384.0,0.15954303008556156,5,286.0,0.2789160347506472,8,637.0,0.19594474785148383,25,1307.0
1625.0,24,129.0,1.1025641025641026,4.363987710604524,6,332.0,0.21918516171981098,9,288.0,0.26466596969750855,9,532.0,0.2322375616527942,24,1152.0
1630.0,24,87.0,0.71900826446281,3.967560324824531,9,322.0,0.22073634603565298,7,276.0,0.22309988443631543,8,543.0,0.16960749047669127,24,1141.0
1635.0,20,72.0,0.6050420168067226,4.136570731059731,7,272.0,0.20278380786300287,6,208.0,0.14686004299658956,7,541.0,0.25258080745457195,20,1021.0
1640.0,25,133.0,1.1565217391304348,4.681878480154914,8,143.0,0.21688028753334776,6,130.0,0.2846080353959895,11,561.0,0.2708057837372426,25,834.0
1645.0,25,196.0,1.7043478260869565,4.60103519288564,7,113.0,0.22396945321184702,4,122.0,0.33785283329609117,14,619.0,0.23705064921650382,25,854.0
1650.0,35,328.0,2.9026548672566372,4.514647501197253,8,115.0,0.21559775929649735,7,125.0,0.40264486921581316,20,704.0,0.11633775178284285,35,944.0
1655.0,35,327.0,2.893805309734513,4.183026374069728,9,145.0,0.3416393853434014,6,104.0,0.31943186187993855,20,717.0,0.11207287798738821,35,966.0
1660.0,29,169.0,1.4322033898305084,4.60200989385041,6,127.0,0.3787837150271775,6,66.0,0.3081416504162978,17,640.0,0.2026913325384298,29,833.0
1665.0,24,135.0,1.1065573770491803,5.422464013694325,7,67.0,0.34464381693214907,5,67.0,0.32775625220188986,12,507.0,0.2822283227009384,24,641.0
1670.0,33,181.0,1.4958677685950412,5.342229099815556,13,76.0,0.29814548237209837,4,62.0,0.334915120104144,16,428.0,0.28029951529744673,33,566.0
1675.0,35,222.0,1.834710743801653,4.742488353218089,15,121.0,0.14137157153751445,5,54.0,0.26153860019596553,15,405.0,0.27641765947628166,35,580.0
1680.0,32,165.0,1.4224137931034482,4.494923182768065,13,139.0,0.15825551351872247,11,92.0,0.28094031302825484,8,390.0,0.2712079046814532,32,621.0
1685.0,31,171.0,1.4869565217391305,4.872978453050807,5,138.0,0.22850867881805467,16,164.0,0.23212252530946306,10,369.0,0.2816668680898858,31,671.0
1690.0,35,220.0,1.9298245614035088,4.508816911153997,8,158.0,0.21073386588946244,14,199.0,0.11561222853811015,13,372.0,0.25926902242322186,35,729.0
1695.0,40,190.0,1.7272727272727273,4.014261318323658,13,208.0,0.20639427218640846,14,192.0,0.15885266804281553,13,372.0,0.22553525440919595,40,772.0
1700.0,28,146.0,1.4038461538461537,4.4391386978618685,11,230.0,0.21654075728744332,9,158.0,0.3038658811138169,8,300.0,0.2819517489415447,28,688.0
1705.0,24,100.0,0.9174311926605505,4.7987805848296246,9,178.0,0.2073357155404626,3,174.0,0.3228176138523313,12,204.0,0.29558817238093676,24,556.0
1710.0,20,54.0,0.46956521739130436,4.706381162085957,8,198.0,0.19189243790113827,9,186.0,0.24032489323209733,3,198.0,0.28937047893176776,20,582.0
1715.0,28,99.0,0.8319327731092437,4.478632559640077,13,250.0,0.14734080649087114,9,194.0,0.20637305136889353,6,178.0,0.19641866895540747,28,622.0
1720.0,28,96.0,0.8571428571428571,3.77755927951964,13,266.0,0.19551590837064897,8,155.0,0.17811130242428652,7,181.0,0.23875303349326546,28,602.0
1725.0,21,73.0,0.6636363636363637,4.031210378074173,8,228.0,0.23612191434645644,6,177.0,0.2815184284156311,7,156.0,0.261667099386098,21,561.0
1730.0,19,49.0,0.4152542372881356,4.207615861566306,4,217.0,0.1920446550901477,8,180.0,0.2501233115739399,7,174.0,0.240860297432074,19,571.0
1735.0,28,102.0,0.8360655737704918,4.359673660560788,8,241.0,0.18874377068239298,9,184.0,0.20523012515827185,11,187.0,0.1870171448858193,28,612.0
1740.0,28,143.0,1.2434782608695651,3.797179373742545,7,247.0,0.19448856526517694,7,139.0,0.12090866139410672,14,247.0,0.18470002368934474,28,633.0
1745.0,22,115.0,1.0648148148148149,3.779559848378421,8,215.0,0.23427884424246237,4,133.0,0.2591029108573999,10,255.0,0.1851830983728502,22,603.0
1750.0,23,88.0,0.7857142857142857,4.183442464925737,6,232.0,0.1881142297892008,8,147.0,0.3108560842811865,9,200.0,0.19471253697793486,23,579.0
1755.0,30,123.0,1.0512820512820513,4.160949566301847,12,254.0,0.16815601062609808,8,138.0,0.19798236449495596,10,137.0,0.23868156479975053,30,529.0
1760.0,30,127.0,1.1140350877192982,3.8866662028925223,12,258.0,0.1391916451016911,8,89.0,0.23938523055358255,10,148.0,0.2525848570757599,30,495.0
1765.0,23,61.0,0.5304347826086957,4.255486680707359,13,229.0,0.17966292955837523,5,78.0,0.2624909349922624,5,153.0,0.3040249116669958,23,460.0
1770.0,20,104.0,0.896551724137931,5.146977611408418,10,188.0,0.19519665281809906,7,90.0,0.2811134280710465,3,155.0,0.3348096302489772,20,433.0
1775.0,17,65.0,0.5803571428571429,4.198528597553255,5,199.0,0.19986019855534473,8,105.0,0.19001412617568159,4,152.0,0.26470129335957987,17,456.0
1780.0,19,59.0,0.5221238938053098,4.3703641105270234,7,193.0,0.20419903707067796,8,87.0,0.17812846384643974,4,130.0,0.30819268311985903,19,410.0
1785.0,23,141.0,1.2818181818181817,5.182877170386374,14,222.0,0.2554388773440925,7,79.0,0.23589235040900028,2,96.0,0.36561051701449043,23,397.0
1790.0,23,165.0,1.5137614678899083,4.824059210628948,13,242.0,0.23440359944834424,8,95.0,0.28019836447673235,2,98.0,0.3603758272612225,23,435.0
1795.0,20,92.0,0.8363636363636363,4.769690125531586,12,215.0,0.21911370893929707,3,81.0,0.34278041325993236,5,109.0,0.30838990715104836,20,405.0
1800.0,25,120.0,1.0810810810810811,4.558813179616524,9,160.0,0.2255770378340852,6,55.0,0.3609560207706814,10,150.0,0.21363291993545092,25,365.0
1805.0,34,213.0,1.8362068965517242,4.205271323924307,10,138.0,0.25281050526816673,8,79.0,0.2625203744745174,16,219.0,0.15929331753710035,34,436.0
1810.0,44,361.0,2.959016393442623,4.36597552803272,10,163.0,0.35309985912788777,10,96.0,0.24650829881267325,24,320.0,0.16066152475693538,44,579.0
1815.0,35,370.0,2.9838709677419355,4.593777077882072,10,189.0,0.3841868526105283,4,97.0,0.26044672118246337,21,376.0,0.1884011893298309,35,662.0
1820.0,46,386.0,3.0634920634920637,4.411531060535661,13,234.0,0.3375639325626715,10,81.0,0.2719980930741811,23,376.0,0.10668321918458903,46,691.0
1825.0,42,310.0,2.4603174603174605,3.9517600934798844,11,241.0,0.24689657906471876,12,119.0,0.24818686470056378,19,466.0,0.1165358544813778,42,826.0
1830.0,46,277.0,2.216,3.8649181349908757,10,199.0,0.18957424295452874,14,157.0,0.12312572910819203,22,548.0,0.16145445396792146,46,904.0
1835.0,44,290.0,2.5,4.049930516284859,10,195.0,0.23088326494413317,12,164.0,0.14547558884886824,22,645.0,0.15598421337380763,44,1004.0
1840.0,46,390.0,3.4513274336283186,4.326600590947202,15,211.0,0.3008612343907725,8,153.0,0.20546163800864373,23,758.0,0.16231738319420122,46,1122.0
1845.0,45,454.0,4.127272727272727,4.447379643035145,16,259.0,0.3400820239921896,7,123.0,0.30773286552383744,22,782.0,0.17847446286321222,45,1164.0
1850.0,45,439.0,3.8508771929824563,3.755959890057851,19,326.0,0.22406449505061213,8,124.0,0.3376922836015885,18,719.0,0.1312590982598752,45,1169.0
1855.0,44,360.0,3.0252100840336134,4.029102397494874,16,354.0,0.19176681035812493,8,136.0,0.295212144316171,20,626.0,0.1671325679616078,44,1116.0
1860.0,38,252.0,2.0655737704918034,4.577340248534445,13,311.0,0.20861931990127303,5,143.0,0.38106800401477386,20,570.0,0.22120665856350963,38,1024.0
1865.0,29,147.0,1.185483870967742,4.665083148740286,12,236.0,0.2607409253432187,6,112.0,0.35630529575158104,11,598.0,0.24284088467206902,29,946.0
1870.0,24,89.0,0.712,4.449478168396768,10,263.0,0.2680218014626702,6,123.0,0.28317075161509436,8,608.0,0.2377398920331433,24,994.0
1875.0,30,147.0,1.185483870967742,4.790249700571352,7,270.0,0.2292560616161184,9,134.0,0.2080905443470621,14,649.0,0.2318878275954546,30,1053.0
1880.0,44,256.0,2.1880341880341883,3.4850598944157385,14,314.0,0.16539209385005726,15,172.0,0.12735614296966546,15,645.0,0.14407332309176268,44,1131.0
1885.0,52,325.0,2.9017857142857144,2.7870718925812716,20,398.0,0.12899790067832703,17,206.0,0.17103575590719858,15,583.0,0.11880533513426565,52,1187.0
1890.0,39,249.0,2.146551724137931,3.5074777520491223,17,418.0,0.170751479759693,8,185.0,0.2847262295923999,14,654.0,0.17041167646957378,39,1257.0
1895.0,29,145.0,1.1885245901639345,4.119657549990134,11,357.0,0.22788829825309984,3,184.0,0.28558278357616274,15,703.0,0.18539890494877317,29,1244.0
1900.0,31,140.0,1.1290322580645162,3.8776452467801175,11,362.0,0.17367871551264005,8,183.0,0.2810414230650516,12,688.0,0.12330660326618637,31,1233.0
1905.0,38,188.0,1.6491228070175439,3.3547296776669095,15,423.0,0.11756651446112977,13,228.0,0.20568933780121454,10,593.0,0.13399674171742898,38,1244.0
1910.0,37,167.0,1.4649122807017543,3.0268558359217095,14,435.0,0.12661691466402994,13,245.0,0.14610688633451935,10,624.0,0.1137681502450169,37,1304.0
1915.0,23,102.0,0.9026548672566371,3.841088602233237,5,362.0,0.22277517003952696,7,208.0,0.29521627829510505,11,664.0,0.1694346972311515,23,1234.0
1920.0,26,132.0,1.1478260869565218,4.723465171887725,2,236.0,0.36374059049689966,7,125.0,0.42337077719530203,17,732.0,0.1465142258930392,26,1093.0
1925.0,28,215.0,1.8376068376068375,3.971890228074254,3,240.0,0.30535693214719684,3,126.0,0.3908726379427544,22,831.0,0.11666699303814003,28,1197.0
1930.0,46,406.0,3.3833333333333333,3.7232876165256377,8,269.0,0.23392690249650003,8,150.0,0.18126098773783747,30,964.0,0.09208319570721651,46,1383.0
1935.0,59,621.0,5.262711864406779,2.487635872690701,14,324.0,0.13538029753667438,10,151.0,0.09580423551925878,35,1126.0,0.062206351054669026,59,1601.0
1940.0,60,694.0,6.087719298245614,2.134961111062248,21,411.0,0.12681270304377723,6,114.0,0.22559214167152142,33,1173.0,0.09262988219091861,60,1698.0
1945.0,62,615.0,5.040983606557377,2.836711995254837,22,447.0,0.17328597700945714,9,87.0,0.33198594850236474,31,1096.0,0.13738519031532043,62,1630.0
1950.0,53,531.0,4.248,3.608431571931256,16,410.0,0.19246216088485263,8,111.0,0.4329232046472105,29,919.0,0.10235621002772949,53,1440.0
1955.0,47,411.0,3.0902255639097747,4.293077623242365,13,427.0,0.15800583630793857,8,126.0,0.45559419633834614,26,864.0,0.15855950345319397,47,1417.0
1960.0,40,291.0,2.1555555555555554,4.72159214461165,15,498.0,0.17922732610578224,9,135.0,0.34152808649583255,16,843.0,0.23751757440847468,40,1476.0
1965.0,34,216.0,1.6488549618320612,3.9920273364467813,12,506.0,0.14005489430768847,14,185.0,0.17862319458773554,8,838.0,0.24576379675985932,34,1529.0
1970.0,32,146.0,1.1774193548387097,3.4259464988753603,8,439.0,0.15430917723349502,13,206.0,0.1508847542810342,11,795.0,0.2241586533354747,32,1440.0
1975.0,26,99.0,0.8048780487804879,3.848782697005365,2,398.0,0.2436551992192662,12,187.0,0.2811595798515134,12,689.0,0.18170959142186094,26,1274.0
1980.0,29,145.0,1.1507936507936507,3.8980073800178476,6,408.0,0.13891553749349844,7,200.0,0.28668425259782643,16,556.0,0.14722281685295657,29,1164.0
1985.0,35,194.0,1.5275590551181102,3.2237660848710616,13,454.0,0.07601776554082097,9,209.0,0.1839439514698104,13,578.0,0.15576939930423778,35,1241.0
1990.0,46,303.0,2.3671875,3.253435138090727,19,535.0,0.08268805293552602,17,266.0,0.1789556852038356,10,562.0,0.1870848219300378,46,1363.0
1995.0,47,333.0,2.685483870967742,3.185952027843271,18,550.0,0.14511917593169935,16,285.0,0.11021154331910371,13,567.0,0.15847466756285822,47,1402.0
2000.0,43,235.0,1.9262295081967213,3.490442534734319,12,469.0,0.2235020379955292,13,255.0,0.21329837378187763,18,568.0,0.19204519727520095,43,1292.0
2005.0,37,168.0,1.3548387096774193,3.6803052103525578,12,340.0,0.20393519208139485,10,302.0,0.3076005549292382,15,454.0,0.13515956081522335,37,1096.0
2010.0,34,110.0,0.8333333333333334,3.520745377146558,10,377.0,0.18471924183708438,10,334.0,0.22245106915386437,14,480.0,0.13486521356777018,34,1191.0
2015.0,43,209.0,1.548148148148148,3.743552268579964,14,415.0,0.17815478474357022,16,384.0,0.15236430278436358,13,517.0,0.14142548604698912,43,1316.0
2020.0,37,184.0,1.426356589147287,3.227467461579831,10,403.0,0.17709663564112313,17,396.0,0.11417559838160302,10,498.0,0.13267188577289274,37,1297.0
2025.0,32,119.0,0.9596774193548387,3.684624924287132,6,316.0,0.26768786216233026,16,341.0,0.2260221072274678,10,418.0,0.1750377875252762,32,1075.0
2030.0,26,100.0,0.746268656716418,3.902610515943834,7,331.0,0.24906738760741795,11,252.0,0.21678794688455874,8,405.0,0.19406201328079178,26,988.0
2035.0,32,165.0,1.213235294117647,4.357964503621476,10,358.0,0.29269134434684946,10,241.0,0.28461131895090563,12,414.0,0.1703401012169311,32,1013.0
2040.0,29,168.0,1.2537313432835822,3.6283065588202006,10,344.0,0.1385520258480142,6,218.0,0.274759732105613,13,452.0,0.1607468196814355,29,1014.0
2045.0,36,232.0,1.7846153846153847,3.7921457899843944,9,285.0,0.13764714253433516,7,193.0,0.32547778824452867,20,528.0,0.1300022303336469,36,1006.0
2050.0,42,376.0,2.8484848484848486,3.666965980949571,8,240.0,0.21255959006968636,7,175.0,0.22853577305643316,27,644.0,0.063450225128411,42,1059.0
2055.0,43,346.0,2.621212121212121,3.3464633646724957,4,238.0,0.2642161218034534,10,136.0,0.20486077610392286,29,681.0,0.10266293543891827,43,1055.0
2060.0,40,302.0,2.2706766917293235,3.6438171057251876,7,230.0,0.22859768482844925,5,112.0,0.3255859691850916,28,622.0,0.12877143547649847,40,964.0
2065.0,43,285.0,2.159090909090909,3.8206444770691546,10,236.0,0.1851074681748057,7,99.0,0.31149850513116195,26,557.0,0.14138683559348433,43,892.0
2070.0,45,264.0,1.9555555555555555,3.8683066933272645,13,215.0,0.1714224384641128,8,106.0,0.3039792007882003,24,567.0,0.18114297962714684,45,888.0
2075.0,35,246.0,1.8222222222222222,4.0231074272407295,8,214.0,0.17234081404361234,8,108.0,0.30265605229155235,19,531.0,0.25215604240209655,35,853.0
2080.0,33,271.0,1.9496402877697843,4.625602681855231,9,215.0,0.2249837645283426,9,107.0,0.2392084271132126,15,488.0,0.26859443526646165,33,810.0
2085.0,44,437.0,3.2857142857142856,4.279171476909791,16,242.0,0.1891584959320442,10,134.0,0.21744722391032228,18,499.0,0.32072808206716713,44,875.0
2090.0,41,467.0,3.564885496183206,4.227024197147373,15,260.0,0.1293055325401316,9,136.0,0.23957601770637746,17,518.0,0.37539047982168877,41,914.0
2095.0,36,325.0,2.462121212121212,3.9339502471727954,14,245.0,0.14127214254333698,7,96.0,0.2436842983067888,15,525.0,0.23514939527174064,36,866.0
2100.0,40,266.0,1.9558823529411764,4.706616317980157,15,209.0,0.13776182745528304,13,97.0,0.3012965134607748,12,468.0,0.18591920267733913,40,774.0
2105.0,42,283.0,2.193798449612403,4.464246956072429,11,215.0,0.23547176040594137,18,171.0,0.20708361537337028,13,481.0,0.13862718421853196,42,867.0
2110.0,45,343.0,2.7886178861788617,3.9819679617036043,8,203.0,0.2607478011400534,23,278.0,0.15743896067770782,14,441.0,0.14594879466772617,45,922.0
2115.0,47,463.0,3.704,3.4058086536005927,8,183.0,0.2682227625687497,29,410.0,0.02904727583370187,10,430.0,0.20436314597131863,47,1023.0
2120.0,53,623.0,5.065040650406504,3.426001111037038,7,179.0,0.20925591086767897,35,576.0,0.0373621737359554,11,373.0,0.20759090191579277,53,1128.0
2125.0,52,604.0,5.252173913043478,2.9320561878436155,11,160.0,0.19352755170819097,30,674.0,0.09146262213968721,11,352.0,0.17657792114944734,52,1186.0
2130.0,39,429.0,3.6666666666666665,3.325504126668687,5,175.0,0.24166873429644486,23,674.0,0.12991265700979032,11,305.0,0.22324722663108823,39,1154.0
2135.0,40,396.0,3.168,4.499997837239658,8,179.0,0.2888111552887262,19,626.0,0.15419555499895193,13,299.0,0.2872500733890438,40,1104.0
2140.0,39,319.0,2.6147540983606556,3.7912871007138147,7,176.0,0.19147529686363862,13,628.0,0.1998953274425183,19,374.0,0.21640041722695685,39,1178.0
2145.0,38,258.0,2.168067226890756,3.5440423464047375,9,152.0,0.14396376021116636,9,678.0,0.2211863892309528,20,398.0,0.1950211469825592,38,1228.0
2150.0,37,219.0,1.7950819672131149,3.413925226597634,9,182.0,0.1318798523946776,13,734.0,0.21273097408283836,15,338.0,0.14756717672798253,37,1254.0
2155.0,43,333.0,2.7520661157024793,3.881451883679103,10,186.0,0.16946540130569654,19,816.0,0.1685726148408623,14,283.0,0.1944632497111817,43,1285.0
2160.0,44,374.0,3.252173913043478,3.0733809082073558,11,224.0,0.1020349853432874,19,823.0,0.060961849579299954,14,299.0,0.1636185328816628,44,1346.0
2165.0,49,374.0,3.4311926605504586,3.070066387716419,15,291.0,0.12195082679091414,18,707.0,0.1300605060281163,16,309.0,0.19215301579616748,49,1307.0
2170.0,48,435.0,3.849557522123894,2.956308990204462,19,372.0,0.16774403606926114,13,777.0,0.14139688183275745,16,339.0,0.22746078942502754,48,1488.0
2175.0,52,479.0,3.958677685950413,2.9456291766179326,22,468.0,0.1250956939698575,15,847.0,0.1357670926839419,15,353.0,0.1965502543687615,52,1668.0
2180.0,48,422.0,3.430894308943089,2.468197068540783,21,498.0,0.07419625361900198,18,930.0,0.08996205129417262,9,340.0,0.14458755214452668,48,1768.0
2185.0,45,358.0,2.958677685950413,2.796484284405814,18,449.0,0.14019668491145007,15,908.0,0.17462006053792004,12,361.0,0.13584359175599994,45,1718.0
2190.0,37,284.0,2.236220472440945,3.357974576248022,17,485.0,0.19064631214844097,10,770.0,0.2519069224514145,10,373.0,0.16818188386691935,37,1628.0
2195.0,38,240.0,1.8461538461538463,3.9858847685955583,16,560.0,0.2542529715968904,9,549.0,0.19793396608558336,13,381.0,0.19587742442373468,38,1490.0
2200.0,43,297.0,2.302325581395349,3.621275029621543,15,639.0,0.24517530521347977,8,443.0,0.2407422039504155,20,458.0,0.14957193050266215,43,1540.0
2205.0,42,265.0,2.0703125,3.240104792986872,11,615.0,0.1873551477431406,5,385.0,0.28433157999258896,26,570.0,0.12233808673769808,42,1570.0
2210.0,37,223.0,1.7286821705426356,3.3832077761123776,7,525.0,0.20093600529621103,6,381.0,0.32508369341597837,24,643.0,0.08438491849121965,37,1549.0
2215.0,36,218.0,1.6515151515151516,3.7028769618892383,6,535.0,0.21087635737980762,9,353.0,0.23472310751698336,21,621.0,0.09566672580316941,36,1509.0
2220.0,43,226.0,1.7384615384615385,3.2892098455435144,13,577.0,0.17744563676971709,11,277.0,0.14250706276920136,19,661.0,0.14679320563987497,43,1515.0
2225.0,45,207.0,1.6299212598425197,2.827561601878291,12,573.0,0.1513594290643837,11,299.0,0.18670881350227309,22,650.0,0.1531639308823047,45,1522.0
2230.0,39,252.0,1.9236641221374047,3.5554802862603694,7,508.0,0.1853153139476757,10,321.0,0.219443052610964,22,628.0,0.1449903221312418,39,1457.0
2235.0,42,291.0,2.2384615384615385,3.9593436097885757,5,404.0,0.25151391860991024,14,365.0,0.2298240554766813,23,684.0,0.12927986658926593,42,1453.0
2240.0,34,214.0,1.671875,4.073482866757681,4,397.0,0.2198559336873952,15,367.0,0.2202570853814783,15,667.0,0.190505158555759,34,1431.0
2245.0,37,181.0,1.4836065573770492,3.861803272132617,9,413.0,0.18353087109752486,16,315.0,0.1358368794466375,12,641.0,0.24294038130534906,37,1369.0
2250.0,39,264.0,2.2564102564102564,3.978218463941577,11,406.0,0.22530516624379585,14,279.0,0.24860023624649535,14,664.0,0.2515576686158367,39,1349.0
2255.0,23,146.0,1.2372881355932204,4.060468885782128,5,353.0,0.32121800482300994,6,267.0,0.2814931918470773,12,656.0,0.2019063131883805,23,1276.0
2260.0,26,117.0,0.9512195121951219,3.932008882886763,3,317.0,0.2473891422420642,8,239.0,0.26110642751446533,15,566.0,0.1613793941295869,26,1122.0
2265.0,28,107.0,0.8359375,3.6228553537593977,8,320.0,0.1512191034099427,9,219.0,0.16253735801480212,11,602.0,0.18381234410933553,28,1141.0
2270.0,33,117.0,0.9512195121951219,3.2102627148385303,8,307.0,0.1519008184495651,10,187.0,0.15180372730208047,15,636.0,0.18255934727607429,33,1130.0
2275.0,25,88.0,0.7652173913043478,3.2788521367404417,6,245.0,0.22527622265161915,5,171.0,0.19463530368691698,14,642.0,0.19959091285289546,25,1058.0
2280.0,24,65.0,0.5327868852459017,3.9177050562751234,4,247.0,0.18493751189614796,9,174.0,0.27663744215354047,11,575.0,0.19507678565584607,24,996.0
2285.0,31,134.0,1.072,3.6133522275842567,10,262.0,0.14159799413439408,12,206.0,0.1868867421355311,9,598.0,0.14397840551087088,31,1066.0
2290.0,45,212.0,1.7520661157024793,2.798498641822668,17,327.0,0.06633274964307245,17,231.0,0.09948920783318888,11,617.0,0.12692509753187017,45,1175.0
2295.0,42,282.0,2.389830508474576,2.646050391516167,20,421.0,0.11844353879545827,12,219.0,0.1503793904513306,10,595.0,0.16064203163073112,42,1235.0
2300.0,36,267.0,2.3017241379310347,3.5902599748924318,18,435.0,0.18422871002079708,9,188.0,0.2798101424666779,9,510.0,0.20020002640309842,36,1133.0
2305.0,32,193.0,1.5691056910569106,3.824917538437343,12,364.0,0.20163677410924752,11,167.0,0.31009286350752957,9,525.0,0.2062095513825759,32,1056.0
2310.0,30,141.0,1.110236220472441,4.285549003608137,12,255.0,0.21620722886170493,7,148.0,0.35079872688202457,11,540.0,0.1863969251568701,30,943.0
2315.0,28,105.0,0.8267716535433071,3.9231174878818234,13,281.0,0.19658750516446744,6,120.0,0.3408103833132948,9,525.0,0.140395787816873,28,926.0
2320.0,31,118.0,0.9516129032258065,3.7844627637881563,16,342.0,0.20465525250140143,4,113.0,0.23848034098660895,11,453.0,0.15683788157224765,31,908.0
2325.0,29,142.0,1.1833333333333333,4.26517756185198,8,345.0,0.23926909300032434,6,103.0,0.2798547169138887,15,367.0,0.231288606970893,29,815.0
2330.0,28,100.0,0.8333333333333334,3.83835875569942,7,281.0,0.22771290440666955,7,96.0,0.2757409903575854,14,403.0,0.20351859249410217,28,780.0
2335.0,25,87.0,0.7131147540983607,3.6495066685307185,4,278.0,0.15991078811677253,8,99.0,0.2256979374480193,13,400.0,0.16313792214813505,25,777.0
2340.0,34,201.0,1.6475409836065573,3.876545137640459,8,298.0,0.16144906835953968,11,117.0,0.22381957914719472,15,430.0,0.14057114281244312,34,845.0
2345.0,40,268.0,2.3508771929824563,3.3874019851832275,8,294.0,0.15085028331448047,15,175.0,0.223593062480185,17,440.0,0.11612002952347258,40,909.0
2350.0,33,194.0,1.7477477477477477,3.421151835325462,7,256.0,0.15517727263739584,13,205.0,0.28052807958584847,13,373.0,0.1448168652600586,33,834.0
2355.0,27,125.0,1.0869565217391304,4.436696996739189,7,272.0,0.22445092906875896,9,179.0,0.2914933360907977,11,288.0,0.22428377509950057,27,739.0
2360.0,31,187.0,1.5454545454545454,5.177404088247912,9,306.0,0.2696770144769068,10,152.0,0.29833868833131444,12,270.0,0.24817425458046768,31,728.0
2365.0,32,197.0,1.6554621848739495,4.357875965651754,10,308.0,0.19957432299286326,8,152.0,0.24293138354299762,14,278.0,0.3236238863610522,32,738.0
2370.0,24,154.0,1.3391304347826087,4.248401777290185,5,258.0,0.170556691125711,8,167.0,0.28748931460342664,11,274.0,0.28990702911153565,24,699.0
2375.0,20,82.0,0.6890756302521008,4.4214728672266235,6,243.0,0.21054435849937833,6,171.0,0.2698331473838713,8,213.0,0.2333209016871933,20,627.0
2380.0,31,131.0,1.1101694915254237,4.625347904490763,11,274.0,0.22828006835707249,6,149.0,0.28665524151280014,14,236.0,0.28570807838056944,31,659.0
2385.0,34,230.0,2.0353982300884956,3.946573333585004,11,277.0,0.21810134168971057,8,131.0,0.18858462830294784,15,236.0,0.24939230649960056,34,644.0
2390.0,34,252.0,2.311926605504587,3.368062906476853,9,238.0,0.16716948202386112,9,148.0,0.2452187425229343,16,270.0,0.20266263807650398,34,656.0
2395.0,29,185.0,1.6228070175438596,4.450147086746277,8,194.0,0.22965512434406657,5,142.0,0.4218490130642059,16,267.0,0.19329701272573613,29,603.0
2400.0,19,91.0,0.7711864406779662,4.540051981858137,4,194.0,0.18602456454401212,3,79.0,0.48727912607845214,12,306.0,0.1316317709348777,19,579.0
2405.0,31,135.0,1.1440677966101696,4.4267890636462575,8,184.0,0.20348622751247541,7,67.0,0.23965859779982077,16,335.0,0.1502973401991869,31,586.0
2410.0,39,221.0,2.0849056603773586,3.1236428047928277,14,210.0,0.17130919254788923,8,83.0,0.04600521889066184,17,409.0,0.1103964189443963,39,702.0
2415.0,37,195.0,1.911764705882353,3.0081472157028286,15,233.0,0.16715627645652342,6,76.0,0.2187286430152562,16,434.0,0.12367936013558768,37,743.0
2420.0,23,117.0,1.1584158415841583,4.645871218545213,12,170.0,0.2544454542511483,1,60.0,0.5559832209199039,10,364.0,0.19304295018932086,23,594.0
2425.0,20,99.0,0.9339622641509434,5.303206455170196,11,157.0,0.23774773999518928,1,34.0,0.5981367208176274,8,294.0,0.19322178319492497,20,485.0
2430.0,13,60.0,0.5607476635514018,5.603707490605259,6,173.0,0.20718407673992642,0,25.0,0.6478548837912832,7,252.0,0.2599699047767823,13,450.0
2435.0,22,89.0,0.8165137614678899,5.648609052877112,12,180.0,0.19984967387571115,3,33.0,0.4533780882567015,7,202.0,0.3493728052012256,22,415.0
2440.0,19,110.0,1.0784313725490196,5.277270559347238,9,197.0,0.18935207097947193,2,27.0,0.37757236946309214,8,194.0,0.4116651775235504,19,418.0
2445.0,17,124.0,1.2783505154639174,5.460439612085678,8,179.0,0.230493780304066,2,16.0,0.3773650294636081,7,176.0,0.49573381406342815,17,371.0
2450.0,13,58.0,0.58,5.686071868351153,9,158.0,0.21948930184777704,3,15.0,0.3628747118685642,1,125.0,0.5290020484888359,13,298.0
2455.0,15,60.0,0.594059405940594,5.461782733426196,4,156.0,0.21322304576871665,8,43.0,0.2627699036629672,3,73.0,0.4694180658667295,15,272.0
2460.0,29,125.0,1.25,4.30396768889747,8,144.0,0.22378395259072745,15,101.0,0.1372166108640502,6,70.0,0.2594919601032708,29,315.0
2465.0,29,170.0,1.8085106382978724,4.007671555356606,14,182.0,0.14960522853014988,13,148.0,0.14953883412400984,2,47.0,0.32095849981446983,29,377.0
2470.0,23,121.0,1.3010752688172043,4.5590946903705225,14,214.0,0.16147567707687704,8,140.0,0.20612876103918037,1,22.0,0.5123626444697045,23,376.0
2475.0,17,73.0,0.7604166666666666,5.192404069377946,9,198.0,0.2340834474260555,6,109.0,0.2924010313599594,2,21.0,0.4738559107042699,17,328.0
2480.0,22,75.0,0.7653061224489796,5.502208234707474,9,212.0,0.21879911055628495,9,114.0,0.38790733547735495,4,33.0,0.49256627479047893,22,359.0
2485.0,23,113.0,1.13,4.3784330149135915,12,258.0,0.1241417810460092,7,120.0,0.3609479342152585,4,39.0,0.39759762772757323,23,417.0
2490.0,25,108.0,1.1020408163265305,3.3534583525117245,17,327.0,0.11269295878761708,5,119.0,0.3366597894958655,3,46.0,0.2949182964161646,25,492.0
2495.0,25,118.0,1.102803738317757,3.9209744439629692,15,354.0,0.15064786565786425,6,104.0,0.3074727214246072,4,49.0,0.23607062234328713,25,507.0
2500.0,27,108.0,1.0,3.8730355812983883,12,318.0,0.14990110942584492,5,114.0,0.31720591352753963,10,78.0,0.19695052369544083,27,510.0
2505.0,32,159.0,1.485981308411215,3.7260715969995046,11,325.0,0.15368905093118557,6,94.0,0.2940436398328804,15,142.0,0.21353631714717553,32,561.0
2510.0,28,133.0,1.2314814814814814,3.7503086468890707,14,386.0,0.10057766435104641,1,94.0,0.37014794041203763,13,173.0,0.16859281405297694,28,653.0
2515.0,22,79.0,0.7669902912621359,3.8031399963485373,11,389.0,0.12893363814300782,3,93.0,0.3193164284190123,8,161.0,0.18765218326863442,22,643.0
2520.0,19,65.0,0.6310679611650486,4.421143627763807,2,323.0,0.19062305209556,7,103.0,0.28112238080288093,10,124.0,0.23907787350271345,19,550.0
2525.0,12,68.0,0.6601941747572816,5.439793401366496,1,217.0,0.2643765143899924,3,87.0,0.3422423339044191,8,113.0,0.3526636948125191,12,417.0
2530.0,10,86.0,0.7889908256880734,5.465079367286692,2,217.0,0.2323328225515618,2,76.0,0.43326290905592624,6,125.0,0.38235441297987655,10,418.0
2535.0,13,128.0,1.1962616822429906,5.451621917463977,7,240.0,0.2302651566299996,2,49.0,0.33615936018970455,4,129.0,0.46329469735262413,13,418.0
2540.0,20,168.0,1.5849056603773586,4.580964866308624,13,293.0,0.17888971441044205,2,24.0,0.24912649902442058,5,135.0,0.44650867452391213,20,452.0
2545.0,26,120.0,1.1650485436893203,4.193472225049595,15,306.0,0.11670265703679665,7,39.0,0.24474408084974755,4,119.0,0.3563355088797007,26,464.0
2550.0,25,93.0,0.8857142857142857,3.684180517389463,10,248.0,0.1275172907434968,8,59.0,0.2589040375635205,6,143.0,0.19243935934024914,24,450.0
2555.0,19,78.0,0.75,4.39466998959867,8,203.0,0.20509061640800813,5,54.0,0.32759027690282644,6,165.0,0.2509948862540782,19,422.0
2560.0,21,63.0,0.5887850467289719,4.7138059720454315,7,179.0,0.27637477562400364,3,53.0,0.36382292444875564,11,173.0,0.22220258027222822,21,405.0
2565.0,18,99.0,0.9252336448598131,5.61771774012201,4,128.0,0.359861022926466,5,59.0,0.30897188715245,9,182.0,0.2816218737712998,18,369.0
2570.0,18,69.0,0.6448598130841121,4.603029911925166,4,114.0,0.3764169234543681,7,68.0,0.19691618351155976,7,165.0,0.2365559882689296,18,347.0
2575.0,22,90.0,0.8333333333333334,4.647232040359839,8,138.0,0.3442937779331378,4,68.0,0.1663834684730773,10,144.0,0.2257614208111517,22,350.0
2580.0,22,119.0,1.1226415094339623,4.89330830534148,14,194.0,0.27800817125198574,4,59.0,0.2392588267577657,4,134.0,0.30398299891983327,22,387.0
2585.0,24,120.0,1.1764705882352942,4.404150189281476,15,225.0,0.18408931332248923,3,51.0,0.32915756834562215,6,132.0,0.3159855583183735,24,408.0
2590.0,22,110.0,1.0377358490566038,4.106196990411995,13,202.0,0.1753358211293479,2,50.0,0.37716362470606996,7,145.0,0.2690359516545954,22,397.0
2595.0,23,119.0,1.072072072072072,4.713480718675093,11,166.0,0.23451983617949645,2,36.0,0.43664136797325237,10,163.0,0.24226549617775764,23,365.0
2600.0,23,167.0,1.4521739130434783,4.950480090662299,7,196.0,0.23078899494649205,4,45.0,0.46368937744715794,12,219.0,0.19734389642103764,23,460.0
2605.0,23,158.0,1.4107142857142858,4.145274742554084,8,234.0,0.18866402244432018,5,58.0,0.3339009373777908,10,228.0,0.1631381798561422,23,520.0
2610.0,27,120.0,1.0909090909090908,3.722298951444171,10,237.0,0.20751954118700477,5,64.0,0.20853857103788365,12,218.0,0.1560527644662638,27,519.0
2615.0,20,58.0,0.5370370370370371,3.8266363484445614,8,197.0,0.21804322441838905,3,72.0,0.22785394171881374,9,247.0,0.20091516286031416,20,516.0
2620.0,21,75.0,0.6944444444444444,3.920528541860066,3,175.0,0.2010201495627224,8,89.0,0.31724640957360906,10,247.0,0.16647955527003686,21,511.0
2625.0,26,123.0,1.1081081081081081,3.6018426556061147,8,199.0,0.1993250649214073,10,132.0,0.2099703652204052,8,241.0,0.12973832630415627,26,572.0
2630.0,41,249.0,2.2432432432432434,2.757898355498372,14,250.0,0.15456672533193716,17,201.0,0.07439399725090887,10,222.0,0.09788311515795381,41,673.0
2635.0,39,220.0,2.0952380952380953,2.3940856038670124,15,269.0,0.12308111178420458,16,241.0,0.09054157648560782,8,237.0,0.15654339597340092,39,747.0
2640.0,27,149.0,1.4326923076923077,4.0626894278562276,11,242.0,0.1900353268793698,10,194.0,0.31088182718896296,6,223.0,0.2302513750357836,27,659.0
2645.0,25,129.0,1.1727272727272726,4.855559050371721,10,177.0,0.21691231121765556,8,176.0,0.35245651052829324,7,220.0,0.25328808106658746,25,573.0
2650.0,21,127.0,1.1441441441441442,5.217940107068456,7,156.0,0.26373933609518735,8,183.0,0.422182098172213,6,183.0,0.2588163403440221,21,522.0
2655.0,26,177.0,1.6542056074766356,4.923017569524704,8,130.0,0.27531586002949454,6,163.0,0.44484870577993985,12,165.0,0.17049752129123225,26,458.0
2660.0,25,236.0,2.2476190476190476,4.996124238529571,4,131.0,0.40010876444353133,3,149.0,0.4652731242817132,18,238.0,0.12326500380399086,25,518.0
2665.0,27,243.0,2.3592233009708736,5.2667577592774215,4,124.0,0.5227157867743362,6,134.0,0.4024803062494277,17,276.0,0.08288051218429937,27,534.0
2670.0,24,119.0,1.1333333333333333,4.772083535600798,4,110.0,0.43445330991688524,8,146.0,0.28442361095750623,12,257.0,0.11792776005889179,24,513.0
2675.0,26,124.0,1.203883495145631,4.790269508689668,8,82.0,0.31546376702369666,7,131.0,0.2995707299699468,11,305.0,0.19454855000771532,26,518.0
2680.0,24,111.0,1.099009900990099,3.9959277610670334,8,87.0,0.2609589037365488,1,97.0,0.2415123053812305,15,371.0,0.17494915127872165,24,555.0
2685.0,26,95.0,0.9693877551020408,4.119333894846463,5,75.0,0.25470547406237787,8,93.0,0.3031936715666737,13,392.0,0.1490996923196447,26,560.0
2690.0,20,95.0,0.979381443298969,4.699532493398715,2,72.0,0.2642723238824987,12,147.0,0.30477003270524866,6,330.0,0.18188314653386214,20,549.0
2695.0,21,107.0,1.1263157894736842,4.857968028406138,6,95.0,0.22034661451015114,13,173.0,0.22609480317788014,2,252.0,0.23406590965362434,21,520.0
2700.0,24,116.0,1.2608695652173914,4.7881277167484475,13,144.0,0.1889295343747946,8,147.0,0.2803254078691279,3,208.0,0.3337763315983287,24,499.0
2705.0,18,84.0,0.9230769230769231,4.92047818557025,14,174.0,0.23003887004433796,2,86.0,0.3180847324594279,2,179.0,0.38238338440045283,18,439.0
2710.0,14,69.0,0.75,6.31143644868404,7,155.0,0.3447237209896936,1,54.0,0.49385511046473385,6,196.0,0.3961443005880313,14,405.0
2715.0,17,55.0,0.6111111111111112,6.382166933539466,7,114.0,0.27439957021699174,2,32.0,0.691689217336176,8,190.0,0.3595496590493545,17,336.0
2720.0,10,48.0,0.5333333333333333,6.040790920517817,3,125.0,0.27551901254042244,3,36.0,0.7186451132024291,4,130.0,0.329288295968026,10,291.0
2725.0,11,57.0,0.6129032258064516,5.154836755666649,8,152.0,0.19581426817471492,0,15.0,0.49898476729283175,3,113.0,0.2739860117124723,11,280.0
2730.0,21,58.0,0.6170212765957447,4.264655770291846,9,164.0,0.17360487852492404,8,23.0,0.333604765633903,4,105.0,0.22802979580983015,21,292.0
2735.0,17,55.0,0.5913978494623656,4.34127125598391,4,112.0,0.17877956488313634,6,48.0,0.27072065820739033,7,117.0,0.24199920405202943,17,277.0
2740.0,12,37.0,0.3978494623655914,5.565691962404498,1,65.0,0.35291366486884035,2,39.0,0.44425500187475025,9,133.0,0.2203577233458486,12,237.0
2745.0,12,27.0,0.29347826086956524,5.482374111895223,2,71.0,0.27429157731740134,3,39.0,0.5573806002148575,7,91.0,0.2354506750630924,12,201.0
2750.0,22,86.0,0.9148936170212766,5.030835918956876,9,96.0,0.20454869588570934,8,66.0,0.3698991994053771,5,70.0,0.30604229353550605,22,232.0
2755.0,32,221.0,2.3763440860215055,4.6031478950616815,14,158.0,0.15555058784570994,14,122.0,0.2515303278094541,4,51.0,0.3294098980375834,32,331.0
2760.0,40,334.0,3.630434782608696,3.5390127174004133,16,192.0,0.09202634615207417,18,203.0,0.1496576456778679,6,70.0,0.30703521314039267,40,465.0
2765.0,33,313.0,3.477777777777778,4.287441567465313,11,179.0,0.16298039404411693,15,240.0,0.1582418661339465,7,104.0,0.3059960549323833,33,523.0
2770.0,22,120.0,1.3333333333333333,4.682244665857277,12,234.0,0.21715571087279667,8,209.0,0.243269755279053,2,79.0,0.45207418455370546,22,522.0
2775.0,25,116.0,1.2473118279569892,5.032723960619063,14,300.0,0.19201049438271361,6,161.0,0.23943140378474617,5,29.0,0.4483755087231229,25,490.0
2780.0,26,151.0,1.6593406593406594,4.769690425160863,18,377.0,0.17229373782705557,4,109.0,0.34419145956398256,4,41.0,0.41334730386852586,26,527.0
2785.0,19,121.0,1.375,3.9923130018838915,17,407.0,0.0931188493052355,0,99.0,0.4081919792275969,2,39.0,0.40770884039562544,19,545.0
2790.0,27,100.0,1.0416666666666667,4.202957113623495,18,386.0,0.10629619105126041,5,117.0,0.3563916247293538,4,34.0,0.3717704411487102,27,537.0
2795.0,29,135.0,1.3636363636363635,4.458776492858608,14,391.0,0.14269788520703347,8,149.0,0.3457772825322827,7,59.0,0.24364451299995976,29,599.0
2800.0,31,176.0,1.8144329896907216,3.744314625196637,15,463.0,0.14220108934784925,10,193.0,0.15238585533390386,6,76.0,0.1493861004474368,31,732.0
2805.0,29,122.0,1.3555555555555556,3.0472516253403987,14,468.0,0.11534835603360691,10,207.0,0.1709625191793714,5,67.0,0.24102359792982853,29,742.0
2810.0,20,85.0,0.9550561797752809,4.899698093568634,8,383.0,0.19697231978195384,6,170.0,0.3890114729257484,6,57.0,0.33010966961978583,20,610.0
2815.0,11,40.0,0.43478260869565216,5.243897985995988,5,299.0,0.2113861399832732,4,163.0,0.3340542118545221,2,62.0,0.40528771086116205,11,524.0
2820.0,17,72.0,0.7659574468085106,5.2367611284548,5,235.0,0.24395858730655717,8,195.0,0.3174590275396557,4,58.0,0.38695525330283465,17,488.0
2825.0,15,110.0,1.134020618556701,5.519014973452713,3,176.0,0.345143562358356,5,193.0,0.3512038940951265,7,86.0,0.19901562493569167,15,455.0
2830.0,19,112.0,1.2444444444444445,5.3320331893814785,2,145.0,0.42890004105823387,3,119.0,0.3183392072565065,14,145.0,0.18958889605956927,19,409.0
2835.0,28,213.0,2.3666666666666667,4.783693039449401,7,159.0,0.3337397236033417,3,128.0,0.21225685302924746,18,223.0,0.1864550587996264,28,510.0
2840.0,35,265.0,3.1927710843373496,2.970899432985999,14,215.0,0.1331696712818826,7,153.0,0.2153492205556953,14,256.0,0.13452625670096838,35,624.0
2845.0,37,289.0,3.4404761904761907,2.5963191676940545,19,298.0,0.019767890526529174,8,156.0,0.2597636805335887,10,227.0,0.16801141151463433,37,681.0
2850.0,36,256.0,2.909090909090909,3.3926655982638234,21,348.0,0.1402215352359145,4,111.0,0.28762340104942286,11,276.0,0.21228334471720917,36,735.0
2855.0,27,181.0,2.011111111111111,4.203624034535049,12,316.0,0.2608221666995235,3,72.0,0.32524327101646416,12,334.0,0.21922932995758948,27,722.0
2860.0,24,168.0,1.768421052631579,5.038638673423876,7,228.0,0.2761929261801406,5,63.0,0.5238197933688529,12,396.0,0.25900609472189645,24,687.0
2865.0,21,150.0,1.5151515151515151,4.268722097889637,7,259.0,0.2342995583352726,5,70.0,0.5246846100417878,9,385.0,0.18641337310030387,21,714.0
2870.0,25,163.0,1.5825242718446602,4.1174552074868815,9,299.0,0.2040560542613059,7,98.0,0.3755500930667735,9,321.0,0.22641436197662013,25,718.0
2875.0,28,210.0,2.0,4.179494054658688,11,301.0,0.18875843271348844,6,126.0,0.40941899017984795,11,257.0,0.2116275875632919,28,684.0
2880.0,20,102.0,0.9622641509433962,5.049264183933903,8,256.0,0.22091526260439634,3,99.0,0.5614208648206522,9,250.0,0.2385576997002401,20,605.0
2885.0,20,75.0,0.7142857142857143,5.143967028860407,7,174.0,0.19431569461519768,5,37.0,0.5087918213597462,8,235.0,0.2317916454867206,20,446.0
2890.0,16,44.0,0.4230769230769231,5.060039270552821,3,181.0,0.19452508009811992,4,39.0,0.3935279698055498,9,242.0,0.2459494236645123,16,462.0
2895.0,17,62.0,0.6458333333333334,4.643787353996433,7,194.0,0.2224516332263993,2,21.0,0.40324229473085765,8,248.0,0.21783297687835235,17,463.0
2900.0,17,55.0,0.5851063829787234,4.029931260429274,6,184.0,0.17396145504799354,2,20.0,0.3684803160204065,9,188.0,0.2295779669662411,17,392.0
2905.0,16,82.0,0.8723404255319149,4.500726744584133,3,128.0,0.1995768245280285,8,46.0,0.37526667436823624,5,164.0,0.22287341430389357,16,338.0
2910.0,17,89.0,0.89,4.797455318145735,2,59.0,0.2854404610976464,11,94.0,0.2974407637031735,4,152.0,0.25116095879442923,17,305.0
2915.0,25,167.0,1.6868686868686869,4.447893476051697,3,52.0,0.2735539872896833,14,156.0,0.21040765003094689,8,135.0,0.18818898141101284,25,343.0
2920.0,34,272.0,2.7755102040816326,3.7424567818119083,7,76.0,0.20978737211478507,19,240.0,0.100211591214605,8,138.0,0.18260722164020307,34,454.0
2925.0,29,222.0,2.3617021276595747,3.2266772856239276,7,90.0,0.13541033983710432,17,287.0,0.14723742071214055,5,103.0,0.219245743189739,29,480.0
2930.0,18,114.0,1.2391304347826086,4.805195830369928,6,81.0,0.24922475657728824,10,258.0,0.2750043243409184,2,57.0,0.3480370392141711,18,396.0
2935.0,12,63.0,0.6494845360824743,5.47629925606751,2,62.0,0.35356267994377955,7,193.0,0.28677732961212904,3,56.0,0.34961151451874234,12,311.0
2940.0,12,53.0,0.5408163265306123,5.648445435336357,1,42.0,0.29810804673996744,5,148.0,0.3349812054267998,6,78.0,0.3715274443970639,12,268.0
2945.0,15,68.0,0.7083333333333334,4.986683184259949,6,62.0,0.23375075553271213,3,119.0,0.4062590192023599,6,77.0,0.3104998939940609,15,258.0
2950.0,13,38.0,0.4222222222222222,4.541130834411903,7,75.0,0.18061772294241482,2,98.0,0.44740946986120783,4,58.0,0.33470450329635776,13,231.0
2955.0,17,63.0,0.6774193548387096,4.683182452425039,5,62.0,0.19372817951238416,9,121.0,0.31739280104395357,3,41.0,0.29648954834668945,17,224.0
2960.0,10,25.0,0.2604166666666667,4.420475025035969,3,53.0,0.1636880016701974,5,118.0,0.3042751522135725,2,41.0,0.24183425694487343,10,212.0
2965.0,17,62.0,0.6326530612244898,4.2995329177333765,7,83.0,0.21305519651156762,1,70.0,0.3271915120653334,9,55.0,0.2031527355937446,17,208.0
2970.0,18,57.0,0.6,3.943234107248343,8,92.0,0.1729418390509875,2,28.0,0.27717883119585623,8,78.0,0.2824041634966024,18,198.0
2975.0,10,20.0,0.21978021978021978,4.343631288193453,6,78.0,0.18055735123730787,2,30.0,0.41680394490888006,2,59.0,0.2688762981343476,10,167.0
2980.0,13,41.0,0.43157894736842106,5.031332259289276,5,55.0,0.19276097679430124,6,51.0,0.4388500411156445,2,46.0,0.2335369459682904,13,152.0
2985.0,11,47.0,0.49473684210526314,6.294329253641454,2,51.0,0.30340436801134607,5,58.0,0.4116769439567301,4,29.0,0.2848540399808462,11,138.0
2990.0,6,38.0,0.4175824175824176,6.6086597096847335,1,40.0,0.35029087145160237,3,30.0,0.4091030302559064,2,35.0,0.451868200857357,6,105.0
2995.0,10,27.0,0.30337078651685395,6.543860774595985,6,56.0,0.28472473259891434,2,32.0,0.42219721461532606,2,10.0,0.4782238134288532,10,98.0
3000.0,14,48.0,0.5714285714285714,5.792070257788292,7,77.0,0.2744614383507581,2,32.0,0.4061175617749054,5,30.0,0.41860038761984353,14,139.0
3005.0,10,34.0,0.425,5.7005758306263825,4,65.0,0.2969657952795711,2,30.0,0.5520717411711271,4,44.0,0.3319765285480452,10,139.0
3010.0,10,32.0,0.3902439024390244,5.8466927795719235,5,62.0,0.27988043731254386,2,32.0,0.7302004093775029,3,28.0,0.2520503003834688,10,122.0
3015.0,9,32.0,0.3855421686746988,5.57634949347919,7,86.0,0.21882228420566607,0,23.0,0.594690699689218,2,26.0,0.3338029551613725,9,135.0
3020.0,10,45.0,0.5172413793103449,5.157214528159724,5,95.0,0.1546599815769942,4,24.0,0.4488477855612174,1,23.0,0.3643052245753364,10,142.0
3025.0,12,28.0,0.3333333333333333,4.978471087039397,8,81.0,0.18503589645936938,3,31.0,0.3817306564828146,1,10.0,0.37048046486427,12,122.0
3030.0,7,23.0,0.27058823529411763,5.444665963318078,2,77.0,0.24760284912083483,0,21.0,0.49150637438530226,5,31.0,0.31830460086456674,7,129.0
3035.0,12,41.0,0.4823529411764706,5.168420172187858,7,103.0,0.19445757375976636,1,16.0,0.4379976618186336,4,40.0,0.35599083995726544,12,159.0
3040.0,17,56.0,0.7088607594936709,4.082542625044773,8,115.0,0.1504559737881846,7,40.0,0.2707556288217219,2,28.0,0.32512490988237,17,183.0
3045.0,15,33.0,0.4074074074074074,3.9876133643764273,6,91.0,0.1599524304029609,5,55.0,0.31933468494134404,4,36.0,0.24570374652257468,15,182.0
3050.0,13,37.0,0.4457831325301205,4.396857404539971,4,104.0,0.22233101989043483,3,35.0,0.3371865732395717,6,60.0,0.2647731683800614,13,199.0
3055.0,12,50.0,0.5952380952380952,4.799185677758404,8,132.0,0.18883574539207976,0,16.0,0.49999546212087,4,67.0,0.32677943760061895,12,215.0
3060.0,15,91.0,1.1375,4.400453683748391,13,188.0,0.09024720279853511,0,12.0,0.690340780228507,2,49.0,0.39803893131210066,15,249.0
3065.0,16,88.0,1.0864197530864197,4.137047891976567,14,219.0,0.09001192484284601,1,7.0,0.7115313872790177,1,30.0,0.3853092235828634,16,256.0
3070.0,16,64.0,0.7619047619047619,4.9379352493830835,12,201.0,0.11902277039887833,2,13.0,0.6620507156188448,2,27.0,0.3893788353636163,16,241.0
3075.0,17,82.0,0.9647058823529412,5.607885383012272,10,178.0,0.15888657660391683,5,29.0,0.5310356972379706,2,19.0,0.4035008908591738,17,226.0
3080.0,13,63.0,0.7590361445783133,6.204496967803698,8,164.0,0.21670218308759492,4,39.0,0.4825871423526416,1,20.0,0.6070911280964418,13,223.0
3085.0,12,47.0,0.573170731707317,6.188196200473058,7,162.0,0.3049883477432121,3,52.0,0.4244662059688298,2,20.0,0.5165290810114133,12,234.0
3090.0,11,63.0,0.7974683544303798,6.149938249257214,3,151.0,0.45151281879654065,5,70.0,0.3120896326239017,3,30.0,0.5683863530609442,11,251.0
3095.0,13,79.0,0.9518072289156626,5.78389749770288,2,116.0,0.5351747576100458,10,111.0,0.17417729216654917,1,8.0,0.461152872236111,13,235.0
3100.0,18,105.0,1.3125,5.812430662137729,2,100.0,0.5992546486140694,12,142.0,0.15977956993101922,4,12.0,0.43506410485878333,18,254.0
3105.0,16,103.0,1.3037974683544304,6.21513084755421,3,89.0,0.5540003046279794,9,138.0,0.1868894516096332,4,27.0,0.5122368113283381,16,254.0
3110.0,13,103.0,1.3376623376623376,6.85478352523696,5,87.0,0.5378814924349125,7,115.0,0.28389674357980765,1,20.0,0.603808273924697,13,222.0
3115.0,10,101.0,1.3116883116883118,6.220253229642883,4,88.0,0.6110891311979124,6,142.0,0.2014855406351882,0,6.0,0.5791126786340824,10,236.0
3120.0,22,162.0,2.050632911392405,5.271846847906608,4,102.0,0.5079441426357111,12,194.0,0.1877153582012562,6,18.0,0.32678724649246643,22,314.0
3125.0,27,139.0,1.7820512820512822,3.6501861763520504,1,55.0,0.4027718354555395,14,260.0,0.15254079103598805,12,55.0,0.17841726203384697,27,370.0
3130.0,27,147.0,1.8846153846153846,3.864333514602265,5,15.0,0.295637349995605,13,287.0,0.12753107282342557,9,82.0,0.22554013104597867,27,384.0
3135.0,20,99.0,1.2857142857142858,4.953669186650982,5,42.0,0.42124799858042866,11,271.0,0.1542357749784672,4,77.0,0.3697951646476141,20,390.0
3140.0,20,123.0,1.5974025974025974,5.877166965685886,6,72.0,0.517179933272373,10,230.0,0.198045665784071,4,57.0,0.4436706620811731,20,359.0
3145.0,15,138.0,1.84,5.276857505545354,6,102.0,0.3978680773083767,6,256.0,0.18678476146687967,3,64.0,0.43394346993578997,15,422.0
3150.0,19,71.0,0.9594594594594594,3.772161243164005,5,91.0,0.20239020095313898,10,290.0,0.15315743963202638,4,67.0,0.31838745399674045,19,448.0
3155.0,27,145.0,1.9333333333333333,3.6730885214686024,2,34.0,0.3834782056196344,15,356.0,0.19195945495051786,10,93.0,0.1218632835413627,27,483.0
3160.0,34,238.0,3.1733333333333333,2.984662154229746,3,37.0,0.3945530232847894,20,445.0,0.1362916385846088,11,119.0,0.11257741258414496,34,601.0
3165.0,35,250.0,3.125,3.5792730461720788,8,71.0,0.28327850130851556,21,492.0,0.09840909739786542,6,105.0,0.26968988727940363,35,668.0
3170.0,24,159.0,1.9875,4.1972751031582485,4,70.0,0.3455250150917257,16,466.0,0.15184140421616843,4,90.0,0.3411567365888648,24,626.0
3175.0,18,93.0,1.1341463414634145,5.5215845088128885,1,30.0,0.5251649946139744,12,369.0,0.21838101746215485,5,108.0,0.38183926528248313,18,507.0
3180.0,17,82.0,0.9425287356321839,5.225909304783226,2,20.0,0.5021218057494758,10,411.0,0.22379077368148037,5,128.0,0.31203588912224867,17,559.0
3185.0,26,139.0,1.5444444444444445,4.429730767469059,5,39.0,0.348596679086474,11,459.0,0.18668693406424616,10,169.0,0.23573344806220162,26,667.0
3190.0,36,270.0,3.176470588235294,2.662639967605619,10,80.0,0.14033951183597915,12,519.0,0.13815283324520863,14,228.0,0.11561325141334124,36,827.0
3195.0,41,260.0,3.0232558139534884,1.9383396055141418,13,104.0,0.07396036350441816,14,513.0,0.10347933699392496,14,261.0,0.08246943313843604,41,878.0
3200.0,25,157.0,1.8255813953488371,4.163381562917709,4,83.0,0.3674363555134182,10,434.0,0.2324236971399651,11,254.0,0.19612618066800347,25,771.0
3205.0,23,103.0,1.1444444444444444,4.034277411423379,3,87.0,0.3446631269213263,7,434.0,0.1897918758037253,13,270.0,0.19907051465202735,23,791.0
3210.0,33,167.0,1.835164835164835,3.4811186273513655,7,115.0,0.2910588690145721,10,480.0,0.10777637634518716,16,338.0,0.14678131834175143,33,933.0
3215.0,25,113.0,1.2840909090909092,2.3707306471200487,7,117.0,0.17151103952448205,7,453.0,0.10555574168152768,11,357.0,0.11440915880449,25,927.0
3220.0,10,24.0,0.27586206896551724,4.538077615357536,3,78.0,0.3265372664185695,5,350.0,0.2575217833359871,2,265.0,0.255585000494593,10,693.0
3225.0,8,14.0,0.15730337078651685,5.531804386053478,3,74.0,0.349399257029693,3,234.0,0.26127310606476956,2,236.0,0.35652890520886865,8,544.0
3230.0,14,44.0,0.4782608695652174,5.202228655143424,8,99.0,0.3187585910003614,3,156.0,0.26919013688415977,3,242.0,0.3367352948252401,14,497.0
3235.0,15,50.0,0.5555555555555556,4.515362402193837,8,101.0,0.27030319796488883,1,130.0,0.35741006801449526,6,265.0,0.23535462874470522,15,496.0
3240.0,21,103.0,1.1195652173913044,3.850522780129128,3,48.0,0.22115766450607804,5,149.0,0.3159314325548882,13,317.0,0.1508527041436713,21,514.0
3245.0,20,96.0,1.054945054945055,4.526848452188587,2,33.0,0.3658003203446048,5,145.0,0.3827313537420689,13,335.0,0.11648700774574308,20,513.0
3250.0,12,48.0,0.5,5.339355601602295,1,15.0,0.43193961512458695,1,93.0,0.3921689827680211,10,306.0,0.18540795790078785,12,414.0
3255.0,12,42.0,0.4329896907216495,5.457191976013222,3,17.0,0.4637944463309573,2,42.0,0.334427268907724,7,304.0,0.2270900078244416,12,363.0
3260.0,23,104.0,1.0947368421052632,5.200652137384857,7,44.0,0.4062436503313866,3,34.0,0.29909718449271905,13,357.0,0.168111220870235,23,435.0
3265.0,26,160.0,1.797752808988764,4.4695466555412,6,64.0,0.32308016304345366,3,44.0,0.5115553795891018,17,433.0,0.15725741752575093,26,541.0
3270.0,20,149.0,1.7325581395348837,4.593594839409826,2,47.0,0.2784494505266234,3,61.0,0.6242706226797485,15,457.0,0.15492017960678287,20,565.0
3275.0,17,57.0,0.6477272727272727,4.632488857056791,2,23.0,0.3010041367830345,3,51.0,0.47415923490821615,12,409.0,0.11592868266107428,17,483.0
3280.0,20,74.0,0.8131868131868132,5.345659562323311,3,27.0,0.28098587794125235,6,35.0,0.4950901784519775,11,324.0,0.13900956832226902,20,386.0
3285.0,16,74.0,0.8314606741573034,5.36229474505109,8,52.0,0.24218890069740198,2,41.0,0.44255913940561076,6,280.0,0.22545840170227827,16,373.0
3290.0,13,37.0,0.43023255813953487,4.793724282779311,9,79.0,0.24323870400189443,0,13.0,0.3842801092510583,4,249.0,0.2906395383022365,13,341.0
3295.0,14,40.0,0.47058823529411764,4.8745467978694395,5,73.0,0.31305499704263073,1,7.0,0.37923325131808056,8,278.0,0.2588259336742223,14,358.0
3300.0,18,55.0,0.6470588235294118,4.365705313595902,3,56.0,0.2904557629348756,7,30.0,0.287863707572569,8,268.0,0.2011067692825713,18,354.0
3305.0,19,93.0,1.0689655172413792,5.133780376734355,2,40.0,0.3720692532764474,12,80.0,0.2995153523480657,5,203.0,0.19786161618167722,19,323.0
3310.0,12,69.0,0.7840909090909091,5.7115448639236455,2,42.0,0.3812221201490282,9,108.0,0.3328971079159906,1,138.0,0.25036167624513883,12,288.0
3315.0,12,53.0,0.6162790697674418,6.097643871201946,8,58.0,0.2885534631393549,3,80.0,0.2216212080701462,1,88.0,0.4221000130057329,12,226.0
3320.0,10,33.0,0.4024390243902439,6.114762024856489,8,79.0,0.2696731050505905,0,45.0,0.37312849878684334,2,71.0,0.4211880244370086,10,195.0
3325.0,13,47.0,0.5875,5.4886620840323435,3,62.0,0.310880220162675,3,53.0,0.33705868920956644,7,95.0,0.30755301844036653,13,210.0
3330.0,20,76.0,0.987012987012987,4.682431493431807,3,35.0,0.3393449245136132,9,80.0,0.26535880002383977,8,100.0,0.16517685764244797,20,215.0
3335.0,14,64.0,0.8421052631578947,5.431136587327828,2,31.0,0.49286654065414603,8,96.0,0.30354841794626847,4,77.0,0.1478509061235353,14,204.0
3340.0,7,15.0,0.19480519480519481,6.680367142894622,2,20.0,0.4807326272416295,3,70.0,0.36185533700466294,2,54.0,0.37111329246902164,7,144.0
3345.0,12,32.0,0.4050632911392405,5.279143220784584,6,33.0,0.36331736667712616,2,70.0,0.14528564056134205,4,64.0,0.325076588852819,12,167.0
3350.0,25,122.0,1.564102564102564,3.793504222554408,10,72.0,0.18456740583314726,7,97.0,0.1571608499215208,8,88.0,0.24446069181012078,25,257.0
3355.0,30,155.0,2.1527777777777777,2.4264728452083424,9,94.0,0.14461366269670048,8,112.0,0.10727291189523298,13,141.0,0.13388209833860215,30,347.0
3360.0,20,101.0,1.3289473684210527,3.855709356273677,2,72.0,0.3461803204970561,7,99.0,0.1922597877157107,11,173.0,0.18113103316292675,20,344.0
3365.0,15,54.0,0.6835443037974683,6.21044890866678,2,37.0,0.530198760919626,3,95.0,0.3622819598320839,10,152.0,0.3190082928404659,15,284.0
3370.0,17,81.0,1.0,6.523355224328162,1,17.0,0.6570519617587222,9,126.0,0.2805863672026182,7,121.0,0.3079289198089363,17,264.0
3375.0,14,66.0,0.8354430379746836,5.369695556671936,1,13.0,0.6714114883353675,9,141.0,0.2243757150042173,4,138.0,0.16986639553921276,14,292.0
3380.0,15,49.0,0.6621621621621622,4.849534673509064,0,2.0,0.6382971574877029,5,114.0,0.15794444843011304,10,172.0,0.1700539143409308,15,288.0
3385.0,11,31.0,0.43661971830985913,4.460108521511316,3,12.0,0.5008552290961024,5,139.0,0.1415481110112686,3,168.0,0.24882667518408594,11,319.0
3390.0,12,45.0,0.6617647058823529,4.283116332981323,2,17.0,0.42725564244223335,9,175.0,0.1839500117595391,1,123.0,0.31704634288382855,12,315.0
3395.0,15,95.0,1.3380281690140845,4.136062209188692,0,7.0,0.5049086015164553,14,240.0,0.19697818928383365,1,108.0,0.21889328443136505,15,355.0
3400.0,24,116.0,1.5675675675675675,3.2829604374905275,1,1.0,0.5648272503708157,15,266.0,0.08435689587439758,8,129.0,0.12250212308661315,24,396.0
3405.0,16,75.0,1.0273972602739727,3.987043204127084,2,7.0,0.625262343215368,11,242.0,0.12412224120535824,3,124.0,0.2164340600883501,16,373.0
3410.0,10,48.0,0.6575342465753424,5.224576853605456,2,17.0,0.6032994724654983,7,181.0,0.2568799597415256,1,92.0,0.29366742465419127,10,290.0
3415.0,12,41.0,0.5061728395061729,4.9688647978947165,6,33.0,0.49002618391478725,4,177.0,0.25819360439928124,2,78.0,0.33310830014938003,12,288.0
3420.0,16,46.0,0.5476190476190477,4.502681329930841,4,35.0,0.4383437594967658,8,206.0,0.2152757828275277,4,86.0,0.2596147321740483,16,327.0
3425.0,16,85.0,1.0119047619047619,3.350048858274877,2,33.0,0.37594546664626177,11,257.0,0.13285686543800573,3,78.0,0.16164208129330288,16,368.0
3430.0,20,88.0,1.035294117647059,3.65404215880668,4,35.0,0.26898842349693625,13,275.0,0.17749385983552404,3,60.0,0.18728408092560495,20,370.0
3435.0,19,100.0,1.1235955056179776,4.985383226313389,7,66.0,0.32194591174054205,8,223.0,0.2152995645939957,4,46.0,0.28035389520014675,19,335.0
3440.0,13,36.0,0.41379310344827586,4.957044583293358,6,74.0,0.31648096891815464,4,177.0,0.23384895487460872,3,37.0,0.33741590424806345,13,288.0
3445.0,12,38.0,0.4418604651162791,5.840088408800302,5,53.0,0.3645146860643875,2,123.0,0.2969601217105612,5,41.0,0.3450866108796622,12,217.0
3450.0,8,25.0,0.30120481927710846,5.929652620175314,4,70.0,0.3903896968738199,1,75.0,0.45733211312169947,3,42.0,0.31074768893094323,8,187.0
3455.0,10,41.0,0.5061728395061729,6.204508270303803,7,96.0,0.3602478264922226,1,43.0,0.6454500276815522,2,25.0,0.3139854265681658,10,164.0
3460.0,17,99.0,1.1927710843373494,5.493437660876881,12,147.0,0.27977472154698346,1,29.0,0.640085991872693,4,31.0,0.27205362029569885,17,207.0
3465.0,18,105.0,1.2962962962962963,4.308490672039865,11,168.0,0.2200989617028129,1,22.0,0.5823448802597248,6,49.0,0.24166304462690494,18,239.0
3470.0,13,83.0,1.0246913580246915,4.013652726966178,7,142.0,0.22783124274838887,1,26.0,0.6547587180939998,5,65.0,0.15920013394379537,13,233.0
3475.0,13,44.0,0.5365853658536586,3.7783746835700964,8,177.0,0.18355139706278947,1,5.0,0.6906040576441906,4,59.0,0.15409500340369334,13,241.0
3480.0,15,55.0,0.6470588235294118,4.49547632345958,11,224.0,0.15841178453263863,2,15.0,0.6819603533642755,2,39.0,0.17362507026952642,15,278.0
3485.0,17,94.0,1.0930232558139534,3.830145427352972,16,296.0,0.1129512220831976,0,10.0,0.5750838317652057,1,46.0,0.22564883661330204,17,352.0
3490.0,24,121.0,1.4404761904761905,3.958963444810564,16,328.0,0.15389177053299802,0,0.0,0.7834946111727504,8,71.0,0.23600666498466455,24,399.0
3495.0,20,90.0,1.0714285714285714,3.8823739611885526,13,300.0,0.18296895405744387,0,2.0,0.8317653650090078,7,91.0,0.16937279630266455,20,393.0
3500.0,14,60.0,0.7058823529411765,4.283082953738614,10,282.0,0.17072575746690288,1,4.0,0.6045541562937302,3,75.0,0.21511759332147942,14,361.0
3505.0,11,32.0,0.3595505617977528,5.1788198119971165,8,279.0,0.1665085159250956,2,12.0,0.7836342042867591,1,37.0,0.22425534236945655,11,328.0
3510.0,16,58.0,0.6744186046511628,4.797601798582159,14,334.0,0.17725121880317563,0,8.0,0.6605458849344612,2,41.0,0.21907159873054474,16,383.0
3515.0,26,134.0,1.5952380952380953,4.185548745417002,16,413.0,0.16485899396065556,1,2.0,0.6401392180639279,9,66.0,0.21201962119029769,26,481.0
3520.0,27,132.0,1.6923076923076923,2.7845492850882536,16,433.0,0.1177277639779018,3,5.0,0.12315592672797442,8,82.0,0.24906925749370118,27,520.0
3525.0,21,96.0,1.1851851851851851,3.7897885022319273,13,390.0,0.13285863580834745,5,29.0,0.4232976524253171,3,60.0,0.2093651053936028,21,479.0
3530.0,13,57.0,0.6867469879518072,4.694117301192594,8,301.0,0.175397963740518,2,32.0,0.6190397599388355,3,61.0,0.16351945149982436,13,394.0
3535.0,12,42.0,0.4827586206896552,5.672478047442074,3,247.0,0.3492180488735606,1,16.0,0.6151487340977244,8,88.0,0.15064239041294902,12,351.0
3540.0,13,41.0,0.47126436781609193,6.02968093897192,3,162.0,0.4479232976772546,1,6.0,0.7390589829931115,9,101.0,0.15799725233444323,13,269.0
3545.0,6,30.0,0.3614457831325301,6.6756369875347445,1,108.0,0.49942236536638135,1,13.0,0.707579378963993,4,85.0,0.2196985435017338,6,206.0
3550.0,6,35.0,0.4268292682926829,7.785289890135875,2,78.0,0.5724365056254306,2,23.0,0.7261103106168053,2,51.0,0.3121717909320134,6,152.0
3555.0,6,35.0,0.43209876543209874,7.8607000840453995,2,71.0,0.4880112788336354,3,31.0,0.6641402730423358,1,34.0,0.3974085029252917,6,136.0
3560.0,12,75.0,0.9259259259259259,7.2316077470858735,9,90.0,0.27085785138672114,2,41.0,0.7301056623992236,1,22.0,0.4054113028889782,12,153.0
3565.0,13,85.0,1.103896103896104,6.042911193645515,8,108.0,0.26735858262277784,3,52.0,0.5191486479529461,2,22.0,0.39777479195644977,13,182.0
3570.0,14,104.0,1.3866666666666667,5.812661137027859,4,85.0,0.32391610200478405,4,72.0,0.5324209685813898,6,43.0,0.3227655540680672,14,200.0
3575.0,15,117.0,1.56,5.217486160501121,2,49.0,0.32449440056353773,6,95.0,0.4955829279037617,7,65.0,0.20078228958077557,15,209.0
3580.0,12,130.0,1.7105263157894737,5.938045847028231,1,23.0,0.425946382718192,5,122.0,0.5874014086824465,6,64.0,0.16430648659212096,12,209.0
3585.0,10,155.0,1.9375,6.802022645184708,2,22.0,0.4081835608078013,6,146.0,0.5144075066509842,2,47.0,0.31763597318363074,10,215.0
3590.0,9,42.0,0.5185185185185185,6.875046769863831,7,46.0,0.2663019997923981,1,89.0,0.5935047807273455,1,36.0,0.45173001198760293,9,171.0
3595.0,11,59.0,0.7468354430379747,6.696035051923589,6,64.0,0.14181048936347815,4,19.0,0.4785414870651592,1,28.0,0.5421299315521795,11,111.0
3600.0,12,23.0,0.323943661971831,5.831868633594772,5,54.0,0.17163700738689144,5,32.0,0.36762176606230335,2,13.0,0.39869911430964533,12,99.0
