step,system_total_stopped,system_total_waiting_time,system_mean_waiting_time,system_mean_speed,A0_stopped,A0_accumulated_waiting_time,A0_average_speed,B0_stopped,B0_accumulated_waiting_time,B0_average_speed,C0_stopped,C0_accumulated_waiting_time,C0_average_speed,agents_total_stopped,agents_total_accumulated_waiting_time
5.0,0,0.0,0.0,0.0,0,0.0,1.0,0,0.0,1.0,0,0.0,1.0,0,0.0
10.0,0,0.0,0.0,7.109011963231024,0,0.0,0.4974209251030326,0,0.0,1.0,0,0.0,1.0,0,0.0
15.0,1,0.0,0.0,6.797299244533387,0,0.0,0.7549856887663265,0,0.0,1.0,1,0.0,0.2211734666742303,1,0.0
20.0,0,0.0,0.0,10.453274331582902,0,0.0,0.8543270717682042,0,0.0,0.6894032000872403,0,0.0,0.7213419819963192,0,0.0
25.0,1,0.0,0.0,7.945706566280163,0,0.0,0.37821650954039954,1,0.0,0.6035783449315247,0,0.0,0.733421164613006,1,0.0
30.0,3,12.0,1.0,7.825163559122994,1,4.0,0.6034337037527601,1,3.0,0.5019137487474331,1,5.0,0.6041981711977576,3,12.0
35.0,2,0.0,0.0,7.401926112219268,0,0.0,0.6050252606183064,0,0.0,0.8095963342647684,2,0.0,0.40512956543435946,2,0.0
40.0,3,8.0,0.4444444444444444,8.38814167985802,1,1.0,0.40823027472796536,0,0.0,0.663803839200113,2,7.0,0.509691726388938,3,8.0
45.0,1,1.0,0.07692307692307693,8.314674164017905,0,0.0,0.9899013502155668,1,1.0,0.487095560126811,0,5.0,0.540649500676523,1,6.0
50.0,2,10.0,0.7692307692307693,9.237148182751199,0,0.0,0.5037006484364487,1,10.0,0.7135384199115611,1,6.0,0.6458455345358276,2,16.0
55.0,1,0.0,0.0,8.159271147914046,0,0.0,0.7493110523339028,0,4.0,0.8968444352654884,1,2.0,0.3454319975194055,1,6.0
60.0,2,9.0,0.5625,9.015608904438462,0,0.0,0.6705924173915269,0,4.0,0.7204637837442331,2,11.0,0.3978223137041657,2,15.0
65.0,5,23.0,1.5333333333333334,6.5944341612410495,2,2.0,0.49144788016122753,0,0.0,0.6471393877003214,3,23.0,0.22317295651659008,5,25.0
70.0,1,0.0,0.0,7.334272087089024,0,1.0,0.766646682585696,0,0.0,0.3618521000313781,1,12.0,0.424286973286785,1,13.0
75.0,2,5.0,0.22727272727272727,9.985708917331758,0,1.0,0.8311205788992593,1,7.0,0.6270874871631825,1,0.0,0.6839098440453744,2,8.0
80.0,2,1.0,0.034482758620689655,8.627706010418333,2,2.0,0.5394262351526924,0,2.0,0.6687359557298032,0,0.0,0.6309745809967828,2,4.0
85.0,4,13.0,0.43333333333333335,8.931899272665799,2,9.0,0.19379978618925994,0,2.0,0.7724728568907269,2,5.0,0.631617711183031,4,16.0
90.0,1,4.0,0.14285714285714285,8.32751844242333,0,5.0,0.4949152360226037,1,6.0,0.45398054017642564,0,1.0,0.6515909347177917,1,12.0
95.0,2,5.0,0.18518518518518517,9.582739254555982,0,0.0,0.7179903657681104,0,1.0,0.5784445592238583,2,5.0,0.5218248650843883,2,6.0
100.0,7,24.0,0.8888888888888888,7.818574868265511,1,1.0,0.7282850808329996,1,0.0,0.6682498889138141,5,26.0,0.2628568717496479,7,27.0
105.0,3,17.0,0.6296296296296297,9.157677921317473,0,1.0,0.8211088637532715,0,0.0,0.9024347013320411,3,37.0,0.36471159074116827,3,38.0
110.0,2,0.0,0.0,9.473204249111902,0,1.0,0.8181401797611025,0,2.0,0.78622695131454,2,22.0,0.5388386025706764,2,25.0
115.0,4,8.0,0.2857142857142857,8.913405525287615,1,3.0,0.5482186788823099,3,8.0,0.6427103018810846,0,0.0,0.6684901788615577,4,11.0
120.0,2,1.0,0.034482758620689655,7.079770663372441,0,1.0,0.3195161542084409,1,6.0,0.6448519615641591,1,1.0,0.5385871111032517,2,8.0
125.0,4,12.0,0.4,9.729263918389439,0,0.0,0.688769501086325,0,2.0,0.8148900284850129,4,14.0,0.506496759754698,4,16.0
130.0,5,28.0,1.037037037037037,8.851508323676352,1,0.0,0.7943377954211519,1,3.0,0.6669634003350612,3,29.0,0.37633061411819885,5,32.0
135.0,4,17.0,0.5862068965517241,9.422780147138072,0,0.0,0.7590170296281171,2,11.0,0.6240716900565862,2,33.0,0.5374421059744822,4,44.0
140.0,3,19.0,0.6129032258064516,10.013115783578943,1,0.0,0.7267570510241286,2,21.0,0.6498483571819429,0,9.0,0.5407093622120794,3,30.0
145.0,4,31.0,0.96875,8.871851483343576,1,1.0,0.5185133119140464,2,31.0,0.6573288381901143,1,5.0,0.5559465730977978,4,37.0
150.0,9,66.0,2.0,8.705662871745576,5,17.0,0.42192301192441867,2,39.0,0.5495812574799993,2,14.0,0.6774778479331467,9,70.0
155.0,3,26.0,0.8125,7.134932672463977,1,22.0,0.4792945805615025,0,0.0,0.4494069368494921,2,24.0,0.3530036112689391,3,46.0
160.0,3,4.0,0.13333333333333333,7.794531309329018,1,6.0,0.6734871335490223,2,6.0,0.48865213873939173,0,19.0,0.2902698487027658,3,31.0
165.0,1,0.0,0.0,9.754047886207669,0,0.0,0.7903308047308576,1,12.0,0.5978471691390321,0,0.0,0.6236303467733073,1,12.0
170.0,1,5.0,0.14705882352941177,11.635011649257697,0,0.0,0.8416552491819614,1,7.0,0.7740048895955581,0,0.0,0.8918057908496404,1,7.0
175.0,1,10.0,0.3125,10.97891110826841,0,0.0,0.8320087263760777,1,12.0,0.6976130865230888,0,0.0,0.8437562331838927,1,12.0
180.0,1,3.0,0.1,8.704514324453088,0,0.0,0.8260650133471031,0,3.0,0.4202420609072817,1,3.0,0.6688013306151358,1,6.0
185.0,7,17.0,0.53125,6.454447822923355,2,1.0,0.38302104059747927,5,16.0,0.3708962988545974,0,0.0,0.4926507146122242,7,17.0
190.0,7,19.0,0.5588235294117647,7.3092882965622294,4,17.0,0.36220607915619457,0,19.0,0.4697263531048357,3,2.0,0.4631156604118507,7,38.0
195.0,1,4.0,0.10810810810810811,9.40167977364793,0,14.0,0.6008273403310553,1,6.0,0.609418335414434,0,2.0,0.7666239083389353,1,22.0
200.0,2,2.0,0.05405405405405406,10.488257036528616,0,2.0,0.8555398421870576,2,6.0,0.6443765910080262,0,2.0,0.7628950630676106,2,10.0
205.0,2,10.0,0.2777777777777778,10.15001120612107,0,2.0,0.8871285004167199,2,14.0,0.5470526372208672,0,2.0,0.7571814505685306,2,18.0
210.0,0,0.0,0.0,10.942463117553725,0,0.0,0.9314173047470014,0,5.0,0.6811246933911173,0,0.0,0.8855115633122035,0,5.0
215.0,2,5.0,0.16666666666666666,10.704583018565563,0,2.0,0.9491139481199427,2,5.0,0.7186528909512873,0,2.0,0.7884942640657069,2,9.0
220.0,6,21.0,0.65625,9.694793027762714,2,2.0,0.5049896710943396,3,16.0,0.6394108467388011,1,7.0,0.7598350429156675,6,25.0
225.0,3,12.0,0.3870967741935484,9.103076880424055,0,0.0,0.8626873602423613,2,6.0,0.4271891001689716,1,14.0,0.6925992183506101,3,20.0
230.0,6,34.0,1.1333333333333333,8.634367630969255,1,0.0,0.5964324373361024,4,19.0,0.33262464488570354,1,17.0,0.6894291188075928,6,36.0
235.0,4,27.0,0.9,7.9376564058764325,0,0.0,0.723126558995397,2,21.0,0.12020059897121088,2,22.0,0.5227257748521937,4,43.0
240.0,4,31.0,1.1481481481481481,9.601275474634791,3,8.0,0.5547841583093643,0,9.0,0.48349235872646,1,27.0,0.7469292581667637,4,44.0
245.0,2,32.0,1.28,9.304697967488194,0,6.0,0.6704738038676671,0,0.0,0.9589763599161233,2,34.0,0.5575553632088077,2,40.0
250.0,1,0.0,0.0,9.758608893298423,0,0.0,0.8711021887035855,0,2.0,0.8630613487791415,1,10.0,0.40916276256703066,1,12.0
255.0,3,9.0,0.4090909090909091,10.216309444357266,0,0.0,0.743795499164311,0,2.0,0.8852742689104867,3,11.0,0.268407229032157,3,13.0
260.0,4,28.0,1.4,9.257986903123024,0,0.0,0.7133030650247556,0,2.0,0.8986723476968721,4,30.0,0.19063096931755102,4,32.0
265.0,2,4.0,0.23529411764705882,8.641752346321704,2,4.0,0.32079512033244956,0,0.0,0.8241404933455185,0,16.0,0.6191451593023809,2,20.0
270.0,1,0.0,0.0,9.006829264466003,0,6.0,0.4260685571319167,0,2.0,0.9709755826339314,1,0.0,0.6072350963670452,1,8.0
275.0,0,0.0,0.0,11.478312663444008,0,0.0,0.7424194115240743,0,2.0,0.9034689302581063,0,0.0,0.8694519838532473,0,2.0
280.0,1,0.0,0.0,10.129502331068593,1,0.0,0.0,0,2.0,0.8544984314555489,0,0.0,0.6767173521590026,1,2.0
285.0,2,7.0,0.4117647058823529,7.6410208396279335,0,0.0,0.6633177819315649,0,0.0,0.45592440496448994,2,7.0,0.2934769681560902,2,7.0
290.0,1,4.0,0.3076923076923077,8.646560055553357,0,0.0,0.9186493625037269,0,0.0,1.0,1,14.0,0.3476163720601545,1,14.0
295.0,0,0.0,0.0,10.97353615233172,0,0.0,0.7703016308504487,0,0.0,0.925491710634773,0,4.0,0.5366273435095086,0,4.0
300.0,2,0.0,0.0,9.676800493118499,1,0.0,0.6396730718981054,1,0.0,0.7289593492685623,0,0.0,0.11481387948444144,2,0.0
305.0,0,0.0,0.0,8.877911272353877,0,0.0,0.5713222895825935,0,0.0,0.706802237061846,0,0.0,0.42809060536064525,0,0.0
310.0,4,12.0,0.631578947368421,8.397965463649331,3,9.0,0.5174830011439098,1,3.0,0.3126485105096253,0,0.0,0.9615303308352209,4,12.0
315.0,2,0.0,0.0,8.14408076170549,1,7.0,0.6347682313421987,0,3.0,0.4425477435450603,1,0.0,0.4998237600439399,2,10.0
320.0,0,0.0,0.0,9.507822992195825,0,2.0,0.60153982162876,0,0.0,0.8670550679098086,0,1.0,0.5714911719422722,0,3.0
325.0,4,15.0,0.7142857142857143,10.405064665722131,1,7.0,0.7705955954929881,1,2.0,0.7316637236344763,2,9.0,0.6191894102043973,4,18.0
330.0,1,7.0,0.35,9.218831435435181,0,2.0,0.7086377832437203,1,7.0,0.653079934248011,0,6.0,0.588507163964677,1,15.0
335.0,4,19.0,0.95,7.497962251758798,2,9.0,0.11997579420107171,1,14.0,0.7079123675410005,1,0.0,0.5379214698089106,4,23.0
340.0,1,1.0,0.045454545454545456,8.338754574172121,0,7.0,0.26001874444549583,1,3.0,0.6978119065329118,0,0.0,0.7617437161344685,1,10.0
345.0,1,6.0,0.25,10.682755865053068,0,2.0,0.6497180480091687,1,10.0,0.7366671181085879,0,0.0,0.8368192436523351,1,12.0
350.0,2,2.0,0.07692307692307693,9.405210524494818,2,4.0,0.5623747929712227,0,2.0,0.7182926866294803,0,0.0,0.700904208144463,2,6.0
355.0,1,7.0,0.30434782608695654,10.4045368160056,1,7.0,0.7824329363296862,0,0.0,0.8620587039612192,0,2.0,0.6218266345321584,1,9.0
360.0,1,12.0,0.5714285714285714,11.04294264122023,1,12.0,0.7218017923111437,0,0.0,0.9550739188168597,0,2.0,0.9525237968665224,1,14.0
365.0,1,17.0,0.7083333333333334,10.774525855524265,1,17.0,0.70555094263187,0,0.0,0.938548225467661,0,2.0,0.7432144913824882,1,19.0
370.0,2,24.0,0.96,9.2819779044512,1,22.0,0.5547530442032247,0,0.0,0.6451707277594128,1,4.0,0.6212822149213154,2,26.0
375.0,5,45.0,1.8,8.216764483378848,1,27.0,0.6656598345141083,2,7.0,0.5846614630755381,2,13.0,0.21801083469872723,5,47.0
380.0,7,49.0,1.8148148148148149,5.709566522334587,0,0.0,0.45955074300579785,3,20.0,0.45565019552330044,4,31.0,0.037313672125688147,7,51.0
385.0,3,14.0,0.56,6.898926816748234,2,6.0,0.4774106631784737,0,11.0,0.536185022780686,1,29.0,0.388231423133076,3,46.0
390.0,4,19.0,0.76,7.817048809052742,4,21.0,0.44185356417289423,0,1.0,0.5545212530856903,0,10.0,0.6879157782634148,4,32.0
395.0,7,46.0,1.5333333333333334,7.869379348404901,4,40.0,0.48315293072163507,1,5.0,0.3862336932569458,2,6.0,0.6430633317564969,7,51.0
400.0,5,21.0,0.5833333333333334,7.267530580408705,4,41.0,0.4180063579771527,0,2.0,0.635835601731481,1,11.0,0.5992227691752244,5,54.0
405.0,2,5.0,0.1388888888888889,9.611585539326715,1,9.0,0.6062855799818632,1,5.0,0.7046850189594853,0,0.0,0.7521609140615261,2,14.0
410.0,5,16.0,0.43243243243243246,8.438079727991509,1,8.0,0.5255487896217916,1,10.0,0.7486472874764901,3,1.0,0.3192818636729815,5,19.0
415.0,3,19.0,0.48717948717948717,8.516205860403458,3,19.0,0.5056596950088036,0,2.0,0.755136039998806,0,3.0,0.45108261220383084,3,24.0
420.0,4,34.0,0.9714285714285714,9.892031120893892,3,36.0,0.6227968320076748,0,0.0,0.8550741247350319,1,0.0,0.6937372724966037,4,36.0
425.0,4,4.0,0.10526315789473684,8.676533660736844,2,12.0,0.5181139488369698,0,2.0,0.6985359472278434,2,4.0,0.6261376818441664,4,18.0
430.0,3,13.0,0.34210526315789475,8.889973667127187,2,10.0,0.4286229574147717,1,7.0,0.7479743133328511,0,4.0,0.6531689771809831,3,21.0
435.0,3,18.0,0.43902439024390244,8.131995079726485,1,14.0,0.5210497045410166,1,12.0,0.5260890016091556,1,4.0,0.6140854291486615,3,30.0
440.0,3,8.0,0.20512820512820512,7.747222869837695,1,7.0,0.5606294190397682,2,9.0,0.5994552315438976,0,1.0,0.4847006939578077,3,17.0
445.0,7,31.0,0.7560975609756098,9.166924694838139,2,12.0,0.6476172674579923,5,25.0,0.6012294071831784,0,0.0,0.6129851963457864,7,37.0
450.0,3,23.0,0.5609756097560976,9.015992312866512,3,23.0,0.4506495286621994,0,25.0,0.6136108118008526,0,0.0,0.6692787405284901,3,48.0
455.0,4,9.0,0.23684210526315788,8.515959378376849,0,19.0,0.529432497095238,3,12.0,0.5039270288579301,1,3.0,0.7127835693494449,4,34.0
460.0,1,2.0,0.05263157894736842,8.230836059642453,0,2.0,0.6777840459272005,1,8.0,0.292331895791334,0,2.0,0.6691094630072607,1,12.0
465.0,10,29.0,0.7837837837837838,7.367222309157716,1,7.0,0.7143930629208736,7,25.0,0.03059363976781382,2,3.0,0.4415072548130216,10,35.0
470.0,5,16.0,0.48484848484848486,6.665943548180344,0,0.0,0.4920969062721614,4,41.0,0.15937089392724363,1,0.0,0.4877785872466573,5,41.0
475.0,1,0.0,0.0,9.325210960445435,1,2.0,0.7108381272413734,0,26.0,0.5534773753704924,0,2.0,0.7216346963568471,1,30.0
480.0,3,8.0,0.22857142857142856,10.316519522682217,1,6.0,0.708614033829871,1,12.0,0.7353714030504347,1,2.0,0.698439144348361,3,20.0
485.0,5,14.0,0.3888888888888889,8.87533609353956,2,14.0,0.5507042084058436,0,8.0,0.6583405009114127,3,4.0,0.6471112310205434,5,26.0
490.0,4,17.0,0.5151515151515151,7.467153748979234,0,9.0,0.39181358046629516,3,18.0,0.22337613289633054,1,7.0,0.6859634424973945,4,34.0
495.0,1,2.0,0.05555555555555555,7.0873655157547475,0,0.0,0.44617678041162934,1,14.0,0.5435407586925796,0,0.0,0.4592440858129321,1,14.0
500.0,7,17.0,0.425,8.913263360337089,1,2.0,0.7448197924478912,0,4.0,0.714420304977712,6,19.0,0.4149508587452605,7,25.0
505.0,3,8.0,0.2,9.339818155018898,0,2.0,0.8415037552715494,0,0.0,0.8637047787064461,3,30.0,0.4796731516087609,3,32.0
510.0,0,0.0,0.0,9.408125343722626,0,2.0,0.7817548532425955,0,2.0,0.7003243419210673,0,10.0,0.5938715809255748,0,14.0
515.0,3,10.0,0.25,9.354408593748179,0,0.0,0.5491826618563526,3,12.0,0.5988000062463331,0,0.0,0.7726004531292338,3,12.0
520.0,7,34.0,0.8717948717948718,8.466965113396036,1,2.0,0.6195549359074448,4,29.0,0.5493926573187524,2,5.0,0.5806374410503654,7,36.0
525.0,5,26.0,0.6341463414634146,7.872848219047453,1,7.0,0.1720022482112891,0,20.0,0.6410434350639006,4,19.0,0.28713475691764684,5,46.0
530.0,7,54.0,1.35,7.737549068727596,3,17.0,0.3780723949676137,0,0.0,0.5865474492229095,4,41.0,0.436940567670449,7,58.0
535.0,2,5.0,0.125,8.478378101049305,1,2.0,0.7695263809882986,1,5.0,0.4595417978474652,0,23.0,0.7238112585667488,2,30.0
540.0,4,10.0,0.23255813953488372,9.384264471117888,0,2.0,0.7938341654954307,2,10.0,0.5406418587416372,2,2.0,0.6113595249378321,4,14.0
545.0,2,2.0,0.04878048780487805,8.532067199124633,0,0.0,0.716852271003273,2,2.0,0.40455381978162724,0,0.0,0.6504279843241448,2,2.0
550.0,6,17.0,0.4146341463414634,8.969683588948179,0,0.0,0.8835315782231157,4,18.0,0.3747443046720461,2,1.0,0.49622729650666,6,19.0
555.0,3,11.0,0.2558139534883721,8.571224163417716,0,0.0,0.7343307932988216,2,21.0,0.5676758185146283,1,6.0,0.4703530556407409,3,27.0
560.0,5,21.0,0.4883720930232558,9.427624926375222,1,4.0,0.637457581631809,1,11.0,0.604510968881413,3,19.0,0.5481242369293959,5,34.0
565.0,2,2.0,0.05405405405405406,8.82117636540961,1,1.0,0.7049556381214491,1,1.0,0.6765677588408604,0,18.0,0.5272528775622476,2,20.0
570.0,3,17.0,0.4473684210526316,10.232410559384672,1,6.0,0.8092233121502654,1,6.0,0.6894231334585671,1,7.0,0.6588835106816467,3,19.0
575.0,2,3.0,0.09090909090909091,9.187169780838277,0,0.0,0.7693176432950717,1,4.0,0.5049664310786035,1,4.0,0.6457374978689092,2,8.0
580.0,5,23.0,0.71875,8.755384998849195,0,0.0,0.8484239730025813,2,15.0,0.6196397246608764,3,14.0,0.32745926644025036,5,29.0
585.0,5,25.0,0.7575757575757576,6.090278545769806,1,2.0,0.16603297142865842,3,26.0,0.47931627635511104,1,10.0,0.15108311031694094,5,38.0
590.0,6,16.0,0.5,7.028904645593377,5,16.0,0.00010533193052277132,0,22.0,0.5652336152868179,1,1.0,0.5444555098351944,6,39.0
595.0,2,6.0,0.2,8.63993826142396,0,15.0,0.5841143394470517,2,10.0,0.6107748133466195,0,2.0,0.6048212104220437,2,27.0
600.0,2,2.0,0.0625,8.52830295729336,0,2.0,0.6986068017957926,2,15.0,0.38964342465881496,0,2.0,0.6989328648564767,2,19.0
605.0,4,15.0,0.42857142857142855,8.733092717294348,0,2.0,0.6928415513062915,3,18.0,0.2322864033661792,1,3.0,0.6980781097740838,4,23.0
610.0,7,41.0,1.4137931034482758,7.089426876313361,1,6.0,0.49228489051227653,5,41.0,0.3532778149686703,1,0.0,0.5001125349023403,7,47.0
615.0,8,66.0,2.4444444444444446,7.081194598688582,1,4.0,0.439073406656796,6,69.0,0.22975895413895434,1,3.0,0.6246654939547173,8,76.0
620.0,1,8.0,0.2857142857142857,8.880103361852258,0,0.0,0.5102374099257856,0,51.0,0.5703803925494451,1,8.0,0.6576025640702597,1,59.0
625.0,1,0.0,0.0,10.640560239883339,1,2.0,0.6291142178313489,0,2.0,0.8977702318207648,0,2.0,0.7433984235744491,1,6.0
630.0,2,4.0,0.125,9.506714069224646,0,2.0,0.7318528382734701,1,3.0,0.5726972323387874,1,3.0,0.6095742586391423,2,8.0
635.0,1,0.0,0.0,9.421591861728151,0,2.0,0.744460206080252,1,0.0,0.6037195426596866,0,3.0,0.7070216092192079,1,5.0
640.0,6,13.0,0.4482758620689655,8.250631172491335,3,7.0,0.4426081387323822,3,10.0,0.4489115743451241,0,0.0,0.787968392969474,6,17.0
645.0,6,29.0,0.9666666666666667,6.23237953422587,0,8.0,0.4199464076458804,4,29.0,0.49301908968789526,2,2.0,0.2824788469147843,6,39.0
650.0,3,14.0,0.4666666666666667,8.02233755327512,0,0.0,0.8829470851524142,0,22.0,0.4157373239827959,3,14.0,0.4000672337563299,3,36.0
655.0,1,1.0,0.034482758620689655,8.972774182633302,0,2.0,0.5766710570433327,0,4.0,0.7709604228311,1,18.0,0.5514443770274317,1,24.0
660.0,3,13.0,0.41935483870967744,10.262494339289605,1,6.0,0.6583879221143925,0,1.0,0.8300649973511918,2,11.0,0.6929398771406904,3,18.0
665.0,4,30.0,0.9090909090909091,9.327077096257627,1,11.0,0.6425874797860451,0,1.0,0.9070019232501412,3,21.0,0.41521990281794335,4,33.0
670.0,2,14.0,0.4117647058823529,9.096571920667115,2,14.0,0.6305157759735109,0,1.0,0.6855836187946796,0,5.0,0.5518431383853762,2,20.0
675.0,5,34.0,0.9714285714285714,8.937486191111253,1,19.0,0.5748049456500529,2,10.0,0.47417972790194457,2,6.0,0.496803875777518,5,35.0
680.0,3,29.0,0.9354838709677419,8.211898840835454,3,29.0,0.36449737420033607,0,8.0,0.434240882166643,0,0.0,0.6749907584292105,3,37.0
685.0,0,0.0,0.0,9.9880796205449,0,2.0,0.7279419034415912,0,2.0,0.662887000508255,0,2.0,0.7383388974211021,0,6.0
690.0,4,12.0,0.3870967741935484,10.326648886702818,2,8.0,0.6095649299762541,2,8.0,0.643529935579475,0,2.0,0.7943285956312007,4,18.0
695.0,2,16.0,0.5714285714285714,10.38277401545716,0,7.0,0.6411462871442742,2,18.0,0.5761507698122416,0,2.0,0.9589564085156895,2,27.0
700.0,2,2.0,0.07407407407407407,7.893521476651559,1,0.0,0.5926374514804978,0,7.0,0.5742304301815759,1,4.0,0.382256413608813,2,11.0
705.0,2,3.0,0.0967741935483871,8.024834031940994,2,3.0,0.5320250223150703,0,2.0,0.5997007112513809,0,6.0,0.4677995816304623,2,11.0
710.0,2,8.0,0.22857142857142856,9.741083662144057,1,8.0,0.6624052574035875,0,3.0,0.5946825387041819,1,2.0,0.7078560347456647,2,13.0
715.0,3,10.0,0.2857142857142857,9.96143689234187,0,0.0,0.7795434240239155,3,13.0,0.4447443775748433,0,0.0,0.8217065658669439,3,13.0
720.0,7,37.0,1.121212121212121,8.64723996586096,2,4.0,0.6040012715215325,5,36.0,0.36941839654866127,0,0.0,0.5018082682248874,7,40.0
725.0,6,21.0,0.6363636363636364,7.911977174767557,2,9.0,0.5130583595318189,1,31.0,0.48599507670281095,3,10.0,0.349827317134023,6,50.0
730.0,5,28.0,0.9032258064516129,8.400006198747958,1,3.0,0.7480214460314415,0,3.0,0.5459816029158705,4,29.0,0.38437857017134835,5,35.0
735.0,3,14.0,0.4375,9.394788757316114,1,8.0,0.6796589252286612,1,4.0,0.5269697413500217,1,22.0,0.5677654988008125,3,34.0
740.0,3,16.0,0.5517241379310345,9.953549031148812,0,2.0,0.7709615953126971,2,14.0,0.5557806782169105,1,10.0,0.7339601623601278,3,26.0
745.0,3,10.0,0.3125,10.054225421711154,2,1.0,0.5967907518767156,0,10.0,0.730657840401994,1,9.0,0.7733669172997172,3,20.0
750.0,1,6.0,0.16666666666666666,10.668180420954535,1,6.0,0.5843329520602157,0,4.0,0.8000984487111332,0,0.0,0.6892440356496379,1,10.0
755.0,5,18.0,0.5294117647058824,9.04401051719999,2,11.0,0.5253266183702437,1,6.0,0.5437021966614332,2,5.0,0.36205038222757685,5,22.0
760.0,5,24.0,0.7741935483870968,6.755338049825177,1,3.0,0.4389302129671683,1,8.0,0.21381462549588393,3,20.0,0.32789294359632154,5,31.0
765.0,2,11.0,0.39285714285714285,9.526645118845355,1,8.0,0.7354387694568899,1,9.0,0.47921229182397024,0,10.0,0.5997358566604369,2,27.0
770.0,1,10.0,0.3225806451612903,9.498220571008105,0,5.0,0.6532964134897116,1,12.0,0.5675519838642735,0,0.0,0.7163991368450114,1,17.0
775.0,3,25.0,0.8333333333333334,10.518313923221461,2,10.0,0.648545897323695,1,19.0,0.7464687088627072,0,0.0,0.8246582765481233,3,29.0
780.0,4,25.0,0.78125,9.2163779200861,3,23.0,0.4275793946423452,0,4.0,0.7351887995927173,1,2.0,0.6048464938328161,4,29.0
785.0,2,3.0,0.09090909090909091,8.411003882182065,0,8.0,0.5636149320005476,1,8.0,0.6025397419687396,1,1.0,0.3170105319681828,2,17.0
790.0,6,20.0,0.5714285714285714,7.790764201512659,2,6.0,0.4327358854348369,1,5.0,0.4334086985031986,3,13.0,0.39303280038721594,6,24.0
795.0,2,7.0,0.2413793103448276,9.242568866255862,0,4.0,0.8405933577760004,2,9.0,0.30277966504304327,0,10.0,0.6453606470434536,2,23.0
800.0,2,1.0,0.037037037037037035,9.915751450950905,2,3.0,0.4749650255710559,0,10.0,0.8123544796217024,0,3.0,0.8110215919810982,2,16.0
805.0,2,11.0,0.3548387096774194,10.652725430289705,2,13.0,0.4993335066363077,0,4.0,0.9377877690875497,0,2.0,0.834141969654725,2,19.0
810.0,2,1.0,0.029411764705882353,10.729982755363068,2,3.0,0.6311634781076826,0,4.0,0.9267097398833177,0,2.0,0.7060271876207623,2,9.0
815.0,2,7.0,0.19444444444444445,10.74517280022521,2,9.0,0.6481939254744181,0,0.0,0.7597742882543569,0,0.0,0.7460877600067303,2,9.0
820.0,3,5.0,0.1282051282051282,9.309100876767888,0,8.0,0.6192153385198731,2,3.0,0.5300145406856842,1,2.0,0.6296363764762801,3,13.0
825.0,5,24.0,0.6486486486486487,9.531405475442666,0,0.0,0.8698854882765414,3,16.0,0.5601417013443649,2,8.0,0.6157377152001728,5,24.0
830.0,2,1.0,0.02702702702702703,8.890599362037412,0,0.0,0.8315049092218525,1,10.0,0.687538265037409,1,6.0,0.44369527543383674,2,16.0
835.0,6,20.0,0.47619047619047616,8.852700513719546,0,2.0,0.694077151392158,2,8.0,0.6248716193260765,4,14.0,0.4067465178203042,6,24.0
840.0,2,18.0,0.4186046511627907,9.400074040389239,0,2.0,0.6945127554730729,2,18.0,0.6230340887627274,0,14.0,0.6609273151646752,2,34.0
845.0,6,2.0,0.045454545454545456,9.206452059922055,2,3.0,0.667658231780193,1,2.0,0.6722409442288916,3,3.0,0.6395035007220274,6,8.0
850.0,4,10.0,0.23255813953488372,9.937067082738828,1,1.0,0.7061738251176548,2,5.0,0.6148468638370492,1,6.0,0.7080347170300896,4,12.0
855.0,6,13.0,0.29545454545454547,7.59574582204689,3,9.0,0.42516674162084983,0,9.0,0.5332943752322097,3,4.0,0.45003786349179825,6,22.0
860.0,7,29.0,0.6304347826086957,7.676315450898086,1,7.0,0.5249798266632576,1,4.0,0.5494525028857831,5,27.0,0.42673301263408037,7,38.0
865.0,7,15.0,0.3488372093023256,7.506288766395117,2,4.0,0.5378521197832413,3,7.0,0.4683581509882206,2,29.0,0.5249472276082695,7,40.0
870.0,8,46.0,1.0,7.839528161803802,3,18.0,0.5040691524199086,5,32.0,0.5028084613522295,0,9.0,0.47336951076248135,8,59.0
875.0,7,46.0,0.9387755102040817,8.786935331298682,3,33.0,0.5125970207767605,0,29.0,0.6646039447184147,4,13.0,0.4198337995318928,7,75.0
880.0,5,29.0,0.6041666666666666,9.053724961854012,1,15.0,0.5812515990381032,1,5.0,0.6866519958366767,3,30.0,0.5685642995371164,5,50.0
885.0,7,57.0,1.14,8.993638038386223,2,7.0,0.5886118653713476,2,9.0,0.6560756009163226,3,45.0,0.5930614133026039,7,61.0
890.0,4,24.0,0.5,9.696386818699326,1,5.0,0.7291805626115769,3,24.0,0.5516023652626427,0,18.0,0.7799665582167532,4,47.0
895.0,8,48.0,0.9056603773584906,8.638970460185561,0,0.0,0.7106243769276382,4,41.0,0.47739939397248243,4,11.0,0.5300236030135185,8,52.0
900.0,6,58.0,1.0545454545454545,8.02344431319232,1,3.0,0.7436518347758118,4,56.0,0.4844211136257105,1,14.0,0.42720459046914433,6,73.0
905.0,3,14.0,0.2413793103448276,7.930263806123848,2,12.0,0.5345034632052534,0,44.0,0.6093877564063287,1,3.0,0.4247380134477028,3,59.0
910.0,8,42.0,0.6774193548387096,8.69318252772968,5,31.0,0.4841229415637046,2,8.0,0.6334597351781416,1,7.0,0.5439341466205421,8,46.0
915.0,8,57.0,0.9047619047619048,7.737071299101376,5,51.0,0.41147374982489954,2,13.0,0.4944288501469159,1,4.0,0.39831094626210556,8,68.0
920.0,10,40.0,0.7017543859649122,7.773200406658594,1,30.0,0.6093748492930349,4,19.0,0.4481126859298299,5,24.0,0.4243823865865559,10,73.0
925.0,9,22.0,0.38596491228070173,5.910941704637536,2,5.0,0.49756080479383574,3,24.0,0.21401261209060018,4,34.0,0.3017591691486426,9,63.0
930.0,9,37.0,0.7115384615384616,6.808682716986756,0,7.0,0.46915240499147515,7,36.0,0.28379173127962604,2,20.0,0.4610365093502234,9,63.0
935.0,8,22.0,0.4230769230769231,6.286953285004287,2,3.0,0.5258581622561244,3,49.0,0.4022377956612805,3,15.0,0.32704997881304326,8,67.0
940.0,11,37.0,0.6727272727272727,7.4717728523430855,0,2.0,0.6330906169930695,3,33.0,0.5370395967809916,8,42.0,0.33068217763874636,11,77.0
945.0,10,32.0,0.5423728813559322,6.604386127510536,3,14.0,0.5451731459178862,3,38.0,0.2704143564065207,4,48.0,0.4353860700942481,10,100.0
950.0,8,33.0,0.5409836065573771,6.816026036766739,1,7.0,0.6362282841966985,7,61.0,0.24107997892743746,0,17.0,0.4691221970771536,8,85.0
955.0,11,31.0,0.5,7.402239074173386,1,1.0,0.5701722767002795,7,73.0,0.4255956423200779,3,6.0,0.4623222258252055,11,80.0
960.0,8,30.0,0.4411764705882353,8.199196864454517,3,5.0,0.5569162793064562,2,51.0,0.5461483391409029,3,22.0,0.5941288677762198,8,78.0
965.0,7,21.0,0.30434782608695654,7.778546051863821,5,19.0,0.5376309406083517,2,38.0,0.40803646744502897,0,19.0,0.6184729374581699,7,76.0
970.0,12,37.0,0.5692307692307692,6.725469448606283,3,19.0,0.5406059444418188,7,55.0,0.18317949657993224,2,9.0,0.47247743044736135,12,83.0
975.0,11,38.0,0.6031746031746031,5.8413389914090805,5,24.0,0.33674947484502576,5,66.0,0.20593234594633464,1,10.0,0.42234109616848137,11,100.0
980.0,4,6.0,0.1016949152542373,6.954522722376165,1,22.0,0.40092827047101487,1,51.0,0.44634808274937576,2,5.0,0.544060566153954,4,78.0
985.0,8,24.0,0.34782608695652173,8.32768201569156,5,21.0,0.4079337764622166,0,17.0,0.5569755552291322,3,12.0,0.6257491969604987,8,50.0
990.0,7,16.0,0.22857142857142856,8.650614702645116,5,29.0,0.5563368098847572,1,11.0,0.5687801213704619,1,9.0,0.6642205999811427,7,49.0
995.0,8,21.0,0.3088235294117647,7.709206608940741,2,25.0,0.4713425039384906,3,15.0,0.5860159585238991,3,8.0,0.510190969890198,8,48.0
1000.0,10,25.0,0.3424657534246575,6.283450902666639,3,23.0,0.44332101557713,1,11.0,0.4445576049057137,6,18.0,0.31925738693821504,10,52.0
1005.0,16,50.0,0.6172839506172839,6.3961394370862275,3,17.0,0.459404943528982,8,30.0,0.3458100654720505,5,28.0,0.3256398155512134,16,75.0
1010.0,12,38.0,0.4578313253012048,6.811297072740654,7,29.0,0.3534749514002121,3,43.0,0.5034861719089355,2,26.0,0.31533852026431525,12,98.0
1015.0,14,43.0,0.5512820512820513,6.572660342281891,6,48.0,0.3514333360537,2,18.0,0.3499592573873887,6,32.0,0.3683070792819153,14,98.0
1020.0,16,52.0,0.7536231884057971,6.0817735082088085,4,44.0,0.36243160265823016,3,16.0,0.5246206454715858,9,54.0,0.33069650801135986,16,114.0
1025.0,9,46.0,0.647887323943662,6.594201171468031,2,37.0,0.4005522221098223,3,33.0,0.5609130383153845,4,51.0,0.3752133927806781,9,121.0
1030.0,20,118.0,1.5128205128205128,6.989116336207553,9,53.0,0.31589328592479565,5,55.0,0.5124183693549466,6,49.0,0.4451369924695419,20,157.0
1035.0,13,94.0,1.2207792207792207,7.220146721312489,7,73.0,0.299668573504652,0,36.0,0.5690007174860365,6,70.0,0.5118643107837666,13,179.0
1040.0,7,14.0,0.18421052631578946,6.735009959129554,4,47.0,0.19085025037184772,3,12.0,0.5214957948088657,0,53.0,0.4766943402773293,7,112.0
1045.0,12,30.0,0.4,6.859363888929452,3,32.0,0.4208229031215688,2,18.0,0.3880704782285499,7,16.0,0.22965334346433913,12,66.0
1050.0,9,31.0,0.40789473684210525,6.719698736268813,1,28.0,0.3975622498489684,2,16.0,0.47150533673714307,6,40.0,0.35940887808065164,9,84.0
1055.0,11,38.0,0.5277777777777778,7.1940949183680765,7,47.0,0.39266230108748384,2,20.0,0.5097295979800267,2,32.0,0.43396238676626137,11,99.0
1060.0,20,58.0,0.7733333333333333,5.399909585460644,8,64.0,0.2889736672270984,8,37.0,0.3471697196867447,4,29.0,0.2968578486792348,20,130.0
1065.0,24,129.0,1.6538461538461537,5.84118196901324,6,50.0,0.31812260093356837,11,91.0,0.292900441713055,7,52.0,0.28151491095557307,24,193.0
1070.0,16,85.0,1.118421052631579,5.889007609744091,2,36.0,0.386212281942321,9,116.0,0.27447201751993566,5,58.0,0.33667823907489436,16,210.0
1075.0,12,44.0,0.5789473684210527,6.210687828836686,9,64.0,0.2618218059006929,2,95.0,0.3587942319545907,1,27.0,0.5787261632743299,12,186.0
1080.0,14,54.0,0.7297297297297297,7.358637401684316,8,84.0,0.32982420268130225,3,44.0,0.4767047854160998,3,18.0,0.6773606385985935,14,146.0
1085.0,7,37.0,0.5,7.384785184277835,5,70.0,0.31530698284407593,1,35.0,0.5313432019741513,1,16.0,0.7375717897924692,7,121.0
1090.0,12,64.0,0.8648648648648649,7.7657063414509615,5,50.0,0.3401744204422146,6,43.0,0.43839761804565763,1,21.0,0.7250469676085132,12,114.0
1095.0,8,47.0,0.6619718309859155,6.646265164603351,1,42.0,0.33211937651214846,5,54.0,0.2837891136120075,2,29.0,0.5706104633656782,8,125.0
1100.0,12,29.0,0.4264705882352941,5.8768493943332185,7,60.0,0.2770019642026859,3,31.0,0.30381959101445666,2,11.0,0.503937717161325,12,102.0
1105.0,11,47.0,0.7230769230769231,6.741344019054365,7,78.0,0.29568996742641995,0,10.0,0.48684721034350353,4,22.0,0.5608624879904452,11,110.0
1110.0,4,9.0,0.13846153846153847,7.553734952059888,2,62.0,0.33235936082224316,1,6.0,0.5271541411538564,1,18.0,0.661252954861798,4,86.0
1115.0,4,11.0,0.16666666666666666,8.064963231532543,1,25.0,0.43065534445422643,2,9.0,0.5002166320600225,1,7.0,0.6686792312281482,4,41.0
1120.0,9,36.0,0.5142857142857142,9.12805073005537,0,12.0,0.5181194789088792,6,29.0,0.6081196838452767,3,12.0,0.5209273121651194,9,53.0
1125.0,5,29.0,0.4084507042253521,8.453562707017255,1,9.0,0.51260775848096,3,34.0,0.4735064212095994,1,17.0,0.5996060487842786,5,60.0
1130.0,5,33.0,0.4782608695652174,7.693493966108642,0,9.0,0.5226270254342357,4,22.0,0.28996727337859435,1,24.0,0.7473733041212156,5,55.0
1135.0,7,41.0,0.6212121212121212,7.848153055506076,4,22.0,0.4158749820179359,3,26.0,0.38902313979671627,0,2.0,0.7277828497764489,7,50.0
1140.0,10,61.0,0.9384615384615385,7.254056752634237,3,27.0,0.40389255133916896,4,43.0,0.3861766740321123,3,10.0,0.5113165225668357,10,80.0
1145.0,10,38.0,0.6440677966101694,6.495375479096561,2,21.0,0.5470302699022846,1,33.0,0.3768669581361289,7,32.0,0.32410760263615124,10,86.0
1150.0,10,31.0,0.5,6.671631096487115,0,11.0,0.4884191743821666,5,22.0,0.4395777519422456,5,43.0,0.32872561105919573,10,76.0
1155.0,7,19.0,0.2878787878787879,7.95932003571755,3,13.0,0.5290325088383497,2,31.0,0.5377725154185197,2,12.0,0.3888254270041033,7,56.0
1160.0,8,37.0,0.5522388059701493,8.55457231865817,3,21.0,0.5954678406775378,3,24.0,0.5068486669509814,2,10.0,0.5413183937873207,8,55.0
1165.0,5,29.0,0.42028985507246375,8.31059653285541,0,5.0,0.4791312698538301,4,31.0,0.46726189838325954,1,5.0,0.6953471769873444,5,41.0
1170.0,14,71.0,1.0289855072463767,7.720300331980635,4,10.0,0.4914843128348257,7,55.0,0.35750111555460506,3,15.0,0.5640828615460703,14,80.0
1175.0,8,24.0,0.36923076923076925,7.012348887389445,4,18.0,0.47852318344753575,3,38.0,0.36690115354072533,1,15.0,0.4819279901610732,8,71.0
1180.0,9,28.0,0.45161290322580644,7.010288468953536,3,21.0,0.48498587425128953,5,35.0,0.39402311322476075,1,1.0,0.41954342900172636,9,57.0
1185.0,9,35.0,0.5147058823529411,8.082927587095917,4,29.0,0.5015412657382569,4,45.0,0.4271946558254087,1,0.0,0.5922383641708581,9,74.0
1190.0,5,16.0,0.2318840579710145,8.373571899788343,2,22.0,0.49301135242042016,3,47.0,0.46358143235202637,0,2.0,0.7381192076057902,5,71.0
1195.0,12,53.0,0.7681159420289855,8.287389950135712,4,18.0,0.5859487075007159,3,53.0,0.4004280381926082,5,12.0,0.5429821228463988,12,83.0
1200.0,11,69.0,1.0454545454545454,7.278537294151398,5,38.0,0.3871024243228621,2,43.0,0.39737850023806626,4,30.0,0.5876730608776694,11,111.0
1205.0,12,31.0,0.4696969696969697,5.804630854398104,4,41.0,0.3692340742091175,7,24.0,0.2579007676881484,1,21.0,0.513527745142479,12,86.0
1210.0,9,28.0,0.4375,6.668820833415457,2,11.0,0.5347912261929558,5,46.0,0.24900653397030775,2,6.0,0.4119658916207866,9,63.0
1215.0,5,13.0,0.20634920634920634,7.023095761954024,1,10.0,0.641342978710974,2,42.0,0.328329943000335,2,8.0,0.3902663996842133,5,60.0
1220.0,6,24.0,0.3870967741935484,8.416789880351846,1,4.0,0.6237488584297229,3,34.0,0.4825604655429315,2,8.0,0.5741658182526961,6,46.0
1225.0,7,47.0,0.6911764705882353,8.661049846629027,3,16.0,0.5217233831192665,3,37.0,0.5452509429082126,1,7.0,0.6325396278584595,7,60.0
1230.0,8,20.0,0.2857142857142857,7.304014636201192,4,23.0,0.45145734845527574,0,16.0,0.4727234694761324,4,13.0,0.4843688761640255,8,52.0
1235.0,13,34.0,0.4927536231884058,6.266802247279332,2,17.0,0.4691268699488276,6,26.0,0.22589793129556887,5,23.0,0.3433161011007101,13,66.0
1240.0,16,88.0,1.353846153846154,7.270792348619529,2,15.0,0.5060359816014388,12,75.0,0.37426358871160803,2,24.0,0.41104375040536284,16,114.0
1245.0,16,162.0,2.4545454545454546,7.7008798614271425,2,24.0,0.5801964111503422,12,131.0,0.41736189211423624,2,23.0,0.42495178519793775,16,178.0
1250.0,11,114.0,1.6764705882352942,7.048867617048455,2,34.0,0.6312708035204632,8,150.0,0.3787925701441784,1,23.0,0.36739030868134603,11,207.0
1255.0,11,35.0,0.5147058823529411,6.321597158879577,1,4.0,0.5354822856037001,5,113.0,0.2361812025962114,5,32.0,0.4846433389637062,11,149.0
1260.0,8,41.0,0.640625,6.781734349348895,3,15.0,0.5972500703525682,4,49.0,0.20610938546629226,1,32.0,0.47205514250814834,8,96.0
1265.0,6,14.0,0.2222222222222222,6.574075180462293,3,24.0,0.43138594690278476,1,42.0,0.41893157110306517,2,11.0,0.4851542379101271,6,77.0
1270.0,10,39.0,0.6,6.695487157661453,2,21.0,0.4573754676160372,6,55.0,0.34165766033293454,2,13.0,0.44433073236384724,10,89.0
1275.0,19,75.0,1.1194029850746268,6.08796563154342,4,21.0,0.44202847140813345,9,73.0,0.24495831095796697,6,35.0,0.30343445902137717,19,129.0
1280.0,12,34.0,0.5074626865671642,6.030131496996883,3,7.0,0.4605498193861959,4,61.0,0.3033739493355367,5,49.0,0.4380792152496934,12,117.0
1285.0,7,33.0,0.4714285714285714,8.007641317977331,5,23.0,0.5839559462901148,1,37.0,0.4798910395658941,1,28.0,0.5185068360793497,7,88.0
1290.0,8,67.0,0.9436619718309859,8.615441591804066,6,50.0,0.4834192880338648,2,23.0,0.5776889709518315,0,8.0,0.5662525700402158,8,81.0
1295.0,8,58.0,0.8405797101449275,8.26642720716813,4,53.0,0.416275872855501,3,35.0,0.6062060437330518,1,0.0,0.6789102275484685,8,88.0
1300.0,6,12.0,0.16901408450704225,6.7373601445404185,3,42.0,0.3476615846185003,2,24.0,0.45520725274763985,1,1.0,0.5076963409454677,6,67.0
1305.0,16,71.0,0.8987341772151899,6.842110446610409,5,42.0,0.37115954501444964,6,31.0,0.4504974608498977,5,20.0,0.37250156034407506,16,93.0
1310.0,26,144.0,1.8227848101265822,5.874895017871072,6,46.0,0.33195840212073796,7,65.0,0.44483211994823596,13,68.0,0.2155610106395078,26,179.0
1315.0,29,191.0,2.4805194805194803,4.614929781314563,8,59.0,0.2822410750575307,5,73.0,0.2651157197330489,16,137.0,0.14601051704880297,29,269.0
1320.0,28,214.0,2.779220779220779,4.568255721486604,14,109.0,0.22075378165441253,2,35.0,0.3347636775229623,12,177.0,0.24264781574266256,28,321.0
1325.0,27,219.0,2.8076923076923075,5.768591292176809,17,185.0,0.2422788835631129,5,24.0,0.44603585901184395,5,148.0,0.41085478495029465,27,357.0
1330.0,23,274.0,3.4683544303797467,5.104780016625465,19,275.0,0.1637191355456773,2,11.0,0.41893330277741503,2,80.0,0.3738117122421454,23,366.0
1335.0,24,249.0,2.929411764705882,6.247045503588895,15,309.0,0.21145024068326826,4,16.0,0.5987660962354144,5,60.0,0.44702601519336743,24,385.0
1340.0,14,86.0,0.9662921348314607,6.6743497261233715,9,264.0,0.28267130413738917,3,25.0,0.5350843890265444,2,32.0,0.46321439393015623,14,321.0
1345.0,16,63.0,0.7325581395348837,6.21888295275112,5,270.0,0.2955763953041192,4,25.0,0.6015286011644972,7,41.0,0.3332008860957557,16,336.0
1350.0,21,84.0,0.9655172413793104,5.627880265930299,9,310.0,0.27316324187182794,5,35.0,0.517166103089372,7,47.0,0.2694904099443637,21,392.0
1355.0,15,90.0,1.0714285714285714,5.0676401098141906,8,298.0,0.2453211567524113,6,61.0,0.33159795349999066,1,35.0,0.3840299593730175,15,394.0
1360.0,14,35.0,0.3977272727272727,5.202695180157677,7,230.0,0.18022530875809176,3,56.0,0.4278514653859639,4,23.0,0.45236861886020013,14,309.0
1365.0,10,22.0,0.23157894736842105,5.696778916438702,5,254.0,0.15567077549802072,2,20.0,0.6159732555165638,3,14.0,0.39682461751099574,10,288.0
1370.0,20,88.0,0.9072164948453608,5.391313914313953,9,284.0,0.15565110049090877,4,27.0,0.36919924262438447,7,40.0,0.36204926817283617,20,351.0
1375.0,19,65.0,0.7142857142857143,3.624279249665842,11,279.0,0.1187307719376393,3,28.0,0.15925768766519688,5,52.0,0.3159342442161118,19,359.0
1380.0,14,46.0,0.5287356321839081,4.908117505841144,8,226.0,0.17039879446954023,3,24.0,0.5198766449399058,3,42.0,0.34044464126702617,14,292.0
1385.0,16,47.0,0.5053763440860215,5.221530486896466,8,155.0,0.17734634225666515,5,31.0,0.43350458192799635,3,37.0,0.41255377270499816,16,223.0
1390.0,19,105.0,1.0294117647058822,6.378840674528875,6,128.0,0.26965470190407964,6,44.0,0.514235456719092,7,51.0,0.3451283451277193,19,223.0
1395.0,17,89.0,0.9081632653061225,5.753153347405332,2,103.0,0.3000335497245128,8,75.0,0.34370069354892174,7,65.0,0.29623776304389393,17,243.0
1400.0,19,64.0,0.6956521739130435,5.223608318269164,7,97.0,0.23948054041380087,9,90.0,0.30111808524326317,3,33.0,0.2774587859354072,19,220.0
1405.0,19,96.0,1.0434782608695652,5.32307185043993,13,149.0,0.24744472110958182,4,64.0,0.3362538997169877,2,41.0,0.36478032203922206,19,254.0
1410.0,23,129.0,1.4021739130434783,5.419291975482392,13,173.0,0.23072973021122992,4,48.0,0.33832123490940147,6,55.0,0.4451365835777515,23,276.0
1415.0,21,70.0,0.7608695652173914,4.646268672347971,13,161.0,0.21629912740285928,3,43.0,0.29952661086280336,5,55.0,0.4026136056789244,21,259.0
1420.0,20,61.0,0.648936170212766,5.066639008129975,7,160.0,0.20508907881354108,8,52.0,0.3369156698594753,5,42.0,0.31141118180653066,20,254.0
1425.0,25,136.0,1.3737373737373737,5.825978599990619,9,189.0,0.18207954028127574,11,99.0,0.3128292623833366,5,42.0,0.363260959211926,25,330.0
1430.0,21,89.0,0.898989898989899,4.712518112486092,8,193.0,0.18691555642264382,11,116.0,0.23474848302088222,2,33.0,0.3386281321565935,21,342.0
1435.0,16,79.0,0.8586956521739131,5.585633275559255,4,160.0,0.2560532075687346,6,100.0,0.3549776618367302,6,47.0,0.3888965449025892,16,307.0
1440.0,16,79.0,0.8977272727272727,5.810729101939017,6,114.0,0.28502865158088997,6,77.0,0.4111980764274431,4,49.0,0.3681673778128346,16,240.0
1445.0,11,24.0,0.2696629213483146,5.453144793214825,2,109.0,0.26467396265130533,2,69.0,0.4747047000449999,7,40.0,0.3116422604926054,11,218.0
1450.0,16,52.0,0.5714285714285714,5.287547892206248,7,127.0,0.1685767816369879,8,61.0,0.375930055725408,1,38.0,0.4492916158122631,16,226.0
1455.0,23,71.0,0.7634408602150538,4.01487524399783,9,139.0,0.15885310275810138,9,79.0,0.19923063087022197,5,40.0,0.30666602433752727,23,258.0
1460.0,16,51.0,0.5543478260869565,4.858421811828089,4,100.0,0.29172577543463646,4,60.0,0.2820509995924281,8,62.0,0.2847626827507407,16,222.0
1465.0,12,38.0,0.4,5.229639476396882,2,103.0,0.2898967783612678,2,53.0,0.39787068808175535,8,68.0,0.28813894515201494,12,224.0
1470.0,19,59.0,0.59,4.762080501892126,7,124.0,0.1915057011779153,8,59.0,0.29203059348125804,4,74.0,0.28342018126182655,19,257.0
1475.0,25,84.0,0.8235294117647058,3.8983541886998627,6,121.0,0.1485567555471567,8,76.0,0.15428154804428365,11,90.0,0.20784891233780445,25,287.0
1480.0,16,66.0,0.6875,4.309174924323655,3,90.0,0.22928636850511924,5,68.0,0.2803475491360634,8,114.0,0.23171432637849607,16,272.0
1485.0,13,43.0,0.4574468085106383,4.798732235999051,2,83.0,0.2653022682587702,5,66.0,0.38371355260582524,6,94.0,0.2937328214846149,13,243.0
1490.0,20,59.0,0.5784313725490197,4.774354009664535,8,106.0,0.17354325920479058,6,78.0,0.37662148096954384,6,84.0,0.2731695281697345,20,268.0
1495.0,29,123.0,1.2424242424242424,4.190811140086975,10,117.0,0.13644978578396483,10,110.0,0.24002931425035112,9,102.0,0.21316552160864463,29,329.0
1500.0,27,98.0,1.0425531914893618,3.238941083103919,7,97.0,0.1781404274885613,12,136.0,0.15696451062656874,8,109.0,0.13069755138611466,27,342.0
1505.0,16,62.0,0.6739130434782609,4.329889439092356,4,106.0,0.2468099044051423,7,117.0,0.37502487221068875,5,91.0,0.2383194082734558,16,314.0
1510.0,18,90.0,0.9278350515463918,4.705488973101007,9,139.0,0.22728892481305113,4,76.0,0.45093532435120826,5,95.0,0.2678699799910834,18,310.0
1515.0,24,132.0,1.2815533980582525,4.7040748151068446,10,148.0,0.23431605996646665,7,80.0,0.4382497544790146,7,107.0,0.28912341041764394,24,335.0
1520.0,20,148.0,1.510204081632653,4.363329164623558,7,130.0,0.19803486121272343,7,105.0,0.4613272636702855,6,108.0,0.2691190289313583,20,343.0
1525.0,13,44.0,0.4489795918367347,4.095712877732065,4,134.0,0.2003687441099085,3,85.0,0.36912712835918887,6,83.0,0.2361065471754552,13,302.0
1530.0,19,59.0,0.5619047619047619,4.340989647970966,13,168.0,0.13901990156374647,3,23.0,0.4929692358440912,3,84.0,0.18821671822800268,19,275.0
1535.0,21,76.0,0.7378640776699029,4.4035226114912485,11,182.0,0.14020223337764903,2,17.0,0.3893593485744853,8,98.0,0.16937222115613076,21,297.0
1540.0,20,75.0,0.8064516129032258,3.615423666795659,9,165.0,0.18764893971292115,1,11.0,0.47135495416591433,10,116.0,0.13716542458092618,20,292.0
1545.0,17,43.0,0.4574468085106383,4.1788252832131345,5,189.0,0.23069667505016034,4,11.0,0.5565187450977142,8,116.0,0.19233163021872696,17,316.0
1550.0,20,75.0,0.7575757575757576,4.6540269194053385,10,224.0,0.13063699729076247,4,28.0,0.5787446549648149,6,115.0,0.1859337658174983,20,367.0
1555.0,20,83.0,0.8645833333333334,3.8116768893558644,12,242.0,0.1166848905196311,0,16.0,0.4539626025239923,8,147.0,0.13358618472934417,20,405.0
1560.0,21,65.0,0.7222222222222222,3.8622731263437875,9,217.0,0.2008792144617357,1,7.0,0.6377866541317186,11,158.0,0.15858119843437768,21,382.0
1565.0,11,38.0,0.41304347826086957,4.558403166962758,4,242.0,0.18113227037995006,3,19.0,0.5895102558297217,4,126.0,0.2753011071796611,11,387.0
1570.0,18,80.0,0.851063829787234,4.65538048800818,11,277.0,0.10918205257330363,4,30.0,0.5709018682055222,3,79.0,0.29995996409444436,18,386.0
1575.0,15,68.0,0.68,4.890410027748897,11,280.0,0.11612799518626296,0,24.0,0.6232662399785142,4,64.0,0.309506732801072,15,368.0
1580.0,12,34.0,0.33663366336633666,4.831551790724088,6,230.0,0.1637310694281769,2,12.0,0.5469339938088866,4,57.0,0.2630728889435383,12,299.0
1585.0,19,82.0,0.7884615384615384,5.627628956901514,5,153.0,0.24297116098988292,5,32.0,0.39408230137237626,9,66.0,0.2474117253421034,19,251.0
1590.0,22,107.0,1.0288461538461537,5.181422264521465,4,163.0,0.20018233502990457,5,33.0,0.4150748006207728,13,115.0,0.19487480539457927,22,311.0
1595.0,25,106.0,1.1157894736842104,4.6686414572859,11,185.0,0.2080263822636505,1,26.0,0.44463146520637414,13,144.0,0.19927449517173682,25,355.0
1600.0,26,152.0,1.6,5.1636626522307685,15,244.0,0.24233436260429558,2,18.0,0.5452649326028427,9,133.0,0.26532094461082445,26,395.0
1605.0,24,148.0,1.510204081632653,4.606239386061348,14,266.0,0.19867845925267957,2,19.0,0.43844980490444224,8,115.0,0.3053027891614131,24,400.0
1610.0,26,96.0,0.9320388349514563,4.682208371410775,12,240.0,0.19641744094635774,4,27.0,0.5363195643000093,10,140.0,0.23770038402854882,26,407.0
1615.0,22,99.0,0.9166666666666666,4.922845753835008,10,202.0,0.21285867521493435,3,22.0,0.3615815671207803,9,153.0,0.25118577531419845,22,377.0
1620.0,24,107.0,1.009433962264151,4.8531598673122875,8,214.0,0.23545467509815354,4,24.0,0.40635427497215293,12,192.0,0.22998485082824618,24,430.0
1625.0,29,165.0,1.5420560747663552,4.987343961027007,11,229.0,0.21952853491550442,2,19.0,0.33343620501152654,16,255.0,0.192290466224392,29,503.0
1630.0,39,320.0,3.2,4.2222081362554915,13,278.0,0.1704056190123987,7,29.0,0.2434286998493947,19,341.0,0.10793593890473135,39,648.0
1635.0,40,297.0,3.193548387096774,3.187138930461317,17,307.0,0.16302093656401692,5,44.0,0.23354319238435364,18,377.0,0.11470086575152946,40,728.0
1640.0,35,238.0,2.5319148936170213,4.015109171849346,15,290.0,0.14406001170801444,4,37.0,0.520021108640113,16,364.0,0.21633803093937623,35,691.0
1645.0,35,264.0,2.588235294117647,5.341143890818063,14,257.0,0.25339934413023674,4,44.0,0.5793820445474679,17,332.0,0.25127151007103404,35,633.0
1650.0,30,251.0,2.2818181818181817,5.882386709408658,14,258.0,0.29335668323263686,2,32.0,0.6504911127006142,14,322.0,0.23758985988804016,30,612.0
1655.0,31,233.0,2.0086206896551726,5.4534958493867665,16,258.0,0.2658421053122122,3,15.0,0.5154101070954933,12,361.0,0.24019510140330683,31,634.0
1660.0,22,115.0,1.0087719298245614,4.936584424519484,12,279.0,0.2181218158794632,4,24.0,0.3422831154032707,6,358.0,0.2847859307735913,22,661.0
1665.0,22,109.0,0.9819819819819819,5.6273308243705475,7,254.0,0.3259821843560767,6,29.0,0.20794150612330067,9,384.0,0.3735673781738456,22,667.0
1670.0,28,196.0,1.8317757009345794,5.066235416933057,9,237.0,0.31845704708416156,5,43.0,0.21912204095307863,14,440.0,0.2717688161218519,28,720.0
1675.0,35,241.0,2.386138613861386,4.5136649613009965,15,271.0,0.22865252885343004,9,53.0,0.22881329398407088,11,439.0,0.18140768908871832,35,763.0
1680.0,41,359.0,3.59,4.280383349051561,18,343.0,0.13521835623529305,14,102.0,0.2496859151887666,9,378.0,0.1913637157723199,41,823.0
1685.0,43,383.0,3.8686868686868685,4.22219882397603,18,382.0,0.14766694573521455,15,169.0,0.24308683695101962,10,377.0,0.22864337461932102,43,928.0
1690.0,38,300.0,3.0,4.130915952593231,14,351.0,0.12181759848623039,11,197.0,0.2892048279346094,13,428.0,0.19849637234501055,38,976.0
1695.0,30,199.0,1.9509803921568627,4.486520401883085,11,392.0,0.24527617354128461,5,143.0,0.2757337791369878,14,497.0,0.22693918778249866,30,1032.0
1700.0,29,169.0,1.69,4.542383472139817,14,440.0,0.2557034044327208,5,84.0,0.26196745957350703,10,496.0,0.2670703112062947,29,1020.0
1705.0,22,133.0,1.3711340206185567,4.9444235635598455,9,439.0,0.2548340947022362,6,74.0,0.4806120253658309,7,417.0,0.31115348981578783,22,930.0
1710.0,16,49.0,0.494949494949495,4.23340123475101,9,381.0,0.19131184126346776,2,56.0,0.4472107637749959,5,381.0,0.24652800976695718,16,818.0
1715.0,23,55.0,0.514018691588785,4.569236045517727,5,401.0,0.19274294839820444,5,38.0,0.4553877634841627,13,414.0,0.17414288582657883,23,853.0
1720.0,28,117.0,1.1359223300970873,4.314875176934776,10,423.0,0.11681068871708859,3,30.0,0.3387522065856177,15,475.0,0.15979594745332848,28,928.0
1725.0,26,126.0,1.2857142857142858,3.7398907372673005,10,424.0,0.15089261223570155,3,14.0,0.3988836573377652,13,480.0,0.17492195237585545,26,918.0
1730.0,23,95.0,0.9595959595959596,4.765329824014674,6,360.0,0.24962450499759778,5,36.0,0.4760490435193302,12,413.0,0.2777046099611357,23,809.0
1735.0,16,47.0,0.43119266055045874,4.553529475726914,4,339.0,0.26108126635174606,3,40.0,0.47486753939320236,9,440.0,0.22615253967745308,16,819.0
1740.0,24,84.0,0.7433628318584071,4.779641183299268,10,370.0,0.18694073314978746,2,19.0,0.5108531118029235,12,465.0,0.181736939704922,24,854.0
1745.0,27,99.0,0.9,3.971385997338429,9,366.0,0.13273451060562205,5,28.0,0.24136742071266581,13,455.0,0.1088785322525577,27,849.0
1750.0,25,81.0,0.8350515463917526,3.6099106497496485,7,300.0,0.14534638846178524,4,32.0,0.41753488218308693,14,391.0,0.09812408924875156,25,723.0
1755.0,19,78.0,0.7722772277227723,4.9873455975869865,5,206.0,0.3338182628430091,3,24.0,0.5630844258593074,11,432.0,0.14341192658012478,19,662.0
1760.0,20,77.0,0.7129629629629629,5.236961132625147,4,197.0,0.3003383846498662,4,30.0,0.5601765360464697,12,448.0,0.20377296693219557,20,675.0
1765.0,21,68.0,0.6355140186915887,4.473891917618059,7,211.0,0.1855736444736717,2,12.0,0.38113092308667246,12,430.0,0.1774600747681673,21,653.0
1770.0,20,72.0,0.72,4.263059684106453,7,207.0,0.13890249714037625,5,22.0,0.4068163093156756,8,346.0,0.1335100703230483,20,575.0
1775.0,18,85.0,0.8854166666666666,4.735960454723536,6,153.0,0.17526208564434112,7,57.0,0.4701012020999114,5,306.0,0.19734343095523052,18,516.0
1780.0,18,60.0,0.5882352941176471,4.572262436786034,5,166.0,0.19167037402431364,4,58.0,0.45395219250964525,9,307.0,0.1649644080097702,18,531.0
1785.0,18,65.0,0.625,4.617152074187898,8,178.0,0.24943107441429502,2,30.0,0.47870297072118084,8,296.0,0.16943138342695957,18,504.0
1790.0,24,110.0,1.0377358490566038,4.472607200309549,14,230.0,0.21633313294367523,2,26.0,0.3963589742914234,8,241.0,0.21435077705817585,24,497.0
1795.0,28,124.0,1.180952380952381,3.935316518632802,13,237.0,0.15567853471389942,7,50.0,0.44339760054235666,8,262.0,0.19328697191848157,28,549.0
1800.0,27,146.0,1.3644859813084111,3.892086767059699,9,192.0,0.15054523802259812,8,88.0,0.3696259355302689,10,288.0,0.1063248474606469,27,568.0
1805.0,34,182.0,1.7169811320754718,3.394585245628865,12,233.0,0.14531935388206627,10,130.0,0.3165454552786738,12,287.0,0.09259749952008764,34,650.0
1810.0,32,239.0,2.2547169811320753,3.990903569832846,12,265.0,0.14835719732369287,11,186.0,0.2720415666247621,9,245.0,0.1205357899665574,32,696.0
1815.0,32,165.0,1.6176470588235294,3.1717216465874576,12,263.0,0.10611004460429885,9,187.0,0.30173505434958375,11,272.0,0.10367414660115279,32,722.0
1820.0,25,93.0,0.8857142857142857,3.7485477595181838,9,224.0,0.20566356768898908,4,96.0,0.3365582114243933,12,299.0,0.1454580140697063,25,619.0
1825.0,17,48.0,0.43243243243243246,4.2578464868608314,4,221.0,0.2678706191681028,4,88.0,0.379298350394945,9,296.0,0.17749718266130016,17,605.0
1830.0,22,85.0,0.7727272727272727,4.714549759829432,7,237.0,0.21718697068266976,7,101.0,0.38273520327966776,8,240.0,0.1778618644170036,22,578.0
1835.0,23,78.0,0.7090909090909091,3.476713958356869,9,236.0,0.07448854024919009,5,91.0,0.31502943026653246,9,264.0,0.10955953956680936,23,591.0
1840.0,25,86.0,0.8514851485148515,3.4019975201453097,7,198.0,0.17968211478482984,3,61.0,0.303363648731841,15,285.0,0.14105025567128546,25,544.0
1845.0,26,178.0,1.7281553398058251,5.1599014229789635,6,157.0,0.29589016767656706,6,40.0,0.4910235251479105,14,323.0,0.199626390352139,26,520.0
1850.0,22,104.0,0.9369369369369369,4.4494821796965605,5,152.0,0.30264679107758113,4,38.0,0.35952043261969363,13,323.0,0.19612150026356892,22,513.0
1855.0,26,103.0,0.9035087719298246,4.747084603281566,7,147.0,0.26972252244328593,6,44.0,0.31236697743884667,13,274.0,0.175604797555092,26,465.0
1860.0,30,162.0,1.4464285714285714,3.973136765585632,10,190.0,0.12213980505426493,9,66.0,0.29627265338685826,11,311.0,0.1426053532733184,30,567.0
1865.0,34,155.0,1.4090909090909092,3.593780441988082,11,202.0,0.1371863646771182,7,79.0,0.24837457316152864,16,358.0,0.12331070941387086,34,639.0
1870.0,36,170.0,1.5740740740740742,3.9137242424648755,8,164.0,0.2908713571974416,8,72.0,0.27188723400839676,20,432.0,0.15649591118209596,36,668.0
1875.0,35,243.0,2.209090909090909,4.07153399890627,7,171.0,0.29414088536914007,6,79.0,0.26799681485647114,22,522.0,0.1773157589663821,35,772.0
1880.0,45,387.0,3.3076923076923075,4.021159293766831,10,216.0,0.23229543316851398,7,83.0,0.30754851872980987,28,642.0,0.10951799963619112,45,941.0
1885.0,49,440.0,3.8260869565217392,3.5608877030817463,15,271.0,0.14640268494234,7,90.0,0.26364481851272376,27,687.0,0.0917652389493719,49,1048.0
1890.0,45,371.0,3.467289719626168,3.7023322426034375,12,287.0,0.14563342556549796,8,118.0,0.3188949860183694,25,643.0,0.10473326865806805,45,1048.0
1895.0,33,259.0,2.3981481481481484,3.77564391103696,7,233.0,0.1919220048379715,8,114.0,0.3833136491970662,18,692.0,0.1296618737550093,33,1039.0
1900.0,30,183.0,1.605263157894737,4.592925415351226,6,240.0,0.2095848895688677,5,92.0,0.3966223176263174,19,757.0,0.17409749824346632,30,1089.0
1905.0,33,169.0,1.4695652173913043,4.208697615447846,12,279.0,0.1615705293044118,7,75.0,0.279169332758321,14,753.0,0.19292649713554305,33,1107.0
1910.0,26,113.0,1.0560747663551402,3.774117291251304,7,281.0,0.20509375297216198,6,87.0,0.28996944448760614,13,673.0,0.19451991852450543,26,1041.0
1915.0,24,115.0,1.055045871559633,4.664458935464336,7,211.0,0.17309560176560357,6,96.0,0.4245024842935609,11,544.0,0.18722132036949252,24,851.0
1920.0,24,185.0,1.6666666666666667,5.369400557754598,3,227.0,0.2134810585518944,9,100.0,0.47075574688933725,12,480.0,0.22482805150312135,24,807.0
1925.0,29,201.0,1.8440366972477065,4.812328851514288,9,242.0,0.13177792603355007,10,128.0,0.4020804894372277,10,467.0,0.24803378843705415,29,837.0
1930.0,27,150.0,1.4285714285714286,3.955185227077695,10,284.0,0.15666394777289958,9,124.0,0.16912638607110533,8,438.0,0.19646946959522082,27,846.0
1935.0,26,149.0,1.49,4.58161316821415,6,280.0,0.2740933014510392,6,96.0,0.159487252365143,14,422.0,0.25959020066438987,26,798.0
1940.0,25,102.0,1.0625,4.112581780766319,9,235.0,0.28397713299778277,4,101.0,0.30947112078590716,12,417.0,0.1716001515336223,25,753.0
1945.0,26,101.0,1.01,4.401230993887341,7,266.0,0.27841295735386545,7,114.0,0.33270896286711854,12,360.0,0.15631293798629292,26,740.0
1950.0,25,81.0,0.7641509433962265,4.016894820556072,8,299.0,0.13167226898290638,8,121.0,0.24603111282719742,9,371.0,0.19642117970299816,25,791.0
1955.0,28,99.0,0.9705882352941176,3.83915881666792,9,306.0,0.1472791090466358,7,99.0,0.2104553555786884,12,386.0,0.24184735119744274,28,791.0
1960.0,19,55.0,0.5288461538461539,4.441836750745118,7,267.0,0.24126289838116521,6,110.0,0.28472256461976014,6,362.0,0.22333834418878792,19,739.0
1965.0,21,79.0,0.7452830188679245,5.441769841396154,5,203.0,0.3342114592115327,7,115.0,0.3921445674863407,9,234.0,0.22402737590849345,21,552.0
1970.0,20,79.0,0.7314814814814815,4.86891549624073,4,159.0,0.2759344383844327,9,125.0,0.35403944898946,7,244.0,0.16398340502124362,20,528.0
1975.0,18,59.0,0.5514018691588785,4.754109640361333,3,146.0,0.32283085022112284,8,93.0,0.2982474197833472,7,263.0,0.20613833384846184,18,502.0
1980.0,18,59.0,0.5566037735849056,4.857145315629976,5,154.0,0.366447608132038,5,98.0,0.2576909556292994,8,247.0,0.20019743768278994,18,499.0
1985.0,24,86.0,0.8349514563106796,4.753962956614702,6,146.0,0.31732867527834957,10,111.0,0.20927543778749197,8,195.0,0.2214953209849792,24,452.0
1990.0,18,64.0,0.6336633663366337,4.413584613689864,6,121.0,0.25843632560676966,8,117.0,0.27898452570186383,4,199.0,0.21413802949747215,18,437.0
1995.0,17,47.0,0.44339622641509435,4.250362172191118,2,124.0,0.2457455950167505,7,80.0,0.17860513504984574,8,193.0,0.2245155923659987,17,397.0
2000.0,19,68.0,0.6238532110091743,4.469215004881573,7,140.0,0.2856780437896329,4,93.0,0.20236379256906376,8,185.0,0.2523387177744432,19,418.0
2005.0,20,78.0,0.7289719626168224,4.319037683458399,6,134.0,0.22346140269632037,7,101.0,0.30077199905975677,7,121.0,0.20640714082005326,20,356.0
2010.0,23,71.0,0.6574074074074074,3.7683421826232473,8,119.0,0.1717153374923326,11,119.0,0.2854183984173599,4,123.0,0.18351451476884942,23,361.0
2015.0,24,86.0,0.7678571428571429,4.117821154190313,8,144.0,0.20049622664174052,8,116.0,0.24183209328898145,8,127.0,0.23252317746631268,24,387.0
2020.0,24,127.0,1.0948275862068966,4.50128602237419,9,149.0,0.25004055991921725,9,113.0,0.21464350977871544,6,130.0,0.21109922772941125,24,392.0
2025.0,23,168.0,1.5412844036697249,4.824971139930939,8,147.0,0.24560602541290188,9,141.0,0.3491177446423826,6,106.0,0.3060871838017642,23,394.0
2030.0,20,91.0,0.8425925925925926,4.173826886345428,10,148.0,0.16966800018141545,6,136.0,0.3556489941631672,4,107.0,0.28327508286623776,20,391.0
2035.0,25,100.0,0.8771929824561403,4.111225542756548,9,175.0,0.15953466153014478,6,91.0,0.3227086154739983,10,117.0,0.16410290288520327,25,383.0
2040.0,31,150.0,1.3157894736842106,3.893382419122779,9,174.0,0.13918474573526107,5,100.0,0.24828034169259336,17,182.0,0.11959511044185064,31,456.0
2045.0,31,206.0,1.9433962264150944,3.8823348905491124,11,210.0,0.18173295331450048,5,90.0,0.2545973365076414,15,212.0,0.16795796140708374,31,512.0
2050.0,31,223.0,2.123809523809524,3.9992324303433424,15,273.0,0.1933268385941943,6,89.0,0.2848074974306941,10,188.0,0.2254245940474818,31,550.0
2055.0,29,173.0,1.6168224299065421,4.182786037433653,11,280.0,0.15290205082597527,6,75.0,0.3384551283752315,12,149.0,0.20442423088965297,29,504.0
2060.0,28,173.0,1.5585585585585586,4.329642673269266,13,236.0,0.11914253915337114,9,92.0,0.36417477413690436,6,166.0,0.21771689344039163,28,494.0
2065.0,38,243.0,2.169642857142857,4.248967402216148,14,260.0,0.1539088702704258,12,148.0,0.29430434653747695,12,207.0,0.19161859004718684,38,615.0
2070.0,39,251.0,2.302752293577982,4.350881739551857,16,330.0,0.18126813075592377,9,159.0,0.20561226456333942,14,267.0,0.1573218748249384,39,756.0
2075.0,29,147.0,1.5154639175257731,3.61082282512464,11,355.0,0.21505453673955868,5,116.0,0.23543642681055946,13,289.0,0.15164872997505013,29,760.0
2080.0,20,84.0,0.84,4.546152406363365,8,321.0,0.2205319677340728,4,70.0,0.4657046438831603,8,226.0,0.22005682358479264,20,617.0
2085.0,16,84.0,0.7777777777777778,5.989738069851364,3,299.0,0.33755696301888416,6,58.0,0.5373472798574416,7,187.0,0.3356779283916078,16,544.0
2090.0,13,31.0,0.2672413793103448,5.244888937040077,4,295.0,0.31948126199394533,4,58.0,0.39834173474517887,5,171.0,0.26413401234610223,13,524.0
2095.0,21,66.0,0.5641025641025641,4.702814370744428,4,284.0,0.1964380805066053,6,48.0,0.2812882555139623,11,196.0,0.1958314945604802,21,528.0
2100.0,30,126.0,1.1454545454545455,4.26186741048102,7,231.0,0.16388528743662512,12,78.0,0.1870874480837478,11,212.0,0.1705956293273343,30,521.0
2105.0,26,170.0,1.588785046728972,4.5115302126760115,4,247.0,0.14680141131684563,15,150.0,0.3120407286796813,7,186.0,0.2017842797461877,26,583.0
2110.0,35,252.0,2.311926605504587,4.258929204944396,11,251.0,0.1780694302146237,16,226.0,0.22717611656102427,8,199.0,0.18478441523935216,35,676.0
2115.0,30,211.0,1.9181818181818182,3.769254731443213,7,254.0,0.17525673301513858,14,251.0,0.10219767289139231,9,219.0,0.1685499493628415,30,724.0
2120.0,31,159.0,1.5288461538461537,4.1870846312294905,8,224.0,0.2277377904523836,10,221.0,0.251176650331197,13,268.0,0.1702028601538327,31,713.0
2125.0,17,83.0,0.8217821782178217,3.926068959332337,4,195.0,0.2259738517483349,2,209.0,0.32746197619851053,11,277.0,0.1704566429693535,17,681.0
2130.0,29,95.0,0.8636363636363636,4.446412579656049,6,188.0,0.25452057521034765,11,234.0,0.24939240802564594,12,240.0,0.19314628939139342,29,662.0
2135.0,26,108.0,0.9818181818181818,4.0035742932829335,6,208.0,0.16751432941190653,11,230.0,0.22881900187688248,9,234.0,0.15957443979656027,26,672.0
2140.0,25,103.0,0.9537037037037037,3.7987560132276683,6,206.0,0.17851367754893713,8,174.0,0.19509055731600508,11,273.0,0.19317988089559454,25,653.0
2145.0,24,114.0,1.1067961165048543,4.031226228130098,7,179.0,0.25297279588937216,5,172.0,0.2352216589941267,12,325.0,0.16174212077083874,24,676.0
2150.0,20,74.0,0.7184466019417476,4.121680689724379,6,197.0,0.27156511320163507,6,180.0,0.21963937090520116,8,313.0,0.18482246026589413,20,690.0
2155.0,24,122.0,1.196078431372549,4.2353570490681856,6,217.0,0.17094871875668527,13,217.0,0.18064670449963743,5,252.0,0.23476370795510512,24,686.0
2160.0,28,187.0,1.8155339805825244,4.393442329595094,5,210.0,0.16377554828080024,17,291.0,0.2551677838177512,6,196.0,0.25322163656638624,28,697.0
2165.0,25,168.0,1.6633663366336633,4.327020664105392,5,169.0,0.19487574496188306,14,300.0,0.2775111102871422,6,215.0,0.2476434440174581,25,684.0
2170.0,22,87.0,0.8365384615384616,4.33974029638458,2,152.0,0.2148237891916742,12,240.0,0.25193674072756167,8,240.0,0.262975588676097,22,632.0
2175.0,19,51.0,0.4722222222222222,4.685136710696615,4,151.0,0.2734448539224577,10,281.0,0.17455229236959777,5,239.0,0.2948472945646889,19,671.0
2180.0,18,81.0,0.81,4.930275663779071,7,175.0,0.2150009170843235,8,326.0,0.23569840265619516,3,204.0,0.3371598996338893,18,705.0
2185.0,21,82.0,0.845360824742268,3.357198278588499,8,173.0,0.15333757634460116,11,309.0,0.1405298932857642,2,209.0,0.16954956540432214,21,691.0
2190.0,22,86.0,0.8775510204081632,3.978425632720329,7,147.0,0.256530075779337,9,250.0,0.19969311609371163,6,231.0,0.22233376087335435,22,628.0
2195.0,17,67.0,0.638095238095238,4.623492000592579,6,174.0,0.2746253038492795,5,168.0,0.3184490784923143,6,220.0,0.2665585261881722,17,562.0
2200.0,22,91.0,0.8504672897196262,5.474842272136586,11,204.0,0.3354197174313164,5,123.0,0.4001394679290201,6,174.0,0.3261475529271332,22,501.0
2205.0,14,42.0,0.3925233644859813,5.070453803171707,9,223.0,0.297728805312912,2,104.0,0.4101291714650984,3,164.0,0.2717885128676551,14,491.0
2210.0,22,70.0,0.6481481481481481,4.176042596510132,9,216.0,0.2081547402446974,7,101.0,0.29252503040804667,6,187.0,0.16099561608070914,22,504.0
2215.0,29,118.0,1.102803738317757,3.940944721394047,9,248.0,0.2252722615384663,13,148.0,0.23554380968023597,7,191.0,0.17408338939685802,29,587.0
2220.0,26,120.0,1.1428571428571428,3.7125477831290175,10,271.0,0.1898859089372157,13,172.0,0.17337658308790485,3,157.0,0.17436015113428352,26,600.0
2225.0,21,85.0,0.8095238095238095,4.064986856386032,12,294.0,0.15171398574692282,7,146.0,0.2969169910841313,2,140.0,0.25099303146194135,21,580.0
2230.0,22,99.0,0.9166666666666666,4.7520498032540885,12,275.0,0.22113212414455083,4,94.0,0.3972536870034859,6,159.0,0.28706211495665424,22,528.0
2235.0,18,96.0,0.8888888888888888,5.211324159541508,7,258.0,0.29306945293237546,6,73.0,0.4826823437430189,5,150.0,0.2810533178659837,18,481.0
2240.0,16,43.0,0.39090909090909093,4.925533171810771,8,266.0,0.2124841759079834,5,63.0,0.3963520526260816,3,100.0,0.310959765697822,16,429.0
2245.0,17,59.0,0.5315315315315315,4.615800302938169,7,263.0,0.14066059775705697,7,47.0,0.2931424751067839,3,75.0,0.2665326990932367,17,385.0
2250.0,21,85.0,0.8252427184466019,4.356970462032252,8,220.0,0.13765109359897382,10,82.0,0.3428923125032783,3,72.0,0.24911550040126318,21,374.0
2255.0,21,101.0,1.030612244897959,4.341905446737279,6,173.0,0.225196360049545,7,91.0,0.26454555141032843,8,96.0,0.12869359039202172,21,360.0
2260.0,16,49.0,0.5051546391752577,4.442384327238598,2,166.0,0.2854808100756778,4,70.0,0.4031745498044523,10,117.0,0.1895676635778665,16,353.0
2265.0,16,61.0,0.6161616161616161,5.702584809238601,8,164.0,0.2801008739491317,3,44.0,0.564954137077201,5,97.0,0.3168493692493636,16,305.0
2270.0,20,51.0,0.504950495049505,4.379074949491473,9,176.0,0.25999146776012005,2,32.0,0.3181712416668511,9,125.0,0.21556184408099777,20,333.0
2275.0,26,89.0,0.8811881188118812,4.143620855448447,8,150.0,0.21096484834568072,8,45.0,0.3126043896820127,10,166.0,0.14140123136097946,26,361.0
2280.0,27,160.0,1.5533980582524272,4.503897966470544,7,107.0,0.2512960004473406,4,55.0,0.4095565514744912,16,234.0,0.09160999571399422,27,396.0
2285.0,21,123.0,1.23,4.60789034915822,6,110.0,0.29513182559936463,0,22.0,0.5766261995822898,15,263.0,0.15017349503450203,21,395.0
2290.0,17,81.0,0.8181818181818182,5.180450213219693,7,117.0,0.28424656678994864,1,3.0,0.5956176630276755,9,236.0,0.24194977160108339,17,356.0
2295.0,26,127.0,1.27,4.674961846367189,13,148.0,0.1828984204005563,3,12.0,0.5133745023070547,10,177.0,0.24661988632407048,26,337.0
2300.0,23,93.0,0.93,4.148426672082833,15,168.0,0.1471338753116539,2,14.0,0.5797160133488094,6,193.0,0.19695370544440516,23,375.0
2305.0,26,108.0,1.0693069306930694,4.787466244132733,12,160.0,0.15744003110532911,4,26.0,0.4875838621231657,10,231.0,0.21784169411550838,26,417.0
2310.0,15,51.0,0.5204081632653061,4.140067889698387,6,169.0,0.1425608884091613,1,25.0,0.42191028983213463,8,243.0,0.16022641783714142,15,437.0
2315.0,24,75.0,0.7653061224489796,4.389919367020815,12,210.0,0.20467979249574036,4,18.0,0.4784599420708152,8,201.0,0.2099530780307142,24,429.0
2320.0,15,61.0,0.6161616161616161,5.031814238003224,12,233.0,0.2021218741825926,0,17.0,0.5396500773832611,3,161.0,0.3152203135057315,15,411.0
2325.0,13,39.0,0.3786407766990291,5.030000871294618,7,215.0,0.2250738911510713,4,19.0,0.485039192366234,2,133.0,0.23309827372589662,13,367.0
2330.0,23,109.0,1.09,4.999234084032291,7,164.0,0.19823460695592554,8,55.0,0.38202846181945416,8,148.0,0.20713939362277753,23,367.0
2335.0,18,63.0,0.65625,3.946527820009076,4,169.0,0.21455192074005985,6,68.0,0.2767593792722572,8,156.0,0.1427046718853946,18,393.0
2340.0,17,49.0,0.5104166666666666,4.831688720910549,8,171.0,0.22504959626308602,3,33.0,0.3638379336885267,6,133.0,0.27441255697361394,17,337.0
2345.0,16,58.0,0.6105263157894737,5.338455680086988,11,185.0,0.2534340032384477,1,18.0,0.4395177559934466,4,90.0,0.3256751650789262,16,293.0
2350.0,16,49.0,0.5157894736842106,4.7571404792956296,6,147.0,0.20909738524181815,7,42.0,0.4159514771496906,3,88.0,0.24694819705067222,16,277.0
2355.0,21,80.0,0.8,4.825738533686501,8,131.0,0.25911212707538206,5,54.0,0.3855787470464029,8,114.0,0.17742765057663248,21,299.0
2360.0,17,46.0,0.46464646464646464,4.9463357911104175,5,108.0,0.31501309073679734,3,29.0,0.38935891152826146,9,128.0,0.1758113589958539,17,265.0
2365.0,14,59.0,0.6145833333333334,5.596917395491704,7,113.0,0.26901564045766363,1,19.0,0.5171642475108893,6,112.0,0.26101424681085406,14,244.0
2370.0,16,70.0,0.7142857142857143,4.96155701584059,10,150.0,0.2572801059221125,3,7.0,0.39004544751320175,3,106.0,0.2532840791523896,16,263.0
2375.0,27,108.0,1.1368421052631579,4.487351586238258,12,167.0,0.1871134266935523,6,27.0,0.2427810494196276,9,118.0,0.26207391081915765,27,312.0
2380.0,27,132.0,1.4505494505494505,3.800331267520015,7,118.0,0.1831473822673342,11,76.0,0.23219809024477328,9,128.0,0.1679545486374656,27,322.0
2385.0,17,92.0,1.0,4.477836181001473,6,115.0,0.20520120903669525,7,100.0,0.35479723287813836,4,96.0,0.19115904817457097,17,311.0
2390.0,13,23.0,0.23469387755102042,5.434084450998807,7,121.0,0.22006266959317594,2,68.0,0.5248127815461429,4,97.0,0.24656547483954808,13,286.0
2395.0,21,74.0,0.74,5.137454725882608,10,138.0,0.25461432664267114,2,37.0,0.45020655863654496,9,117.0,0.21156063813883796,21,292.0
2400.0,13,41.0,0.422680412371134,4.608846265219987,4,134.0,0.2884379642945984,1,19.0,0.2714431155589772,8,121.0,0.23954826404460297,13,274.0
2405.0,17,46.0,0.5,4.690926343808089,4,97.0,0.2638622365292003,9,45.0,0.3781402294629675,4,75.0,0.18096806430095289,17,217.0
2410.0,14,57.0,0.6129032258064516,5.51301378964503,3,69.0,0.23214853264826027,5,58.0,0.5239215022913883,6,56.0,0.2055433100626588,14,183.0
2415.0,13,53.0,0.5638297872340425,6.103515602775625,3,67.0,0.280795721270289,5,43.0,0.5105063423910033,5,60.0,0.3267205032349262,13,170.0
2420.0,11,30.0,0.3225806451612903,5.665597036995834,6,78.0,0.24337914811023686,2,27.0,0.4657007105118078,3,50.0,0.2866170314375919,11,155.0
2425.0,20,71.0,0.797752808988764,4.8716570898120075,4,79.0,0.22555002000864122,8,50.0,0.17625594813442555,8,50.0,0.2508932390274616,20,179.0
2430.0,15,57.0,0.7037037037037037,4.682658271069384,2,45.0,0.29938900209679814,9,69.0,0.18018476262506353,4,64.0,0.236119635294215,15,178.0
2435.0,7,19.0,0.2345679012345679,5.987126082256551,2,40.0,0.326598779819519,2,68.0,0.4370329230134134,3,45.0,0.32703001272872473,7,153.0
2440.0,7,36.0,0.4186046511627907,7.195960524217008,3,31.0,0.4183351714266455,2,40.0,0.5859503380940028,2,27.0,0.3712022542216138,7,98.0
2445.0,9,50.0,0.5555555555555556,7.106078516586377,3,31.0,0.48528971159625833,2,33.0,0.46280412102853946,4,35.0,0.44807143580440356,9,99.0
2450.0,12,69.0,0.75,6.4932862342053905,1,6.0,0.4691122749405231,8,53.0,0.326637428115551,3,42.0,0.4670390038290688,12,101.0
2455.0,18,109.0,1.1720430107526882,5.689084971789372,5,22.0,0.3292175757995404,7,72.0,0.26828291228616596,6,64.0,0.41680397878813913,18,158.0
2460.0,17,37.0,0.3978494623655914,5.173589862477891,7,42.0,0.35072622517233354,7,58.0,0.15498282913310213,3,37.0,0.4879130030747964,17,137.0
2465.0,12,34.0,0.37362637362637363,5.662979987551235,4,39.0,0.35834391558030293,3,64.0,0.24066679911605823,5,21.0,0.40720995882335975,12,124.0
2470.0,19,66.0,0.7415730337078652,5.359931994155983,7,44.0,0.31743665296885937,8,74.0,0.21186697442917307,4,28.0,0.33906078658784244,19,146.0
2475.0,14,34.0,0.38636363636363635,5.221573740211673,3,42.0,0.3024354605470126,8,93.0,0.2426076365371648,3,27.0,0.33757443777122587,14,162.0
2480.0,15,48.0,0.5454545454545454,5.707977434361683,6,55.0,0.3012440630399276,8,86.0,0.24267548196488356,1,19.0,0.5262313855634405,15,160.0
2485.0,14,50.0,0.5681818181818182,6.017935750042741,4,67.0,0.41385271673421653,7,89.0,0.2765829294747853,3,14.0,0.5362097042813657,14,170.0
2490.0,14,79.0,0.8876404494382022,6.291146288602907,5,53.0,0.32907693725786397,6,91.0,0.33912945707595615,3,20.0,0.6117636282561069,14,164.0
2495.0,6,28.0,0.3076923076923077,6.158119981343368,3,47.0,0.38361006809298315,2,78.0,0.3643512862223935,1,20.0,0.4791053361608618,6,145.0
2500.0,17,73.0,0.7525773195876289,6.571585962657825,3,50.0,0.420990210203531,6,65.0,0.33213193567381444,8,25.0,0.3535103637247182,17,140.0
2505.0,16,83.0,0.9021739130434783,5.511429236011875,4,56.0,0.3157815338872106,7,71.0,0.2423318784452225,5,39.0,0.2779041407073863,16,166.0
2510.0,8,21.0,0.2441860465116279,5.5394625546247145,3,42.0,0.40067728865740254,4,64.0,0.23368176904266377,1,30.0,0.40488962983235505,8,136.0
2515.0,12,54.0,0.6,6.607811413265957,6,37.0,0.43834691760326355,2,44.0,0.23085286183645587,4,24.0,0.4947553842846897,12,105.0
2520.0,8,33.0,0.3626373626373626,6.499959160557493,5,45.0,0.3561653393985955,1,35.0,0.34476026775919877,2,21.0,0.4765393469659492,8,101.0
2525.0,16,68.0,0.7555555555555555,6.523464132207425,6,42.0,0.38794623370972087,2,32.0,0.4461456719090063,8,36.0,0.3924437256602379,16,110.0
2530.0,13,64.0,0.7191011235955056,6.463856031537162,1,35.0,0.4239241005158171,2,37.0,0.6180433090280527,10,67.0,0.2808874208552891,13,139.0
2535.0,16,87.0,1.0116279069767442,5.933307511130299,6,40.0,0.30408988284081057,2,45.0,0.6298306633941347,8,76.0,0.2624636870354779,16,161.0
2540.0,14,114.0,1.2808988764044944,5.579756509587822,6,57.0,0.23223670883185088,3,57.0,0.6025427725443018,5,84.0,0.3234490100363094,14,198.0
2545.0,10,15.0,0.17045454545454544,5.527888092340026,5,47.0,0.25369516611426596,3,18.0,0.4693068077793084,2,64.0,0.34186058185727736,10,129.0
2550.0,17,69.0,0.7582417582417582,5.348156187739865,1,29.0,0.25163893741965315,8,41.0,0.37925135964850226,8,60.0,0.2163928821305881,17,130.0
2555.0,20,72.0,0.8,5.391643252527196,4,29.0,0.3871895954180269,6,59.0,0.37041094413358244,10,82.0,0.20574266962114393,20,170.0
2560.0,8,24.0,0.2823529411764706,6.021298966332762,0,14.0,0.4621651577041862,4,40.0,0.40523878500252836,4,79.0,0.2880980397043533,8,133.0
2565.0,13,40.0,0.4444444444444444,6.237216414283353,7,26.0,0.3389258959016093,2,36.0,0.4468672814546337,4,50.0,0.33329528760166666,13,112.0
2570.0,11,57.0,0.6195652173913043,6.3969465208646135,7,49.0,0.28563845199043375,2,30.0,0.45864221555672763,2,47.0,0.46111893368381374,11,126.0
2575.0,12,59.0,0.6413043478260869,5.910313572462634,6,53.0,0.25628267100861823,3,32.0,0.40085684182903686,3,46.0,0.47609470343196364,12,131.0
2580.0,13,90.0,0.9473684210526315,5.958165002248245,2,54.0,0.2275596649583571,6,52.0,0.4094938542108518,5,61.0,0.4359159402332452,13,167.0
2585.0,14,50.0,0.5,5.854135993898414,7,70.0,0.2510532938999771,4,61.0,0.3650846338842414,3,31.0,0.36518229579528616,14,162.0
2590.0,20,57.0,0.6129032258064516,5.225619908243312,7,86.0,0.2197028661259538,5,39.0,0.23492246665096753,8,35.0,0.3784672565280313,20,160.0
2595.0,13,35.0,0.3977272727272727,4.510353618298908,5,70.0,0.22775648486791475,0,38.0,0.236760322921373,8,59.0,0.24818087760776428,13,167.0
2600.0,14,48.0,0.5517241379310345,5.660021454712579,3,44.0,0.30696972856639393,6,58.0,0.4349937618825032,5,55.0,0.2763386917356179,14,157.0
2605.0,9,35.0,0.38461538461538464,5.910404949923784,3,41.0,0.3203232255789962,4,64.0,0.3785848760721604,2,43.0,0.3617968827075962,9,148.0
2610.0,14,35.0,0.38461538461538464,5.404298045849025,7,57.0,0.30090423706177005,5,43.0,0.2819673484238273,2,36.0,0.4282147001972628,14,136.0
2615.0,22,82.0,0.8913043478260869,5.49897503599017,9,75.0,0.29204272069419773,5,47.0,0.3291745005988319,8,52.0,0.3974427033320442,22,174.0
2620.0,14,46.0,0.48936170212765956,5.084560558194279,4,66.0,0.326923435864243,2,41.0,0.32976121089158894,8,71.0,0.2558789236970443,14,178.0
2625.0,14,54.0,0.5684210526315789,5.936741037528478,4,46.0,0.25320348117418867,6,45.0,0.4282641328835051,4,61.0,0.25839894178466066,14,152.0
2630.0,15,78.0,0.8387096774193549,6.447975590625443,4,46.0,0.3906965559628565,8,70.0,0.33685298617508364,3,38.0,0.405367021086515,15,154.0
2635.0,14,119.0,1.2934782608695652,7.110913536415886,4,58.0,0.5614336172443378,6,75.0,0.29221702374707215,4,44.0,0.5708949812427712,14,177.0
2640.0,12,135.0,1.4516129032258065,6.627883386996109,4,73.0,0.5084707710756721,2,54.0,0.29013132781896206,6,60.0,0.5266330128228077,12,187.0
2645.0,16,188.0,2.021505376344086,6.695563704217329,5,93.0,0.5380391779946309,5,39.0,0.2658387127408968,6,86.0,0.4514588543720275,16,218.0
2650.0,17,137.0,1.5747126436781609,5.115889507906356,5,115.0,0.4489546893588277,8,51.0,0.1671630093401691,4,66.0,0.27888447243659115,17,232.0
2655.0,15,84.0,1.0,4.83526536254112,4,97.0,0.31542233731816394,6,55.0,0.18035736129311372,5,32.0,0.4189192422722634,15,184.0
2660.0,13,70.0,0.8536585365853658,6.067711338038886,6,63.0,0.5228987134808855,6,62.0,0.23106266517160623,1,30.0,0.5119376456466155,13,155.0
2665.0,15,135.0,1.6666666666666667,6.565469921297591,6,52.0,0.5122999674014267,6,80.0,0.23747873216109322,3,23.0,0.5634367834484987,15,155.0
2670.0,14,122.0,1.5061728395061729,6.5846634469844645,4,55.0,0.43444087705770834,7,113.0,0.3555747145085931,3,21.0,0.5792141658661512,14,189.0
2675.0,11,45.0,0.5294117647058824,6.74534853725196,2,21.0,0.42774636753298656,4,90.0,0.4096599274698858,5,22.0,0.4847331308024123,11,133.0
2680.0,12,44.0,0.5176470588235295,6.670645798584415,1,12.0,0.47186188134132306,7,41.0,0.3824287576336318,4,29.0,0.31169465931308216,12,82.0
2685.0,19,102.0,1.2289156626506024,6.7053589579828685,2,19.0,0.5370890229735781,13,77.0,0.2928954713455196,4,26.0,0.31737469418523356,19,122.0
2690.0,17,110.0,1.3253012048192772,6.298540632720557,2,29.0,0.5268243807047408,13,118.0,0.2579217746022109,2,27.0,0.38703035621766835,17,174.0
2695.0,16,71.0,0.9102564102564102,6.648336263232345,2,13.0,0.5046281855215822,12,138.0,0.2558494894593912,2,26.0,0.6045875879157597,16,177.0
2700.0,16,63.0,0.7974683544303798,6.163681108756522,6,20.0,0.40228674873765796,8,130.0,0.19520072704376612,2,7.0,0.5155691519206352,16,157.0
2705.0,12,73.0,0.948051948051948,7.302633098506942,2,24.0,0.5067019606345291,7,135.0,0.29252733272479625,3,19.0,0.5851324024985577,12,178.0
2710.0,11,103.0,1.4507042253521127,7.875074652851489,2,10.0,0.5252454313381912,4,124.0,0.4802375504618554,5,40.0,0.4927199937439844,11,174.0
2715.0,11,111.0,1.5205479452054795,7.720438656706938,3,19.0,0.6070672704540431,4,114.0,0.5556924194648474,4,43.0,0.35060686592961504,11,176.0
2720.0,10,144.0,1.9726027397260273,7.918056846241542,4,34.0,0.60564133023135,4,125.0,0.5557135224900819,2,17.0,0.44702904355989576,10,176.0
2725.0,8,62.0,0.8051948051948052,7.514158697302279,4,49.0,0.5523908793782601,1,73.0,0.5268545684044734,3,17.0,0.4149453233556423,8,139.0
2730.0,15,111.0,1.3703703703703705,7.516606876538656,4,64.0,0.5600065782490399,7,40.0,0.39561699131807615,4,27.0,0.42565470099847075,15,131.0
2735.0,10,99.0,1.2692307692307692,6.242103052099158,4,81.0,0.43053696256402824,5,52.0,0.2875730499322858,1,20.0,0.40022639521159503,10,153.0
2740.0,11,33.0,0.42857142857142855,6.366696517952659,5,51.0,0.3638782755567742,1,38.0,0.2904580183926498,5,20.0,0.4167489261481448,11,109.0
2745.0,20,94.0,1.2702702702702702,6.711864982559527,7,42.0,0.4702738017890347,2,14.0,0.34778952984706485,11,61.0,0.35770748560190846,20,117.0
2750.0,16,63.0,0.9,5.229480882942042,4,48.0,0.4342578818057006,1,13.0,0.3523064523134474,11,96.0,0.2201278275432442,16,157.0
2755.0,17,79.0,1.1285714285714286,5.462738551548542,3,30.0,0.45929294137560595,7,42.0,0.3368274664984134,7,98.0,0.2583773002040061,17,170.0
2760.0,14,88.0,1.2054794520547945,6.9131509811687595,4,46.0,0.48754357413356697,5,59.0,0.4777221538553373,5,80.0,0.37042452394921477,14,185.0
2765.0,8,79.0,1.0394736842105263,8.271239362614317,5,68.0,0.49872921022415106,2,37.0,0.5353013861598578,1,72.0,0.5834551475481778,8,177.0
2770.0,6,43.0,0.5733333333333334,8.578591668390356,0,36.0,0.693833946646382,4,23.0,0.48351184940221575,2,54.0,0.6387979555498715,6,113.0
2775.0,8,73.0,0.948051948051948,8.445166619194525,3,7.0,0.6180314691913412,3,34.0,0.4994621012557925,2,49.0,0.5776870363901391,8,90.0
2780.0,5,45.0,0.6081081081081081,7.5412684951134,2,7.0,0.5621309231469384,1,27.0,0.3035667679495545,2,44.0,0.6638867459082124,5,78.0
2785.0,9,78.0,1.0833333333333333,7.206159471758222,0,1.0,0.49986538782935275,7,26.0,0.34991802261859384,2,54.0,0.5567913847549234,9,81.0
2790.0,10,31.0,0.4246575342465753,7.3414409815615045,3,5.0,0.5810423639022905,6,53.0,0.39410615356775397,1,8.0,0.4466978005091834,10,66.0
2795.0,11,35.0,0.5,7.585317807128882,2,13.0,0.6679682016424339,5,46.0,0.3481115086493034,4,17.0,0.5277552535704545,11,76.0
2800.0,6,22.0,0.3283582089552239,7.721518211283764,1,8.0,0.6132345709877147,4,36.0,0.40720077297250057,1,20.0,0.5111186541057823,6,64.0
2805.0,5,36.0,0.5806451612903226,8.742488858223972,1,8.0,0.698850111010858,2,40.0,0.5271857282077014,2,10.0,0.6128447712751722,5,58.0
2810.0,10,56.0,0.8484848484848485,8.027667727313506,3,7.0,0.4701948269707775,4,45.0,0.5431375333424612,3,18.0,0.640675135871563,10,70.0
2815.0,9,89.0,1.328358208955224,8.859067315661738,2,8.0,0.5616786838585028,5,59.0,0.524618215207539,2,28.0,0.6483340031577999,9,95.0
2820.0,9,71.0,1.0142857142857142,8.559427723374514,4,20.0,0.5325550325786782,2,47.0,0.5599436661248874,3,43.0,0.5908028857430824,9,110.0
2825.0,7,14.0,0.1917808219178082,7.513364561227241,2,11.0,0.4938277134897254,2,21.0,0.43818935584598945,3,13.0,0.42974182424027213,7,45.0
2830.0,18,59.0,0.8082191780821918,6.442435159571299,8,25.0,0.3641883693616996,4,31.0,0.30746971246812693,6,23.0,0.28402624189980985,18,79.0
2835.0,20,108.0,1.7419354838709677,6.802066237933559,11,74.0,0.3998685039445506,3,32.0,0.3827402747554264,6,46.0,0.3771216623230067,20,152.0
2840.0,14,86.0,1.4827586206896552,6.5718248608976655,8,94.0,0.3245156316928644,3,39.0,0.42591335616182496,3,30.0,0.49218975251100094,14,163.0
2845.0,4,23.0,0.3898305084745763,8.226941270418477,1,65.0,0.38915457427704014,1,28.0,0.6605507700538142,2,24.0,0.620631330208943,4,117.0
2850.0,4,38.0,0.5846153846153846,9.43857587175482,2,18.0,0.4272667596345434,0,4.0,0.8110757767867416,2,29.0,0.5986208349799195,4,51.0
2855.0,5,59.0,0.921875,10.06831510033576,2,18.0,0.5381624106123567,1,2.0,0.7620201028921993,2,39.0,0.654282980521642,5,59.0
2860.0,6,17.0,0.27419354838709675,8.679357897429666,3,15.0,0.5619154579564107,2,9.0,0.582393253107323,1,2.0,0.49871816445868533,6,26.0
2865.0,13,68.0,1.1724137931034482,8.36508828909149,6,28.0,0.45945337349035187,3,24.0,0.6504375064345235,4,16.0,0.4708475791078967,13,68.0
2870.0,7,17.0,0.3090909090909091,6.557608113083861,3,33.0,0.40188576572678897,2,14.0,0.2799928883452663,2,13.0,0.550823498987188,7,60.0
2875.0,6,28.0,0.5185185185185185,7.989864583975425,0,13.0,0.3998199415184736,5,30.0,0.4700399851539686,1,2.0,0.5779635061812057,6,45.0
2880.0,4,8.0,0.1509433962264151,8.963601517428408,2,2.0,0.48041027909321843,1,27.0,0.5593705588840614,1,4.0,0.6533349727524621,4,33.0
2885.0,4,11.0,0.2037037037037037,9.844334977734162,1,7.0,0.5953808899645617,1,7.0,0.6599841371732801,2,1.0,0.5927838097583327,4,15.0
2890.0,5,34.0,0.7083333333333334,10.22660868449219,2,17.0,0.6394440373358534,1,8.0,0.7575911602803997,2,9.0,0.5489850575440968,5,34.0
2895.0,5,15.0,0.3333333333333333,9.089643906264877,0,8.0,0.7313096497748146,3,15.0,0.5545623583116014,2,3.0,0.5972229934622432,5,26.0
2900.0,3,5.0,0.10638297872340426,8.754356479295812,2,3.0,0.4729463501570308,1,8.0,0.5092719209829226,0,0.0,0.6290265401804309,3,11.0
2905.0,5,23.0,0.5111111111111111,8.609371280839557,0,4.0,0.5471832198273422,4,20.0,0.4045149099898721,1,5.0,0.6449894218480684,5,29.0
2910.0,11,33.0,0.7333333333333333,8.10390338288399,2,2.0,0.40497389154315905,5,36.0,0.5771413792369595,4,15.0,0.5217062095062895,11,53.0
2915.0,5,37.0,0.8043478260869565,9.647449176357187,2,7.0,0.6136176077029284,0,24.0,0.7027031230065761,3,32.0,0.6303974436853474,5,63.0
2920.0,6,62.0,1.3191489361702127,9.564063344891983,2,13.0,0.6981150916140653,1,10.0,0.6794841833764701,3,47.0,0.6099620174510155,6,70.0
2925.0,9,101.0,2.061224489795918,9.034073209610622,3,27.0,0.6286678441331797,2,14.0,0.6919503775829464,4,62.0,0.6069129998820246,9,103.0
2930.0,6,99.0,1.8679245283018868,8.889915056671375,1,10.0,0.566125907088611,2,24.0,0.705094116036358,3,75.0,0.6115661404279308,6,109.0
2935.0,9,13.0,0.22807017543859648,7.605094613305602,3,9.0,0.44866597282941406,2,15.0,0.5345736756510593,4,32.0,0.49436722079800394,9,56.0
2940.0,10,34.0,0.6071428571428571,6.6876262811997105,1,17.0,0.30917711648460966,4,15.0,0.35845515910755693,5,19.0,0.4312105166498023,10,51.0
2945.0,7,18.0,0.35294117647058826,5.602039858152887,1,7.0,0.435127659150139,2,17.0,0.2908271368117484,4,31.0,0.23512506096462432,7,55.0
2950.0,6,29.0,0.5471698113207547,8.010784726769131,1,12.0,0.6570457804633479,1,13.0,0.6464756886232373,4,33.0,0.3156216052023886,6,58.0
2955.0,7,49.0,0.8909090909090909,9.30854753146657,2,17.0,0.5674519996401277,2,13.0,0.7535705627393549,3,34.0,0.50028390300129,7,64.0
2960.0,8,60.0,1.0714285714285714,8.74656067519762,2,7.0,0.5396596076668071,2,23.0,0.5758551119963377,4,45.0,0.5160539651666708,8,75.0
2965.0,5,16.0,0.2962962962962963,7.74667695787855,4,15.0,0.5256877604085344,1,20.0,0.40448662992352824,0,18.0,0.4862459864065925,5,53.0
2970.0,6,17.0,0.32075471698113206,7.291365385905218,2,21.0,0.37720759633845646,1,3.0,0.3553498529570625,3,18.0,0.5552692919107258,6,42.0
2975.0,3,14.0,0.2978723404255319,9.525864939438515,2,13.0,0.6409506098887128,1,8.0,0.673894928342588,0,13.0,0.6551461710314737,3,34.0
2980.0,3,13.0,0.2708333333333333,9.122462322098642,0,3.0,0.6208196590613441,2,17.0,0.6570735163439755,1,2.0,0.6411983967123955,3,22.0
2985.0,12,48.0,0.9230769230769231,7.741585675579483,6,20.0,0.4185792788316462,2,25.0,0.612291213674262,4,10.0,0.40176547418177105,12,55.0
2990.0,18,92.0,1.7692307692307692,4.6973958189085545,10,58.0,0.2067131523334796,0,12.0,0.3427654171442422,8,39.0,0.3217140700804003,18,109.0
2995.0,18,78.0,1.5294117647058822,4.4596987364883125,8,83.0,0.20675102771725573,3,13.0,0.24472649632067228,7,56.0,0.3281789673050544,18,152.0
3000.0,2,4.0,0.07547169811320754,6.810324052607,1,64.0,0.3646767614127404,0,12.0,0.6575876576768901,1,33.0,0.34245811622309197,2,109.0
3005.0,3,12.0,0.21428571428571427,9.640019467535069,1,23.0,0.5147096454740692,1,8.0,0.765377535688753,1,10.0,0.6007516178385949,3,41.0
3010.0,5,6.0,0.09836065573770492,8.852056876403653,2,24.0,0.44307603241792914,0,4.0,0.8030322894826798,3,7.0,0.5281168675122009,5,35.0
3015.0,14,47.0,0.734375,6.3346968977859115,5,40.0,0.30752877255827843,2,8.0,0.44651598071978976,7,30.0,0.31825823217807975,14,78.0
3020.0,8,22.0,0.39285714285714285,4.9219247952795415,2,33.0,0.2503222350749534,1,11.0,0.20944228089638944,5,41.0,0.3721485817767999,8,85.0
3025.0,6,11.0,0.19642857142857142,6.112901509152278,2,16.0,0.37453778490720246,1,12.0,0.4776030635652739,3,32.0,0.34612863944783145,6,60.0
3030.0,9,37.0,0.6166666666666667,8.677253218933663,3,16.0,0.5047534772004231,2,19.0,0.7355888119527005,4,26.0,0.5162363439733828,9,61.0
3035.0,7,69.0,1.1311475409836065,9.681601062947564,1,15.0,0.6325255449323415,2,27.0,0.781686402555376,4,36.0,0.5855417279947305,7,78.0
3040.0,5,55.0,0.9016393442622951,9.526799348595006,1,18.0,0.7642187142242695,2,35.0,0.7014523475332449,2,23.0,0.5368414253117468,5,76.0
3045.0,13,97.0,1.5901639344262295,8.253538835192485,3,25.0,0.6244945731947941,2,45.0,0.6985833508347238,8,30.0,0.37584607578623125,13,100.0
3050.0,9,62.0,1.0,7.681429731929123,2,35.0,0.634539124571233,1,25.0,0.5878419156923272,6,51.0,0.38533938255347516,9,111.0
3055.0,11,61.0,0.9384615384615385,6.952473459667828,3,46.0,0.5819674225876577,5,14.0,0.42284560296471,3,38.0,0.29645737452020254,11,98.0
3060.0,4,14.0,0.2222222222222222,7.511288092633345,0,4.0,0.5109805259027569,3,22.0,0.501672569409816,1,16.0,0.44610740760183404,4,42.0
3065.0,6,32.0,0.5161290322580645,8.014942158388264,3,13.0,0.42137777263538456,2,20.0,0.5215952345546787,1,13.0,0.60603723599213,6,46.0
3070.0,8,42.0,0.6885245901639344,8.135252222829303,1,15.0,0.40631398555733134,3,27.0,0.5556551285559275,4,20.0,0.5666146968590903,8,62.0
3075.0,8,13.0,0.21666666666666667,7.600879970940489,2,7.0,0.5703075098537056,4,17.0,0.4221066912839553,2,5.0,0.5892686790157057,8,29.0
3080.0,16,60.0,0.967741935483871,6.5567653988788726,3,12.0,0.4561168488709536,7,36.0,0.34201667886834175,6,25.0,0.3339231786180181,16,73.0
3085.0,17,69.0,1.1694915254237288,4.788250417177829,6,30.0,0.3842236353760624,6,57.0,0.1466678523635297,5,39.0,0.20522897883398897,17,126.0
3090.0,5,20.0,0.35714285714285715,5.917611075917871,2,33.0,0.4274833799209375,2,46.0,0.2870085490238163,1,31.0,0.44518413056184536,5,110.0
3095.0,5,25.0,0.4032258064516129,9.067808509557137,2,12.0,0.5481970155905447,1,27.0,0.6664071825057962,2,17.0,0.6507247682057785,5,56.0
3100.0,6,42.0,0.6461538461538462,9.910177852787282,3,13.0,0.5825607307909176,1,20.0,0.7531414621926436,2,18.0,0.7121778993100574,6,51.0
3105.0,6,50.0,0.7352941176470589,8.714323974905817,1,4.0,0.49873713407533654,2,23.0,0.6680300876161501,3,28.0,0.6300609024355602,6,55.0
3110.0,9,59.0,0.9076923076923077,8.609895945192871,7,21.0,0.46527619831812805,0,8.0,0.542466926894161,2,38.0,0.7006334605520753,9,67.0
3115.0,14,78.0,1.2580645161290323,6.072303975525463,5,36.0,0.30374373873429145,7,20.0,0.2563420400583922,2,48.0,0.605736794871191,14,104.0
3120.0,8,81.0,1.3728813559322033,6.641682343079058,1,24.0,0.3512284330411316,5,44.0,0.3449203163179722,2,58.0,0.5947541560796036,8,126.0
3125.0,8,78.0,1.3,6.927425201323634,4,27.0,0.35179743467559277,2,32.0,0.40403337309251736,2,70.0,0.6042993369498757,8,129.0
3130.0,14,129.0,2.0806451612903225,7.656434488790808,10,63.0,0.3343441491033073,2,22.0,0.517933961126925,2,80.0,0.686631475761668,14,165.0
3135.0,10,126.0,2.290909090909091,6.169094273675518,7,84.0,0.20436625718201748,1,17.0,0.40861713122152044,2,88.0,0.7484140660458967,10,189.0
3140.0,14,127.0,2.309090909090909,5.4588882318777925,3,63.0,0.19617831947375666,6,33.0,0.2563844035083943,5,99.0,0.4565450888473004,14,195.0
3145.0,7,130.0,2.3214285714285716,7.218379136798256,0,26.0,0.39747740912342266,4,46.0,0.40482633173947224,3,114.0,0.4342231270946722,7,186.0
3150.0,3,5.0,0.08620689655172414,8.931025962045718,1,13.0,0.5670147504779188,1,33.0,0.6293698517271276,1,62.0,0.5268711696503116,3,108.0
3155.0,0,0.0,0.0,10.499026863271657,0,7.0,0.7421713328582782,0,13.0,0.6492572750564211,0,2.0,0.8553686041293213,0,22.0
3160.0,0,0.0,0.0,10.314953104029733,0,2.0,0.7486235394230458,0,4.0,0.8002172813174395,0,2.0,0.7219988465663753,0,8.0
3165.0,1,3.0,0.06,9.61127108919018,1,3.0,0.7176405339721251,0,0.0,0.7592180829951947,0,0.0,0.5837047725458596,1,3.0
3170.0,2,8.0,0.1702127659574468,10.713150342518018,2,8.0,0.6933806888139821,0,2.0,0.8577994604502888,0,0.0,0.7346438223746542,2,10.0
3175.0,4,17.0,0.34,10.605684882305251,1,13.0,0.6561440767505867,1,4.0,0.7635910987525824,2,2.0,0.7311564623669397,4,19.0
3180.0,6,22.0,0.4,8.657431590396278,2,1.0,0.36522073375718717,3,16.0,0.5583580961698307,1,7.0,0.6471841825597354,6,24.0
3185.0,8,35.0,0.660377358490566,7.756345456498566,4,14.0,0.4507599231508866,3,23.0,0.3236663608542064,1,12.0,0.7197338256687469,8,49.0
3190.0,5,14.0,0.27450980392156865,7.871299295150419,3,27.0,0.43131698771690413,1,17.0,0.4558992759773506,1,3.0,0.6211709386555407,5,47.0
3195.0,5,20.0,0.40816326530612246,9.678212202120209,3,24.0,0.581679918275822,0,6.0,0.5931747195841024,2,13.0,0.6689029825287598,5,43.0
3200.0,3,5.0,0.10416666666666667,8.786426356012432,3,22.0,0.5229687450383353,0,4.0,0.7658034980691409,0,6.0,0.623273362497544,3,32.0
3205.0,8,27.0,0.574468085106383,8.199332123287766,7,42.0,0.4062432462429139,0,4.0,0.736168993035731,1,0.0,0.6062192648039222,8,46.0
3210.0,5,15.0,0.30612244897959184,8.400534165123704,4,45.0,0.3409664946606928,0,4.0,0.7349847225132754,1,0.0,0.7212392448479475,5,49.0
3215.0,1,2.0,0.04081632653061224,9.463987269736712,0,18.0,0.4502451008557676,1,8.0,0.7231596227011032,0,0.0,0.69216107177043,1,26.0
3220.0,2,7.0,0.14,10.1083553089218,0,0.0,0.6307376440803159,0,5.0,0.7809594809583744,2,7.0,0.6095535762513425,2,12.0
3225.0,6,8.0,0.16326530612244897,9.094509357228565,2,4.0,0.6620278493942843,0,2.0,0.8316458695149059,4,6.0,0.40293331830267004,6,12.0
3230.0,5,30.0,0.6382978723404256,10.21739448533637,1,9.0,0.7624256350253001,0,0.0,0.8604005467585464,4,23.0,0.4659946541975786,5,32.0
3235.0,3,18.0,0.47368421052631576,9.44620518065279,1,14.0,0.763719244411091,0,0.0,0.6484635587524413,2,20.0,0.5189987970761679,3,34.0
3240.0,3,10.0,0.2857142857142857,7.623542127584581,0,0.0,0.5190420952635734,2,9.0,0.5084174183240544,1,8.0,0.4836198746958212,3,17.0
3245.0,11,51.0,1.3783783783783783,6.472231207687944,4,11.0,0.14208995604416583,5,29.0,0.49120499130465733,2,13.0,0.5179523918714461,11,53.0
3250.0,6,42.0,1.0769230769230769,7.089199948596997,1,21.0,0.32046560947187747,2,36.0,0.5438747253535275,3,23.0,0.4397603230286793,6,80.0
3255.0,2,0.0,0.0,9.199233362126117,1,4.0,0.6807794227318366,1,18.0,0.6022436791031814,0,15.0,0.6561609729158879,2,37.0
3260.0,5,8.0,0.1702127659574468,9.802659868587028,0,0.0,0.761763099978352,2,8.0,0.6370906859989272,3,4.0,0.5575539103323504,5,12.0
3265.0,1,1.0,0.020833333333333332,9.393928389276388,0,0.0,0.7841337152554316,1,7.0,0.5448940719002969,0,2.0,0.6534381270489622,1,9.0
3270.0,6,18.0,0.3673469387755102,8.771487056643421,0,0.0,0.7730351818752079,5,18.0,0.4368231456874774,1,4.0,0.6265430814305032,6,22.0
3275.0,6,20.0,0.4,8.121508600602446,0,0.0,0.7657163581459624,2,24.0,0.4755180667233908,4,13.0,0.44160414888469973,6,37.0
3280.0,4,6.0,0.11320754716981132,8.704895867497614,1,2.0,0.7049179756120041,1,13.0,0.502387018673682,2,15.0,0.5033362591407221,4,30.0
3285.0,6,34.0,0.6296296296296297,9.840727009086018,0,2.0,0.8524018115962186,3,18.0,0.5602227261181981,3,18.0,0.5423059917199412,6,38.0
3290.0,7,7.0,0.14285714285714285,8.34493792362579,2,5.0,0.7546777075080592,3,20.0,0.32917901804712285,2,15.0,0.5752271225599965,7,40.0
3295.0,10,37.0,0.7551020408163265,7.076753250117478,2,7.0,0.4953097397129815,6,30.0,0.3748141290832292,2,7.0,0.5049266878061169,10,44.0
3300.0,10,40.0,0.8,7.584746956844208,7,29.0,0.2968898178108158,2,35.0,0.4716671262185315,1,11.0,0.6635550303462334,10,75.0
3305.0,12,88.0,1.6923076923076923,8.177208325920104,11,78.0,0.2758416809158053,0,5.0,0.7460929475909641,1,18.0,0.5861404208992151,12,101.0
3310.0,11,127.0,2.4423076923076925,8.552127761454198,11,133.0,0.28520288559473245,0,2.0,0.7389267084723631,0,2.0,0.8494959099746336,11,137.0
3315.0,9,80.0,1.6326530612244898,7.469398782313881,8,146.0,0.2954636381512683,0,2.0,0.8087590805169576,1,3.0,0.625320695075993,9,151.0
3320.0,4,8.0,0.1702127659574468,6.986279951769064,3,104.0,0.3911607256748293,0,4.0,0.929919255324573,1,5.0,0.46231468214063515,4,113.0
3325.0,1,0.0,0.0,7.754485548948697,0,38.0,0.4056625019005531,0,6.0,0.7086055114749398,1,1.0,0.41032087160837927,1,45.0
3330.0,2,9.0,0.17307692307692307,9.51342458293986,0,8.0,0.4937060727047058,2,15.0,0.6891229376981939,0,0.0,0.7137458257493269,2,23.0
3335.0,2,4.0,0.07547169811320754,10.096264956737045,1,0.0,0.6534350807072954,0,11.0,0.7497644754149542,1,4.0,0.5658409673300732,2,15.0
3340.0,4,13.0,0.26,10.329919103453847,0,2.0,0.8256385813341296,1,1.0,0.6950940967038225,3,12.0,0.575628768390604,4,15.0
3345.0,4,7.0,0.14285714285714285,9.725613630807501,2,3.0,0.672537532843751,1,6.0,0.7350595823703645,1,1.0,0.6149383181799948,4,10.0
3350.0,3,17.0,0.3541666666666667,9.91906771537704,1,3.0,0.7043606374754389,1,13.0,0.7251235399167621,1,5.0,0.666205950934063,3,21.0
3355.0,5,39.0,0.7959183673469388,9.627110964313648,2,11.0,0.5022699637485889,1,18.0,0.7761967993443978,2,14.0,0.5497319507258811,5,43.0
3360.0,6,51.0,1.108695652173913,8.727388555114691,1,6.0,0.30217129956670336,1,23.0,0.7665031208351469,4,29.0,0.5860729394850239,6,58.0
3365.0,5,70.0,1.5555555555555556,9.511411767708266,0,2.0,0.5768902654681836,1,28.0,0.7429127614496306,4,44.0,0.6092118472334264,5,74.0
3370.0,5,36.0,0.7659574468085106,9.270099631698042,0,0.0,0.7495525171546255,2,34.0,0.6361574058108995,3,21.0,0.5269739816503938,5,55.0
3375.0,9,66.0,1.375,8.637131169648773,1,0.0,0.7750625369001088,2,42.0,0.47229995448005213,6,24.0,0.30768308895708096,9,66.0
3380.0,8,20.0,0.46511627906976744,6.803912114079389,1,2.0,0.6606751309601772,1,10.0,0.38459659301144283,6,39.0,0.2538854458069117,8,51.0
3385.0,6,22.0,0.55,6.520184653378645,4,15.0,0.3609819216606902,2,9.0,0.46354171719157905,0,25.0,0.3595679855798091,6,49.0
3390.0,3,5.0,0.1282051282051282,7.2460348933333965,2,18.0,0.26197434236962047,0,6.0,0.6597595737789069,1,3.0,0.5162662598777904,3,27.0
3395.0,4,3.0,0.07142857142857142,8.290825884892845,1,6.0,0.5034213969558492,0,2.0,0.7401123148972832,3,8.0,0.42253252844495554,4,16.0
3400.0,7,29.0,0.6744186046511628,8.633813583861864,0,0.0,0.776796055881331,0,0.0,0.7642234207946341,7,34.0,0.30389590664737,7,34.0
3405.0,5,19.0,0.4418604651162791,8.179960835135343,0,0.0,0.7014136120787763,0,0.0,0.8454886888727456,5,50.0,0.2229548521811262,5,50.0
3410.0,4,6.0,0.14285714285714285,8.574003206509449,1,1.0,0.6268528887511524,0,2.0,0.7964757042613916,3,36.0,0.3849796243520914,4,39.0
3415.0,4,14.0,0.3333333333333333,9.048148428186764,3,12.0,0.5329350221162749,1,4.0,0.7085073618740586,0,17.0,0.5642286989405206,4,33.0
3420.0,5,18.0,0.4090909090909091,8.855851827380237,2,19.0,0.4808799682973128,3,14.0,0.5700284160455001,0,8.0,0.7304057250269601,5,41.0
3425.0,0,0.0,0.0,9.731545192382471,0,7.0,0.6054371698652106,0,14.0,0.6460956104427192,0,0.0,0.8928782793886129,0,21.0
3430.0,0,0.0,0.0,10.273589535245867,0,1.0,0.7304038727031235,0,2.0,0.6990875408271832,0,2.0,0.7738106560311443,0,5.0
3435.0,4,2.0,0.041666666666666664,9.855114876729381,2,3.0,0.6358634345805717,0,2.0,0.7566314428399394,2,2.0,0.6660812241000581,4,7.0
3440.0,3,14.0,0.2857142857142857,9.585037223610225,3,15.0,0.5621018964725198,0,0.0,0.6701760554682491,0,0.0,0.763915826538526,3,15.0
3445.0,4,13.0,0.2708333333333333,9.043817824792713,3,23.0,0.4989051928777103,1,4.0,0.6669871951656863,0,0.0,0.8114555624090026,4,27.0
3450.0,2,13.0,0.2653061224489796,8.861162208695905,0,15.0,0.5126609325118181,1,11.0,0.7767051019068986,1,4.0,0.5954901068264095,2,30.0
3455.0,1,1.0,0.0196078431372549,8.492266599482582,1,4.0,0.5137410027760096,0,2.0,0.8372163940923432,0,2.0,0.4254094489913224,1,8.0
3460.0,5,10.0,0.19607843137254902,9.233266144113475,2,6.0,0.5678801767492014,2,8.0,0.6799304675685433,1,0.0,0.4998675754077507,5,14.0
3465.0,1,11.0,0.22,10.705478396300242,1,11.0,0.6629274269172853,0,6.0,0.7184427219666824,0,0.0,0.7706145407625034,1,17.0
3470.0,3,4.0,0.0851063829787234,10.417833453432076,3,6.0,0.5448360178053626,0,2.0,0.7092692365044825,0,2.0,0.8481359658349786,3,10.0
3475.0,7,25.0,0.5319148936170213,9.570301810995522,7,27.0,0.37515739083315974,0,0.0,0.6977438389096751,0,2.0,0.8897341916524435,7,29.0
3480.0,2,7.0,0.1590909090909091,8.903942349580191,1,32.0,0.477562574542801,1,0.0,0.7212662073937555,0,2.0,0.698789372600374,2,34.0
3485.0,6,10.0,0.2222222222222222,8.305988849817494,2,9.0,0.5714879742480251,1,3.0,0.7560831454700608,3,11.0,0.47174759660291865,6,23.0
3490.0,2,1.0,0.02040816326530612,7.683260394007717,0,0.0,0.6171123693511914,0,2.0,0.6289117201215718,2,12.0,0.34788207561922196,2,14.0
3495.0,1,4.0,0.07547169811320754,8.794417231831027,0,0.0,0.5080865882074769,1,8.0,0.7668259673048504,0,1.0,0.4392108907619398,1,9.0
3500.0,1,3.0,0.05660377358490566,9.405199707755065,1,3.0,0.6148546229416836,0,2.0,0.5982801761726034,0,0.0,0.5846887920341522,1,5.0
3505.0,5,16.0,0.3137254901960784,9.302341553061165,1,10.0,0.6969360332754607,1,7.0,0.5920565158710135,3,3.0,0.5415181141560365,5,20.0
3510.0,8,33.0,0.6346153846153846,8.768044557776111,2,4.0,0.5067012919659769,1,10.0,0.6325073675255821,5,21.0,0.49865513336808176,8,35.0
3515.0,8,44.0,0.8979591836734694,7.7183765831349875,4,18.0,0.5260634038885429,1,15.0,0.5589191962991873,3,32.0,0.44232729044255853,8,65.0
3520.0,2,3.0,0.06382978723404255,7.09798041467226,1,15.0,0.5174504220660724,1,4.0,0.5433417756659513,0,16.0,0.3775476418506551,2,35.0
3525.0,5,17.0,0.34,8.948107433761878,1,5.0,0.5827059894596808,3,17.0,0.5961642838166678,1,0.0,0.5011669871413236,5,22.0
3530.0,4,37.0,0.6981132075471698,10.772322316038073,1,9.0,0.6382714442705335,3,32.0,0.7337254783463618,0,0.0,0.7187304892182649,4,41.0
3535.0,3,14.0,0.28,9.362937127324937,2,14.0,0.5313189599170279,0,14.0,0.5641015267870021,1,0.0,0.7296670528015924,3,28.0
3540.0,1,4.0,0.0851063829787234,9.695499380251464,0,3.0,0.6871828792409639,1,4.0,0.49567647676701987,0,2.0,0.7898077070221344,1,9.0
3545.0,4,14.0,0.3111111111111111,10.04455285880562,2,7.0,0.6553302379553163,1,9.0,0.6609527724850606,1,2.0,0.7201174571975616,4,18.0
3550.0,3,16.0,0.41025641025641024,9.819282179185173,1,8.0,0.6459766966285688,1,14.0,0.6822993334097655,1,2.0,0.7417157996888384,3,24.0
3555.0,1,19.0,0.48717948717948717,10.456038879895981,0,2.0,0.6806425475931838,1,21.0,0.7410319069392967,0,0.0,0.7988028944045399,1,23.0
3560.0,0,0.0,0.0,10.965260823821458,0,0.0,0.8247834319044566,0,2.0,0.7376340358747494,0,0.0,0.79682859568858,0,2.0
3565.0,4,6.0,0.13333333333333333,9.984914857268986,1,0.0,0.7186684405718842,2,8.0,0.6355328067064193,1,0.0,0.7292258801739294,4,8.0
3570.0,3,4.0,0.08695652173913043,9.049587073850551,0,0.0,0.7374423443036506,2,13.0,0.5848257871815521,1,0.0,0.4793745677120463,3,13.0
3575.0,5,14.0,0.34146341463414637,9.026949509886334,1,3.0,0.715436970454884,0,5.0,0.6321659596819539,4,13.0,0.5702403967388301,5,21.0
3580.0,3,10.0,0.24390243902439024,8.399302834351252,2,11.0,0.5543237787279635,0,0.0,0.7436872796540162,1,14.0,0.5880200246013891,3,25.0
3585.0,3,5.0,0.11904761904761904,7.766818139239748,0,11.0,0.5974241742892086,1,4.0,0.4102074196496383,2,4.0,0.5715537005189502,3,19.0
3590.0,6,27.0,0.6428571428571429,9.093273909683692,1,0.0,0.6326955898348928,4,23.0,0.5899239748970425,1,8.0,0.680200437919997,6,31.0
3595.0,3,4.0,0.08888888888888889,9.170925155226152,1,0.0,0.610276600053194,0,18.0,0.7747933443554025,2,4.0,0.4177904150608479,3,22.0
3600.0,8,30.0,0.6382978723404256,8.843534205444035,2,5.0,0.5576503544146703,0,2.0,0.9039855171795674,6,29.0,0.38866314067141905,8,36.0
