step,system_total_stopped,system_total_waiting_time,system_mean_waiting_time,system_mean_speed,A0_stopped,A0_accumulated_waiting_time,A0_average_speed,B0_stopped,B0_accumulated_waiting_time,B0_average_speed,C0_stopped,C0_accumulated_waiting_time,C0_average_speed,agents_total_stopped,agents_total_accumulated_waiting_time
5.0,1,0.0,0.0,3.083606333087664,1,0.0,0.22422169056726124,0,0.0,1.0,0,0.0,1.0,1,0.0
10.0,0,0.0,0.0,8.417339868046097,0,0.0,0.6707251257793642,0,0.0,0.5209235149001227,0,0.0,1.0,0,0.0
15.0,2,0.0,0.0,8.008782967221421,2,0.0,0.4844518419246885,0,0.0,0.5991494091161758,0,0.0,1.0,2,0.0
20.0,1,2.0,0.25,7.634311723512785,0,0.0,0.6484942826456215,1,2.0,0.3695211559400992,0,0.0,1.0,1,2.0
25.0,0,0.0,0.0,7.480649560554308,0,0.0,0.6464306508650047,0,0.0,1.0,0,0.0,0.34318251282782425,0,0.0
30.0,3,2.0,0.11764705882352941,8.305702518013154,2,2.0,0.4827647797375838,1,0.0,0.4924406136048673,0,0.0,0.8219905965911165,3,2.0
35.0,0,0.0,0.0,9.218162695859188,0,3.0,0.6547066549228959,0,0.0,0.8730817019682665,0,0.0,0.5697931604104065,0,3.0
40.0,4,13.0,0.8125,6.7111212489810494,1,3.0,0.37336221697186356,1,1.0,0.4291534448906798,2,9.0,0.4731833483921885,4,13.0
45.0,8,32.0,1.8823529411764706,3.3566849053921235,3,9.0,0.09529482145646384,2,8.0,0.30299799885401907,3,21.0,0.00020485903984584258,8,38.0
50.0,1,6.0,0.375,7.3407941645823565,1,8.0,0.5073683809193013,0,7.0,0.6932804522286989,0,5.0,0.26409010172598646,1,20.0
55.0,1,11.0,0.7333333333333333,10.660303344941411,1,11.0,0.3736857923866536,0,2.0,0.8122496169354579,0,0.0,0.912246412221246,1,13.0
60.0,2,21.0,1.5,9.313077463672164,2,21.0,0.3264243134163126,0,2.0,0.778781174701998,0,0.0,0.648788661986905,2,23.0
65.0,1,0.0,0.0,10.023768286637948,0,8.0,0.6495605568863818,0,2.0,0.7443747090983714,1,0.0,0.6600681260745128,1,10.0
70.0,3,1.0,0.05555555555555555,8.17507888478502,0,0.0,0.8026979783490452,2,3.0,0.44746019192701203,1,0.0,0.47742324624346416,3,3.0
75.0,6,20.0,1.0,7.176344626239849,0,0.0,0.9374857778050867,5,17.0,0.31928573533937243,1,5.0,0.5244650015513408,6,22.0
80.0,3,19.0,0.8260869565217391,7.117209780013379,0,0.0,0.6774046766743156,1,23.0,0.4503811463146224,2,13.0,0.49344906065330413,3,36.0
85.0,4,30.0,1.25,8.18120043026859,0,0.0,0.7734259250098697,1,11.0,0.3999677501201033,3,30.0,0.5639551450445088,4,41.0
90.0,4,15.0,0.6521739130434783,8.623079526288421,1,3.0,0.612703380022723,3,12.0,0.00010283089244636424,0,13.0,0.7142809386540317,4,28.0
95.0,3,5.0,0.20833333333333334,8.23137049766318,1,0.0,0.4002243996403131,0,6.0,0.26339710051969734,2,7.0,0.5880207858540615,3,13.0
100.0,1,1.0,0.041666666666666664,8.112783060130608,0,0.0,0.5725546133503725,0,2.0,0.9420807505116494,1,7.0,0.32964714603962597,1,9.0
105.0,0,0.0,0.0,9.635384164451605,0,0.0,0.5076643205395078,0,4.0,0.8139588704028385,0,0.0,0.5273812291787823,0,4.0
110.0,3,7.0,0.3181818181818182,9.904180266058273,2,7.0,0.002908857741476261,0,4.0,0.8146817944275786,1,0.0,0.71056674830693,3,11.0
115.0,3,22.0,0.9565217391304348,9.754123642308885,3,22.0,3.977339608790365e-06,0,2.0,0.8070907518859458,0,0.0,0.6626977681115624,3,24.0
120.0,2,2.0,0.08695652173913043,8.106121360694539,0,20.0,0.3688317804664332,1,1.0,0.5456594431857145,1,1.0,0.6671217065124714,2,22.0
125.0,6,22.0,1.0,7.192706042966731,0,0.0,0.6505182501941699,4,13.0,0.0044375056845890335,2,9.0,0.5162327763473058,6,22.0
130.0,2,6.0,0.3333333333333333,5.993280220576096,1,2.0,0.49692849912385045,1,16.0,0.19543941171723725,0,6.0,0.39270487065128873,2,24.0
135.0,3,13.0,0.7222222222222222,8.56497028658314,3,15.0,0.4500553821183061,0,6.0,0.5928320255615331,0,2.0,0.9097657040962686,3,23.0
140.0,1,2.0,0.1,9.274052449507796,0,15.0,0.6668448550287093,1,8.0,0.6760203510300868,0,2.0,0.6515295250791939,1,25.0
145.0,3,8.0,0.38095238095238093,10.053891228949979,1,3.0,0.657967891348543,2,13.0,0.49585715836746963,0,0.0,0.929990535959961,3,16.0
150.0,0,0.0,0.0,9.076715385584869,0,0.0,0.7426578850150589,0,2.0,0.3403256625193145,0,0.0,1.0,0,2.0
155.0,2,0.0,0.0,8.569884261794911,1,2.0,0.5868736341299597,0,2.0,0.7121849964726994,1,0.0,0.1945665422862053,2,4.0
160.0,1,3.0,0.16666666666666666,10.138519620022272,0,2.0,0.7308607811745227,1,5.0,0.6496306504862592,0,0.0,0.7588419479198434,1,7.0
165.0,1,8.0,0.4,10.63091231641678,0,2.0,0.7602467793781038,1,10.0,0.7376368333141865,0,0.0,0.7703668707490868,1,12.0
170.0,1,13.0,0.5909090909090909,10.031783590120925,0,0.0,0.6937895152278942,1,13.0,0.5251243005438964,0,0.0,0.7441180464258251,1,13.0
175.0,4,5.0,0.22727272727272727,8.58736894479764,3,5.0,0.3588104887542381,0,0.0,0.882284982517413,1,0.0,0.6445862050718494,4,5.0
180.0,0,0.0,0.0,8.196263910134773,0,8.0,0.4621344682497486,0,0.0,0.19057646411791052,0,0.0,0.6842287010275064,0,8.0
185.0,4,6.0,0.25,9.491122787902208,0,0.0,0.8487017434438602,1,3.0,0.6308085830484158,3,6.0,0.538220060726989,4,9.0
190.0,3,18.0,0.782608695652174,10.013903377393225,1,2.0,0.4785394107079741,0,2.0,0.9275164225685162,2,17.0,0.6217129957912262,3,21.0
195.0,2,26.0,1.0833333333333333,9.420771087904683,0,0.0,0.6669091595133062,0,0.0,0.8439416868387672,2,27.0,0.5621273441747469,2,27.0
200.0,4,40.0,1.4814814814814814,8.370416381312268,1,4.0,0.3302829543388237,0,0.0,0.7252282593358836,3,37.0,0.5573557076802724,4,41.0
205.0,2,5.0,0.20833333333333334,7.547758021927664,0,1.0,0.6083054638243397,1,5.0,0.5892873213029579,1,20.0,0.5312537990033367,2,26.0
210.0,5,9.0,0.32142857142857145,7.498820474197182,1,0.0,0.5371113856947621,0,4.0,0.6743280761968667,4,10.0,0.3772315781639282,5,14.0
215.0,3,6.0,0.21428571428571427,9.379267082359933,2,3.0,0.5952941111659168,0,2.0,0.8290480831022455,1,14.0,0.583039063930962,3,19.0
220.0,3,12.0,0.42857142857142855,10.523464289484219,1,8.0,0.7098910410265811,0,2.0,0.750415719782616,2,6.0,0.7208893663126821,3,16.0
225.0,1,9.0,0.3103448275862069,9.3904689129916,0,0.0,0.5958992154212872,0,2.0,0.7284541458605204,1,9.0,0.6040203057250659,1,11.0
230.0,6,18.0,0.5806451612903226,7.968845590433754,4,13.0,0.41161193406262775,1,5.0,0.6523503363277623,1,2.0,0.4822394040487953,6,20.0
235.0,5,16.0,0.5161290322580645,7.333388250801529,2,13.0,0.3365768189464868,0,0.0,0.8017092587607866,3,14.0,0.40701006941410106,5,27.0
240.0,0,0.0,0.0,10.209457044451018,0,2.0,0.8089123766140548,0,2.0,0.690705503226502,0,7.0,0.6772651208254186,0,11.0
245.0,1,1.0,0.04,11.355216523358395,0,0.0,0.9147833864883569,1,3.0,0.7469967561261157,0,2.0,0.9656555691034361,1,5.0
250.0,1,6.0,0.23076923076923078,11.645023330843811,0,0.0,0.8561920821822723,1,8.0,0.7846947566917528,0,2.0,0.946007396977828,1,10.0
255.0,3,14.0,0.5833333333333334,8.813469829013856,0,0.0,0.5447993780804519,2,14.0,0.6105223755768691,1,4.0,0.32438110729387665,3,18.0
260.0,4,16.0,0.6666666666666666,5.28855642981364,2,9.0,0.042047930779614925,0,3.0,0.3489927627635753,2,9.0,0.3368110361685605,4,21.0
265.0,5,39.0,1.6956521739130435,7.431662494357319,4,29.0,0.43157311150158606,0,0.0,0.3824419878825853,1,16.0,0.6532182978601411,5,45.0
270.0,1,2.0,0.08695652173913043,9.390089328616039,0,17.0,0.7238841218506961,1,2.0,0.42656582072537996,0,2.0,0.777471854071054,1,21.0
275.0,2,6.0,0.2222222222222222,9.953983967361195,0,2.0,0.7041990456341544,1,3.0,0.5688069251343743,1,7.0,0.7478304544928569,2,12.0
280.0,2,16.0,0.5333333333333333,10.84574577757522,0,0.0,0.837366976038028,1,8.0,0.6859906196419837,1,10.0,0.6701007232620335,2,18.0
285.0,4,27.0,0.8181818181818182,9.452568971393498,0,0.0,0.5334040295484933,3,14.0,0.5016581195966798,1,15.0,0.5967983916142136,4,29.0
290.0,6,49.0,1.53125,8.605110550712864,1,3.0,0.048051890719886685,4,28.0,0.48949684915881037,1,20.0,0.5078773876809745,6,51.0
295.0,4,46.0,1.4838709677419355,8.366568858772602,0,0.0,0.3958722271767905,4,48.0,0.27135336964054313,0,3.0,0.5394553869386092,4,51.0
300.0,2,3.0,0.125,9.064631951559203,0,0.0,0.8807548458954225,0,26.0,0.30021696256406977,2,3.0,0.5590832256015145,2,29.0
305.0,2,1.0,0.047619047619047616,8.008314850436514,1,2.0,0.6631541286814413,0,0.0,0.5972107366430368,1,9.0,0.4234744892131465,2,11.0
310.0,3,7.0,0.2916666666666667,9.551119931723326,1,2.0,0.6835766856086477,1,3.0,0.6212987788992219,1,8.0,0.6849502105627828,3,13.0
315.0,1,11.0,0.4230769230769231,10.911580205724503,0,2.0,0.7336070821493084,0,2.0,0.8265429728757928,1,11.0,0.7577927137701083,1,15.0
320.0,3,19.0,0.6785714285714286,10.272073011411505,1,4.0,0.6289954842362153,0,2.0,0.7485743399197459,2,17.0,0.6608161627954064,3,23.0
325.0,5,14.0,0.4666666666666667,7.790273161371948,2,14.0,0.522070994382522,1,3.0,0.5175605245575838,2,1.0,0.2951382558629578,5,18.0
330.0,4,15.0,0.5555555555555556,6.405052212872416,0,8.0,0.6087373920191094,1,6.0,0.2606636474922102,3,14.0,0.21514926780474034,4,28.0
335.0,5,13.0,0.52,6.78876428633619,2,8.0,0.5513673944223683,2,9.0,0.3466104596131318,1,13.0,0.43135278785939085,5,30.0
340.0,1,4.0,0.15384615384615385,8.417305402149227,0,9.0,0.6729731909261234,1,8.0,0.3851422385689743,0,2.0,0.8736000985123537,1,19.0
345.0,4,22.0,0.7586206896551724,9.001827175777981,0,4.0,0.8420440016180577,4,28.0,0.5493580401444219,0,2.0,0.5713243166401617,4,34.0
350.0,4,7.0,0.22580645161290322,8.07180296257947,1,2.0,0.7523783120103528,0,21.0,0.6271822660367059,3,9.0,0.34235311448324557,4,32.0
355.0,6,28.0,0.9655172413793104,8.381957903199037,0,2.0,0.8874944045922749,2,10.0,0.6179234596488951,4,26.0,0.44541230439245816,6,38.0
360.0,2,4.0,0.12903225806451613,7.074719314437023,0,2.0,0.8460259912835759,2,13.0,0.29868167753393066,0,14.0,0.5218340615989989,2,29.0
365.0,6,29.0,0.9354838709677419,8.217859113381344,0,0.0,0.7745538299629029,6,35.0,0.36242425508348475,0,2.0,0.7309827415472031,6,37.0
370.0,3,8.0,0.2857142857142857,7.190762947379374,0,0.0,0.38798231471325195,2,38.0,0.5032627008466981,1,3.0,0.33296160327865365,3,41.0
375.0,6,23.0,0.71875,7.8021404686040094,2,7.0,0.5412760925976248,1,14.0,0.5390981987216406,3,18.0,0.3718463669528307,6,39.0
380.0,6,48.0,1.6,9.125736367011376,2,12.0,0.7059828797389636,1,9.0,0.6202619045158977,3,33.0,0.5791290435200295,6,54.0
385.0,3,18.0,0.6666666666666666,8.42288683423994,1,3.0,0.7077406263434455,1,14.0,0.051970696390776956,1,16.0,0.7150091351778821,3,33.0
390.0,4,17.0,0.6296296296296297,8.606364944327268,3,11.0,0.4861012583039697,0,2.0,0.9818707429477955,1,10.0,0.6734849678613861,4,23.0
395.0,2,15.0,0.6,7.950858464118864,1,10.0,0.304613612739599,0,2.0,0.9222070223072689,1,15.0,0.6990033004507472,2,27.0
400.0,0,0.0,0.0,8.558486584168586,0,2.0,0.4209391558676361,0,4.0,0.9007126528356849,0,2.0,0.4196227772705032,0,8.0
405.0,4,12.0,0.4444444444444444,7.641277884293229,2,5.0,0.2783295358003256,0,4.0,0.9378104935695646,2,9.0,0.2978849532224469,4,18.0
410.0,6,24.0,0.8571428571428571,8.18357163238589,4,21.0,0.5015385981733489,1,4.0,0.7850922168271895,1,14.0,0.4478392684486014,6,39.0
415.0,2,7.0,0.25,9.031146414282931,1,24.0,0.4671487766548109,1,2.0,0.7096882171167886,0,5.0,0.7554094184729637,2,31.0
420.0,3,6.0,0.20689655172413793,8.874028980341752,1,11.0,0.4620181586091999,1,1.0,0.7207185612107764,1,1.0,0.6243100904438724,3,13.0
425.0,5,15.0,0.46875,8.392601394494086,3,10.0,0.16118327773704405,1,6.0,0.6503818849997173,1,6.0,0.7462154408246093,5,22.0
430.0,7,46.0,1.4838709677419355,8.986131432230659,4,29.0,0.2589457328860128,1,11.0,0.635817687522124,2,13.0,0.6387364874911818,7,53.0
435.0,3,24.0,0.96,6.748432564886783,0,17.0,0.3430411077350778,1,1.0,0.45723645212406716,2,23.0,0.3563317380102169,3,41.0
440.0,4,15.0,0.5357142857142857,8.719260395406351,1,6.0,0.4920275428247706,2,12.0,0.5830025546333525,1,11.0,0.5852845814029705,4,29.0
445.0,3,26.0,0.9285714285714286,10.31536231299724,0,2.0,0.8469397220036697,2,22.0,0.6060874671990415,1,6.0,0.49833617284578235,3,30.0
450.0,2,30.0,1.1538461538461537,9.592307787567119,0,2.0,0.7077275017789896,2,32.0,0.42753302947860305,0,3.0,0.5560679761743205,2,37.0
455.0,3,4.0,0.17391304347826086,7.777551004667919,1,5.0,0.5469465324417914,1,22.0,0.42244867155409677,1,0.0,0.45582725210728736,3,27.0
460.0,3,9.0,0.391304347826087,8.105007064983832,0,4.0,0.6121503825903506,2,13.0,0.5565594366421899,1,0.0,0.38639885282051306,3,17.0
465.0,0,0.0,0.0,10.456050669480062,0,0.0,0.694438743527509,0,9.0,0.7517527444891471,0,0.0,0.9005756981823999,0,9.0
470.0,3,5.0,0.18518518518518517,9.030368825971008,3,5.0,0.3530587803436865,0,1.0,0.8578604313887176,0,2.0,0.7567986954959508,3,8.0
475.0,6,28.0,1.037037037037037,9.004930928420432,5,26.0,0.39602917439167756,1,3.0,0.6683499417582027,0,2.0,0.9076011983890986,6,31.0
480.0,5,13.0,0.5416666666666666,6.119708174745251,1,25.0,0.42738498124621593,2,9.0,0.20790066284450712,2,4.0,0.5341600693483561,5,38.0
485.0,3,7.0,0.28,6.796969241102633,1,6.0,0.3518044598993071,0,8.0,0.680115693481378,2,6.0,0.19846050940688,3,20.0
490.0,3,15.0,0.5769230769230769,9.867090910420947,1,5.0,0.45159765812508773,0,2.0,0.9265595832522495,2,16.0,0.5832052861279512,3,23.0
495.0,2,10.0,0.4,10.671909818947347,2,12.0,0.6189458545406827,0,2.0,0.7884778185551028,0,9.0,0.7678568970943527,2,23.0
500.0,1,2.0,0.09090909090909091,9.554087416995337,0,8.0,0.6348147253290265,1,4.0,0.2649899205195893,0,0.0,0.8828902237253649,1,12.0
505.0,6,20.0,0.9523809523809523,7.2071648209629116,0,0.0,0.859350013870297,5,23.0,0.3874450626558033,1,1.0,0.3913144963243105,6,24.0
510.0,4,20.0,0.8695652173913043,7.465878598090296,0,0.0,0.2119365801132168,1,23.0,0.6321816333500219,3,14.0,0.33727478434384733,4,37.0
515.0,0,0.0,0.0,9.41605578651974,0,2.0,0.8636373671045325,0,8.0,0.7622729655271377,0,10.0,0.5856131108551768,0,20.0
520.0,3,7.0,0.2692307692307692,8.582510011958066,0,2.0,0.5735608115512882,3,17.0,0.39380087111118817,0,2.0,0.7801451951233849,3,21.0
525.0,8,31.0,1.1071428571428572,7.807200307427564,1,2.0,0.6512714724292429,6,39.0,0.3296309142659414,1,4.0,0.7291710253472612,8,45.0
530.0,5,24.0,0.8275862068965517,7.982950343551373,1,0.0,0.5122118290964035,3,39.0,0.5359430342215415,1,7.0,0.6002792730066455,5,46.0
535.0,3,7.0,0.22580645161290322,8.968780071353248,1,6.0,0.6995354795682603,1,20.0,0.6126043210615274,1,5.0,0.6079807576830548,3,31.0
540.0,3,15.0,0.46875,10.574460319286326,0,2.0,0.8491499103766112,1,4.0,0.7315026501116468,2,13.0,0.6875541447933882,3,19.0
545.0,2,5.0,0.1724137931034483,9.406401529034925,1,5.0,0.7043433486964915,1,2.0,0.4724288131476963,0,2.0,0.8325976407186222,2,9.0
550.0,3,12.0,0.46153846153846156,8.546242171960033,1,2.0,0.40979669922648476,2,14.0,0.42779384653645525,0,0.0,0.853202875190717,3,16.0
555.0,1,0.0,0.0,9.117440110969252,0,0.0,0.5570303881837008,0,7.0,0.6250234274600177,1,0.0,0.39962578561560935,1,7.0
560.0,1,1.0,0.03225806451612903,10.61506160895176,0,2.0,0.6402034037139324,0,2.0,0.7829506104843279,1,3.0,0.7031332560091377,1,7.0
565.0,2,9.0,0.2903225806451613,10.940487668880284,0,2.0,0.8560259956572366,1,5.0,0.6478655914365449,1,8.0,0.6974682120677056,2,15.0
570.0,2,12.0,0.42857142857142855,8.188540600399683,0,2.0,0.7054900120166904,1,6.0,0.3290894325679134,1,13.0,0.2633304815558944,2,21.0
575.0,3,12.0,0.48,6.339387665540657,0,0.0,0.6371988810937068,3,14.0,0.007564460317748649,0,5.0,0.22074939095954962,3,19.0
580.0,2,3.0,0.12,8.325945360076885,1,0.0,0.38939947982460016,1,13.0,0.5205073884596683,0,0.0,0.6731137801272404,2,13.0
585.0,2,10.0,0.35714285714285715,10.477635666320067,2,12.0,0.4924717992140589,0,4.0,0.758278014573731,0,2.0,0.7279343829235203,2,18.0
590.0,3,21.0,0.75,11.302737052278108,2,22.0,0.45105169659954364,0,1.0,0.8934188215010272,1,3.0,0.8079397910152167,3,26.0
595.0,5,10.0,0.38461538461538464,9.225577381540734,1,2.0,0.6824427483612666,2,4.0,0.6209021198031852,2,8.0,0.6775846622181965,5,14.0
600.0,6,21.0,0.75,7.8259558050446145,2,6.0,0.3887900389001775,2,14.0,0.495942716950126,2,5.0,0.5783683719793524,6,25.0
605.0,6,23.0,0.8214285714285714,7.28599922651864,0,0.0,0.5341133259195907,0,0.0,0.43362442219220493,6,25.0,0.4657808069423565,6,25.0
610.0,3,13.0,0.4642857142857143,7.176549745722949,0,0.0,0.7061003640698825,2,9.0,0.3312409244581063,1,26.0,0.2777172945015161,3,35.0
615.0,0,0.0,0.0,9.22529063796535,0,0.0,0.617780798695097,0,4.0,0.9075590817860396,0,7.0,0.36883242292107216,0,11.0
620.0,3,4.0,0.12903225806451613,9.747619463299403,2,6.0,0.5330749464403353,0,2.0,0.8725686060153409,1,2.0,0.5877310631071805,3,10.0
625.0,2,2.0,0.0625,8.34165560016984,0,9.0,0.5835038674918535,1,2.0,0.5147105967804536,1,4.0,0.5605412329353554,2,15.0
630.0,6,24.0,0.7272727272727273,7.894862181998761,1,2.0,0.33219392010459753,1,8.0,0.5163359337352262,4,20.0,0.4901876417114037,6,30.0
635.0,8,52.0,1.7333333333333334,7.508938982210496,1,7.0,0.4631932790589699,1,8.0,0.6256815550079351,6,45.0,0.2835470477108318,8,60.0
640.0,5,31.0,0.96875,6.404145142265696,2,14.0,0.3680725220615216,1,8.0,0.5358594102562757,2,42.0,0.2742454757244143,5,64.0
645.0,2,2.0,0.06060606060606061,8.759913861615503,1,5.0,0.6300151673435772,1,9.0,0.5929494167323988,0,18.0,0.6506665603312539,2,32.0
650.0,5,15.0,0.4411764705882353,9.623979095980522,1,2.0,0.6281742424270647,4,19.0,0.4329512734287281,0,0.0,0.8334106983530725,5,21.0
655.0,1,3.0,0.09375,9.259852249495614,0,0.0,0.5525991414397903,1,16.0,0.6026451501661425,0,0.0,0.8257277592337925,1,16.0
660.0,3,2.0,0.06060606060606061,10.428710382683724,1,4.0,0.5836034923260659,1,0.0,0.8056002267806095,1,2.0,0.7664587424583778,3,6.0
665.0,1,7.0,0.2,10.458934215757154,1,9.0,0.7337862545900029,0,0.0,0.6276429331452932,0,2.0,0.8582350102517098,1,11.0
670.0,5,24.0,0.6857142857142857,9.51033331652838,1,14.0,0.8090085355524433,3,11.0,0.48349801655537133,1,1.0,0.7172042312478812,5,26.0
675.0,5,21.0,0.5675675675675675,7.576932510601274,2,18.0,0.5854251418014718,1,9.0,0.4023554129313534,2,2.0,0.5089682089307999,5,29.0
680.0,8,20.0,0.5555555555555556,6.999423496754356,1,8.0,0.5853283337304837,1,5.0,0.33615532133212345,6,17.0,0.2531392641707831,8,30.0
685.0,13,66.0,1.8857142857142857,7.37435111446129,5,17.0,0.47122582014208936,2,11.0,0.5348252923874917,6,42.0,0.4297607104440852,13,70.0
690.0,5,2.0,0.05714285714285714,6.904624444102946,3,14.0,0.5395291877870629,0,0.0,0.154512221374489,2,32.0,0.5144141293137471,5,46.0
695.0,3,10.0,0.2777777777777778,9.654948669344789,1,3.0,0.6259627538024984,1,9.0,0.7238510929371421,1,6.0,0.6333857092947354,3,18.0
700.0,4,11.0,0.2972972972972973,8.875787502723615,3,10.0,0.4840542218805298,0,4.0,0.8802975773714703,1,1.0,0.41604384943537387,4,15.0
705.0,5,17.0,0.4594594594594595,9.199175094267598,0,4.0,0.6411811160752302,0,4.0,0.7905747921808114,5,17.0,0.2510850870803227,5,25.0
710.0,4,9.0,0.24324324324324326,8.478451936197171,2,9.0,0.5347552497504824,1,2.0,0.7663229388615438,1,18.0,0.3561175735154352,4,29.0
715.0,1,4.0,0.11764705882352941,8.411286497154661,0,6.0,0.6505558512849423,0,4.0,0.5705889985833136,1,6.0,0.5846779974964654,1,16.0
720.0,6,24.0,0.6486486486486487,8.599700770352053,2,1.0,0.452982730315761,3,20.0,0.6315061150775386,1,9.0,0.52079466728356,6,30.0
725.0,3,16.0,0.42105263157894735,9.086751539378225,0,0.0,0.5056720011175666,1,17.0,0.652525485208023,2,14.0,0.6081375665793052,3,31.0
730.0,6,35.0,1.0,8.651539744522564,3,13.0,0.5289450963616561,2,7.0,0.48324036947239735,1,21.0,0.591172654257368,6,41.0
735.0,2,15.0,0.42857142857142855,8.500601946956747,0,15.0,0.6930125050203277,2,15.0,0.4562048094874913,0,5.0,0.5861933834455725,2,35.0
740.0,4,30.0,0.7692307692307693,9.704189625596817,0,2.0,0.6518626462264357,2,27.0,0.6063238606261763,2,7.0,0.7190098201698742,4,36.0
745.0,2,35.0,0.8974358974358975,9.117457576115092,0,0.0,0.7353634182724121,2,37.0,0.586177266329496,0,0.0,0.5829944083941572,2,37.0
750.0,2,6.0,0.14634146341463414,9.423022654137744,1,1.0,0.5056210103462764,0,8.0,0.7186516149234361,1,5.0,0.5964732103422515,2,14.0
755.0,5,27.0,0.627906976744186,9.213185367659333,2,11.0,0.5342987531625454,1,5.0,0.6434009763636275,2,15.0,0.44527451717438965,5,31.0
760.0,8,55.0,1.3095238095238095,7.4332330071141755,5,26.0,0.3785753773326192,0,4.0,0.4790682234497739,3,29.0,0.44584385460372933,8,59.0
765.0,1,5.0,0.13157894736842105,7.8438727527079815,0,20.0,0.5176181212970153,1,5.0,0.4659653344173015,0,23.0,0.5883940565787569,1,48.0
770.0,6,24.0,0.6,9.40989440114363,1,1.0,0.5959650307349369,2,17.0,0.6295431358591276,3,10.0,0.6509566155553606,6,28.0
775.0,7,52.0,1.2380952380952381,9.245780893916143,2,8.0,0.6542813682860309,2,27.0,0.6708564150927303,3,21.0,0.5238775426089599,7,56.0
780.0,6,61.0,1.3863636363636365,8.87512694226275,2,18.0,0.6551121961092522,2,35.0,0.6770870676073526,2,24.0,0.5233307892255217,6,77.0
785.0,5,48.0,1.1162790697674418,8.498116102496471,1,11.0,0.5778996725239998,2,47.0,0.6128048303868135,2,11.0,0.5513313503155317,5,69.0
790.0,11,79.0,1.7954545454545454,6.9302023189674005,4,15.0,0.26944986974458296,2,59.0,0.560023976232033,5,23.0,0.44790428668369847,11,97.0
795.0,7,38.0,0.8837209302325582,7.517630135536337,2,22.0,0.30248544561280943,0,32.0,0.7234172337195964,5,43.0,0.41251935159474945,7,97.0
800.0,7,15.0,0.375,6.208871483886225,3,8.0,0.3615083654483376,1,7.0,0.4714509640194833,3,48.0,0.19303512070013373,7,63.0
805.0,6,7.0,0.1891891891891892,6.467497709402406,4,13.0,0.30841181986253985,1,11.0,0.5944898338589225,1,13.0,0.29633767743911604,6,37.0
810.0,6,31.0,0.7209302325581395,9.156276296236454,6,40.0,0.39342857296897776,0,5.0,0.8525727114168127,0,0.0,0.4948836745627857,6,45.0
815.0,2,7.0,0.17073170731707318,9.85598366767488,1,39.0,0.5946843712848445,0,0.0,0.7348423884214537,1,1.0,0.72687839585027,2,40.0
820.0,4,11.0,0.2682926829268293,10.239502936290684,0,2.0,0.7813793506153462,0,2.0,0.7405521807526004,4,11.0,0.5611092773403134,4,15.0
825.0,5,24.0,0.5853658536585366,9.627294247573817,0,0.0,0.8284873996081977,1,3.0,0.6569352538274523,4,23.0,0.47173864309136626,5,26.0
830.0,3,7.0,0.17073170731707318,8.360384749003089,0,0.0,0.7786686327311919,1,8.0,0.5939222747448876,2,18.0,0.40278369261591773,3,26.0
835.0,5,3.0,0.06666666666666667,8.047189262250534,3,3.0,0.4405631805409164,0,4.0,0.7183986028893914,2,3.0,0.44387770506882734,5,10.0
840.0,8,34.0,0.723404255319149,8.425211007624615,3,17.0,0.47108385708681094,2,9.0,0.5288283963198153,3,14.0,0.458075853649653,8,40.0
845.0,9,52.0,1.1555555555555554,7.131136198338751,1,15.0,0.321606608731393,5,27.0,0.45181554249620215,3,29.0,0.5655590440604455,9,71.0
850.0,10,71.0,1.6136363636363635,7.294174445763306,1,3.0,0.5508259313261077,5,43.0,0.4722725569216031,4,47.0,0.4899601668281505,10,93.0
855.0,5,11.0,0.23404255319148937,7.495150547793401,2,6.0,0.5027563852458802,2,37.0,0.5981072272291246,1,27.0,0.5153750701684047,5,70.0
860.0,7,31.0,0.62,8.04717928267482,5,28.0,0.457549829201726,1,23.0,0.5154951606585763,1,6.0,0.5690325116834659,7,57.0
865.0,7,20.0,0.4166666666666667,6.851539726993308,2,31.0,0.4467516799538976,4,39.0,0.0817056651170658,1,7.0,0.6229474019598343,7,77.0
870.0,6,10.0,0.21739130434782608,7.028679469024257,1,3.0,0.4254914014981608,4,47.0,0.3518637213175993,1,0.0,0.6087968872841459,6,50.0
875.0,0,0.0,0.0,9.739241323909113,0,2.0,0.541297493473792,0,19.0,0.7394121537194328,0,2.0,0.8306660423951885,0,23.0
880.0,8,26.0,0.5652173913043478,9.147474564912683,7,27.0,0.4109999171966917,0,2.0,0.8292230653217891,1,3.0,0.687246879836982,8,32.0
885.0,6,16.0,0.3076923076923077,8.367422396946493,3,38.0,0.3952885334933897,0,0.0,0.7964242340390243,3,10.0,0.6570329835879911,6,48.0
890.0,2,2.0,0.03508771929824561,8.141213384134607,0,11.0,0.47493840465956355,0,2.0,0.7041062526022782,2,11.0,0.5266211840659176,2,24.0
895.0,11,24.0,0.39344262295081966,7.310529140060302,3,10.0,0.4192504899849206,2,4.0,0.6809840643851485,6,23.0,0.42110685508728646,11,37.0
900.0,16,84.0,1.3548387096774193,6.36371632278739,6,32.0,0.45131176388616606,0,3.0,0.4921250331459445,10,63.0,0.19905770688855545,16,98.0
905.0,16,83.0,1.4067796610169492,5.1989981398752345,4,41.0,0.3395166876519181,4,16.0,0.2125660418107403,8,87.0,0.2239624227479108,16,144.0
910.0,14,65.0,1.1403508771929824,6.396351664882988,5,39.0,0.31618674807411873,6,47.0,0.4616154522439397,3,70.0,0.39185371608475145,14,156.0
915.0,4,24.0,0.42857142857142855,8.79267477811075,3,31.0,0.42362856027987217,1,41.0,0.6613692482016376,0,34.0,0.631523176010025,4,106.0
920.0,5,39.0,0.65,10.091833637632176,4,41.0,0.5085793049011573,1,16.0,0.7481583422803463,0,10.0,0.7780483377597355,5,67.0
925.0,8,64.0,1.0158730158730158,10.157098146116633,6,56.0,0.5583789838541089,1,10.0,0.7084501945937692,1,2.0,0.8044322523283517,8,68.0
930.0,2,15.0,0.23809523809523808,9.775155458168303,0,26.0,0.5736825932307865,1,15.0,0.740946093235452,1,0.0,0.7435353591501593,2,41.0
935.0,7,33.0,0.559322033898305,9.550863998549236,5,13.0,0.4984118815944907,1,20.0,0.7176963581412884,1,2.0,0.7506475627231701,7,35.0
940.0,10,52.0,0.9811320754716981,7.779566146817601,4,23.0,0.35604745843565616,3,31.0,0.5864888548776498,3,12.0,0.5399685235680973,10,66.0
945.0,6,22.0,0.4,7.511179899632059,2,19.0,0.5067587354987334,3,16.0,0.41978101395812756,1,8.0,0.5378028246461423,6,43.0
950.0,11,63.0,1.05,9.062468966873574,2,25.0,0.6362680098896673,5,30.0,0.5391492874761004,4,10.0,0.47830295196207323,11,65.0
955.0,6,47.0,0.8545454545454545,8.473826499878095,2,35.0,0.5969576885645936,2,29.0,0.4277844965036103,2,12.0,0.5469719533754868,6,76.0
960.0,7,19.0,0.35185185185185186,8.326783499249883,1,28.0,0.5387835895208346,1,15.0,0.6530925732507475,5,17.0,0.4936870351691859,7,60.0
965.0,7,24.0,0.42857142857142855,8.343468874601433,5,18.0,0.46463958372075326,2,10.0,0.6555395069830636,0,15.0,0.5062521700556653,7,43.0
970.0,5,15.0,0.2727272727272727,8.953145413802106,3,23.0,0.4760976857952203,0,2.0,0.6835672510113996,2,11.0,0.6623257946111203,5,36.0
975.0,5,17.0,0.34,8.287997273884065,1,12.0,0.4420046305093962,3,11.0,0.33476203819434,1,12.0,0.5014490829889415,5,35.0
980.0,5,28.0,0.6222222222222222,8.095973759645712,2,15.0,0.4508626752461122,0,11.0,0.66363452070235,3,13.0,0.3126836709919676,5,39.0
985.0,3,27.0,0.6,10.450371505065139,0,2.0,0.7922428784460878,0,4.0,0.874297455156022,3,29.0,0.48935382788495935,3,35.0
990.0,3,3.0,0.0625,9.551387522503513,2,4.0,0.6270922915912882,1,5.0,0.7368063751017447,0,9.0,0.5161601268215608,3,18.0
995.0,6,17.0,0.38636363636363635,7.687746591731611,0,5.0,0.6289999220250962,4,18.0,0.22258846287164186,2,5.0,0.6045631036888378,6,28.0
1000.0,5,9.0,0.21951219512195122,6.489165798245388,1,0.0,0.5181527905416057,3,27.0,0.28197178028074404,1,4.0,0.4372631678407009,5,31.0
1005.0,4,14.0,0.3111111111111111,8.404124469420015,0,2.0,0.7489131089453054,0,16.0,0.5999280945802006,4,16.0,0.43135216884718763,4,34.0
1010.0,7,34.0,0.6415094339622641,9.60241198208488,2,3.0,0.6878922766742875,1,8.0,0.6921661071292409,4,31.0,0.5961896398956965,7,42.0
1015.0,3,10.0,0.18518518518518517,9.531336534958431,1,8.0,0.7157884330398994,1,8.0,0.6458249214769655,1,29.0,0.657926175036391,3,45.0
1020.0,9,14.0,0.23333333333333334,6.930990609751986,2,3.0,0.4605279461075636,4,14.0,0.2647968809148989,3,8.0,0.5740643879162154,9,25.0
1025.0,9,21.0,0.3387096774193548,6.639943186020172,2,9.0,0.5399817417091181,6,30.0,0.2625110722004648,1,0.0,0.4415422641535996,9,39.0
1030.0,6,10.0,0.15384615384615385,7.474022612596353,2,3.0,0.3555894248990578,2,28.0,0.5695030133026949,2,4.0,0.5485110944164052,6,35.0
1035.0,12,55.0,0.8208955223880597,8.652945479963105,7,28.0,0.41615075254758316,2,20.0,0.6760071317701511,3,15.0,0.5616133447759118,12,63.0
1040.0,15,101.0,1.4852941176470589,7.581890279769525,10,73.0,0.3580635884073905,1,8.0,0.5375724722200678,4,30.0,0.5872848106842562,15,111.0
1045.0,15,97.0,1.3472222222222223,6.938146258195388,8,90.0,0.27302108949345694,3,17.0,0.5202547761334156,4,43.0,0.5364476704211617,15,150.0
1050.0,11,49.0,0.7101449275362319,6.322029831145807,2,60.0,0.3727801505079821,8,50.0,0.31389179561701697,1,16.0,0.4360873980999854,11,126.0
1055.0,13,53.0,0.7794117647058824,6.803266856265214,3,31.0,0.4190959303360747,4,63.0,0.361438753956031,6,22.0,0.3792258318977976,13,116.0
1060.0,5,7.0,0.10144927536231885,7.065614507798938,2,34.0,0.3934673900434157,0,33.0,0.3727933662723096,3,31.0,0.4806536104812209,5,98.0
1065.0,9,32.0,0.5161290322580645,7.828496519426706,6,49.0,0.42843085381551416,0,3.0,0.5456344695648093,3,13.0,0.5302275698469281,9,65.0
1070.0,9,36.0,0.5806451612903226,8.271384593471062,6,50.0,0.4129416275079168,0,2.0,0.8265183228545617,3,23.0,0.6350312787441886,9,75.0
1075.0,12,51.0,0.7391304347826086,7.408604000136562,6,33.0,0.41390788033126463,2,6.0,0.5688053603415371,4,40.0,0.5839332999525852,12,79.0
1080.0,10,84.0,1.2,7.273383774936609,1,35.0,0.39883196746086547,5,24.0,0.5305418997077073,4,60.0,0.5284959939703165,10,119.0
1085.0,12,44.0,0.6197183098591549,5.64626652715847,7,58.0,0.2610729497300384,4,32.0,0.3302824765180022,1,33.0,0.35551890474048725,12,123.0
1090.0,19,64.0,0.9552238805970149,5.546758094259268,9,81.0,0.2745840251079798,4,32.0,0.16352078389770597,6,22.0,0.37285171440274795,19,135.0
1095.0,10,37.0,0.578125,6.715511964905685,4,72.0,0.34600725877853833,2,37.0,0.5025182820200881,4,31.0,0.4680630949124785,10,140.0
1100.0,10,61.0,0.8840579710144928,7.690353931649393,5,49.0,0.37375099609187895,3,39.0,0.6364769636256303,2,23.0,0.6051243427613424,10,111.0
1105.0,6,35.0,0.4666666666666667,7.640929735481317,3,44.0,0.4365693158770459,1,28.0,0.6866987009149786,2,21.0,0.3978950384033545,6,93.0
1110.0,13,87.0,1.12987012987013,7.647588003652048,3,54.0,0.4882440408282824,4,22.0,0.5677815362781462,6,37.0,0.35418113364891585,13,113.0
1115.0,10,47.0,0.6266666666666667,6.7348244573979485,0,41.0,0.420511566915802,7,44.0,0.38033270079173326,3,42.0,0.3392280802570075,10,127.0
1120.0,12,44.0,0.5945945945945946,6.3994150698178345,6,31.0,0.2870395849410361,5,55.0,0.3241075289239219,1,21.0,0.3987332175325241,12,107.0
1125.0,16,81.0,1.1408450704225352,6.533074965298771,11,76.0,0.2724116252377362,3,34.0,0.42364814059765726,2,13.0,0.5435714079325479,16,123.0
1130.0,16,70.0,1.0,5.98323773233821,9,96.0,0.26677838874612675,1,22.0,0.4857182417690258,6,30.0,0.5047999746623006,16,148.0
1135.0,14,49.0,0.6712328767123288,6.321187582498292,5,77.0,0.3284963515259355,7,40.0,0.43713148156888176,2,27.0,0.48563646752738476,14,144.0
1140.0,13,48.0,0.631578947368421,6.381404589117662,3,49.0,0.40295813812963205,5,54.0,0.3050900937683159,5,23.0,0.44026487298570693,13,126.0
1145.0,9,21.0,0.28,5.929334947958984,2,47.0,0.3785021792947081,3,42.0,0.37234955546158655,4,37.0,0.36978751238981394,9,126.0
1150.0,15,65.0,0.8125,6.8945941114425064,7,59.0,0.36400447229713234,3,30.0,0.46743906896681414,5,35.0,0.4740651089883741,15,124.0
1155.0,12,55.0,0.7142857142857143,6.903062478904743,6,67.0,0.33874689825311205,1,15.0,0.516859034348269,5,51.0,0.541144454153008,12,133.0
1160.0,19,70.0,0.8641975308641975,5.749915797957204,8,57.0,0.21615305298015852,8,34.0,0.358810479774251,3,47.0,0.48723969881463985,19,138.0
1165.0,17,44.0,0.5176470588235295,5.286839230721933,5,73.0,0.25594885249915855,7,55.0,0.3418359137422345,5,30.0,0.3304551201599937,17,158.0
1170.0,12,36.0,0.4090909090909091,5.482244964035089,6,73.0,0.2807339996893359,2,45.0,0.3102871964637056,4,45.0,0.35616316751784005,12,163.0
1175.0,16,51.0,0.5795454545454546,5.229062204733361,10,90.0,0.26093039694751274,3,47.0,0.35987364076417455,3,44.0,0.40104722943158755,16,181.0
1180.0,17,62.0,0.6739130434782609,5.664012374015098,6,82.0,0.24690905844857272,8,79.0,0.34910187669969794,3,29.0,0.381680201492964,17,190.0
1185.0,21,73.0,0.7934782608695652,5.014188560907481,6,86.0,0.21299081391398791,8,93.0,0.2511158100889113,7,29.0,0.30340753918153307,21,208.0
1190.0,25,107.0,1.1888888888888889,5.079501870047858,8,97.0,0.2454823967453788,7,86.0,0.19298129828916416,10,72.0,0.3069113208047137,25,255.0
1195.0,29,181.0,2.0804597701149423,4.938841423886728,9,112.0,0.282901317931899,6,68.0,0.2739802491033847,14,132.0,0.1840417203215455,29,312.0
1200.0,26,228.0,2.7142857142857144,4.382020974654634,8,101.0,0.2451315483251515,4,63.0,0.3004579920001511,14,201.0,0.2650834593624016,26,365.0
1205.0,25,220.0,2.4719101123595504,5.030629352831096,8,101.0,0.23719644702063133,7,68.0,0.3675460737405368,10,215.0,0.23282388675817708,25,384.0
1210.0,22,155.0,1.6666666666666667,4.700265654452182,6,111.0,0.2161671572384283,5,78.0,0.3485281225963816,11,177.0,0.24860104101341257,22,366.0
1215.0,22,92.0,1.010989010989011,5.237725578678798,9,103.0,0.2009189674150273,8,80.0,0.261576382039531,5,138.0,0.4043533686998758,22,321.0
1220.0,23,148.0,1.5913978494623655,5.409662042356824,13,118.0,0.22348450402489786,8,89.0,0.32156379377761024,2,130.0,0.3760361027154462,23,337.0
1225.0,28,213.0,2.3152173913043477,5.122272437690273,19,185.0,0.1793098851882197,3,88.0,0.35492258091158335,6,141.0,0.37087656819368364,28,414.0
1230.0,32,293.0,3.3295454545454546,4.170054503654503,22,288.0,0.15591549054621273,6,80.0,0.1566106495767182,4,132.0,0.3148127406144408,32,500.0
1235.0,32,264.0,3.0697674418604652,3.324572443998218,23,341.0,0.10364304734164796,6,97.0,0.26078231628242227,3,93.0,0.20287078021786725,32,531.0
1240.0,24,166.0,1.8863636363636365,4.780354516943919,18,340.0,0.18242934954518297,4,94.0,0.41353382457647647,2,48.0,0.41630243755932383,24,482.0
1245.0,22,141.0,1.5,5.214403225127749,14,407.0,0.18657434668329861,8,103.0,0.445937813427519,0,34.0,0.5143865227359666,22,544.0
1250.0,27,160.0,1.6326530612244898,5.532164907563549,19,479.0,0.13189720046671757,5,81.0,0.4030790301234653,3,20.0,0.4730352120348832,27,580.0
1255.0,25,168.0,1.768421052631579,4.24943601999967,19,574.0,0.059514948833030344,4,82.0,0.3359577815422913,2,16.0,0.39120481892525916,25,672.0
1260.0,28,159.0,1.7096774193548387,4.064805278779212,17,601.0,0.17045474600023336,5,70.0,0.22132901056545137,6,38.0,0.3827515905881682,28,709.0
1265.0,19,72.0,0.7659574468085106,4.192496456346697,9,524.0,0.18978219334258684,4,78.0,0.26906051966789546,6,48.0,0.34444150254682804,19,650.0
1270.0,21,74.0,0.7551020408163265,5.320362723138654,9,401.0,0.2062032385367391,9,77.0,0.3676909129515113,3,34.0,0.3204374613176667,21,512.0
1275.0,20,121.0,1.198019801980198,5.836703940973462,5,420.0,0.19876705510461035,12,118.0,0.40107759859156317,3,35.0,0.37539514307374156,20,573.0
1280.0,25,108.0,1.0384615384615385,4.763243653749859,11,460.0,0.12103808163409928,12,143.0,0.16563016068365047,2,23.0,0.414493993876799,25,626.0
1285.0,24,84.0,0.8842105263157894,4.774532928987129,10,466.0,0.22549019517872743,10,132.0,0.21835435173502166,4,24.0,0.4629648345207841,24,622.0
1290.0,17,60.0,0.6451612903225806,4.891457615120801,5,394.0,0.2989803962208783,6,137.0,0.28356411760341255,6,50.0,0.32343703840787025,17,581.0
1295.0,24,131.0,1.336734693877551,5.130729440589184,4,293.0,0.27178471175689073,10,161.0,0.3021714903662606,10,90.0,0.23242905333800162,24,544.0
1300.0,21,112.0,1.1546391752577319,4.366630616945699,1,282.0,0.2324339437383639,8,165.0,0.29626253139906483,12,116.0,0.19947704590371187,21,563.0
1305.0,26,117.0,1.1938775510204083,4.272919759343061,8,301.0,0.22666865355529206,6,119.0,0.22301528880017418,12,138.0,0.26584813217399667,26,558.0
1310.0,22,101.0,1.02020202020202,4.692395113669195,9,297.0,0.3089368344245356,7,92.0,0.2539705573236341,6,152.0,0.32342686421878536,22,541.0
1315.0,17,51.0,0.5,5.366966430904469,7,211.0,0.328147623928324,3,93.0,0.34140990574114,7,179.0,0.3243122115463112,17,483.0
1320.0,18,50.0,0.49504950495049505,4.402560350653018,4,211.0,0.22928748074179112,8,96.0,0.2982104815127511,6,190.0,0.23993078634927426,18,497.0
1325.0,20,67.0,0.6633663366336634,4.136427324436874,7,229.0,0.17350459484942332,10,108.0,0.18103881553317938,3,171.0,0.2013826012536468,20,508.0
1330.0,17,48.0,0.4752475247524752,4.2263921889753435,7,223.0,0.20121397091830504,8,96.0,0.1893649759911672,2,175.0,0.2897857281883758,17,494.0
1335.0,15,76.0,0.7378640776699029,5.245864501850615,3,160.0,0.31085285275392327,5,81.0,0.31857735707572166,7,195.0,0.29510839234409264,15,436.0
1340.0,11,30.0,0.297029702970297,5.12147525639392,2,97.0,0.27897049734885343,2,69.0,0.38455810317383,7,193.0,0.28337306816735147,11,359.0
1345.0,13,32.0,0.3047619047619048,5.0031087793454345,1,99.0,0.2339002404013859,7,61.0,0.339400309600205,5,136.0,0.20361477342016868,13,296.0
1350.0,24,119.0,1.1333333333333333,5.013486605765392,8,121.0,0.19737943425425547,11,105.0,0.29768227440335826,5,125.0,0.24833574629917776,24,351.0
1355.0,24,143.0,1.43,4.244032063958758,7,120.0,0.15777959140499437,12,133.0,0.2617100096494774,5,102.0,0.19186225904473056,24,355.0
1360.0,21,127.0,1.2959183673469388,4.896452083052601,7,95.0,0.26866898021768415,7,99.0,0.333050569087285,7,114.0,0.3327185144035615,21,308.0
1365.0,10,38.0,0.37254901960784315,5.739113588943287,5,102.0,0.2986340792967537,3,77.0,0.37831445057939816,2,90.0,0.46488118070269696,10,269.0
1370.0,14,78.0,0.78,6.315043701015635,8,123.0,0.27112917932555397,3,54.0,0.41047633014156887,3,42.0,0.5345183031946966,14,219.0
1375.0,17,99.0,1.03125,5.191718670639653,9,132.0,0.16325558951205832,4,57.0,0.45277636547081174,4,36.0,0.3962256637491147,17,225.0
1380.0,14,45.0,0.4838709677419355,4.752711369562274,9,119.0,0.17530502746194662,2,47.0,0.4376627462546375,3,34.0,0.347223954154472,14,200.0
1385.0,12,38.0,0.37623762376237624,5.5977500668665705,5,135.0,0.16972958221826653,6,25.0,0.4163062672286331,1,30.0,0.3864566196285711,12,190.0
1390.0,16,66.0,0.6470588235294118,6.1240151525126665,11,151.0,0.1593118806135423,4,33.0,0.4213709578714316,1,23.0,0.467512437829503,16,207.0
1395.0,17,75.0,0.8064516129032258,4.916184663243032,9,166.0,0.15642422442202925,6,28.0,0.24514196917111777,2,24.0,0.44515060796585065,17,218.0
1400.0,14,37.0,0.42528735632183906,4.604983054942634,8,149.0,0.17291517766936698,4,39.0,0.2970480050128419,2,5.0,0.47203144185481066,14,193.0
1405.0,16,54.0,0.5934065934065934,4.641935357081659,5,161.0,0.19723211083141304,7,50.0,0.29026759636913285,4,17.0,0.2645931741746019,16,228.0
1410.0,24,124.0,1.3626373626373627,4.563988864975745,12,198.0,0.13603832056271678,8,85.0,0.24247097897364175,4,28.0,0.2748415642682929,24,311.0
1415.0,21,109.0,1.211111111111111,3.9475701911111254,10,207.0,0.10151355777051799,8,104.0,0.24116972252953167,3,29.0,0.34090080239269227,21,340.0
1420.0,20,70.0,0.7526881720430108,4.973086667973681,8,168.0,0.20526526594666084,9,101.0,0.33231928739780303,3,25.0,0.45114310653998385,20,294.0
1425.0,9,37.0,0.39361702127659576,5.939741039682963,2,110.0,0.2963410829909346,4,122.0,0.3126839645556252,3,34.0,0.5224545764481578,9,266.0
1430.0,12,65.0,0.6701030927835051,6.625983842423511,2,70.0,0.3658909933191252,4,132.0,0.43726975721298494,6,58.0,0.35813831165677873,12,260.0
1435.0,20,79.0,0.8404255319148937,5.440082137663231,4,52.0,0.33477174275172017,8,131.0,0.31301556519361473,8,72.0,0.2328820113239628,20,255.0
1440.0,11,51.0,0.5543478260869565,5.657695673750267,2,47.0,0.3547803899880546,5,120.0,0.35230461493754534,4,74.0,0.3852732983669064,11,241.0
1445.0,16,75.0,0.7894736842105263,6.145844305947765,7,56.0,0.4319606249780279,6,107.0,0.27795503966847457,3,85.0,0.42809907146741866,16,248.0
1450.0,17,67.0,0.7052631578947368,5.439151680982677,6,68.0,0.31602071557765654,5,116.0,0.2816610031615489,6,103.0,0.39787288740969784,17,287.0
1455.0,22,90.0,0.9375,4.845014893863245,8,69.0,0.20341800845985988,7,117.0,0.27321923721312696,7,109.0,0.3108533189594873,22,295.0
1460.0,19,54.0,0.54,4.973046637712005,5,69.0,0.27772380851199413,9,124.0,0.28923871878275775,5,77.0,0.27602177840766257,19,270.0
1465.0,22,76.0,0.7307692307692307,4.861533393308908,10,86.0,0.29122196428459424,6,104.0,0.24404506057625655,6,101.0,0.2985951688568037,22,291.0
1470.0,29,178.0,1.6952380952380952,5.2155372101313215,15,142.0,0.3156900490838294,8,101.0,0.24147715130131364,6,133.0,0.3167882720091064,29,376.0
1475.0,20,99.0,0.9705882352941176,4.293152922761642,12,169.0,0.2438490918043439,3,89.0,0.24327577818202448,5,127.0,0.28800310188755474,20,385.0
1480.0,26,84.0,0.7850467289719626,4.443722186983713,12,153.0,0.18262777372383399,8,73.0,0.32530292072418504,6,94.0,0.25821654445672254,26,320.0
1485.0,25,99.0,0.9,4.414691549045895,10,178.0,0.19829772000818605,11,115.0,0.31596336303502304,4,105.0,0.23058947477556402,25,398.0
1490.0,28,124.0,1.0782608695652174,4.086234353069427,9,204.0,0.18314825852803862,10,134.0,0.13442432256945994,9,123.0,0.15951689688267687,28,461.0
1495.0,33,154.0,1.4259259259259258,3.9407514626186195,11,217.0,0.14656439087506073,10,118.0,0.21119593406239576,12,173.0,0.21909507334457076,33,508.0
1500.0,24,105.0,0.9905660377358491,3.7105964935667295,9,192.0,0.17815722923163543,5,142.0,0.27138659023769257,10,182.0,0.18548960739732626,24,516.0
1505.0,26,86.0,0.7747747747747747,4.1322753829407475,9,214.0,0.16880603706125125,8,154.0,0.335145746357453,9,152.0,0.2018442268401572,26,520.0
1510.0,24,80.0,0.6896551724137931,4.367695968296041,10,236.0,0.15168482706868222,8,159.0,0.3040866954170247,6,140.0,0.22145863899034562,24,535.0
1515.0,30,97.0,0.8362068965517241,4.1136422499061975,11,253.0,0.17249731186013859,8,144.0,0.19190971177346414,11,174.0,0.2111845497466816,30,571.0
1520.0,26,84.0,0.75,4.096376524670396,12,236.0,0.20357290918813423,5,154.0,0.25463617966404645,9,196.0,0.22015488434048083,26,586.0
1525.0,20,79.0,0.7314814814814815,4.453753088921762,7,244.0,0.19566901184270938,7,152.0,0.33787148639282827,6,179.0,0.22599617534544378,20,575.0
1530.0,22,61.0,0.5350877192982456,4.166421217715146,8,243.0,0.1979307295150568,8,141.0,0.23933990375799516,6,183.0,0.1891104319170375,22,567.0
1535.0,24,84.0,0.7433628318584071,3.92702198150754,11,238.0,0.19052736934798778,6,96.0,0.13632276784373037,7,203.0,0.218664259488684,24,537.0
1540.0,19,66.0,0.6111111111111112,3.9311721570072655,9,208.0,0.23852355016357263,2,95.0,0.3077016171738084,8,207.0,0.18384679594116493,19,510.0
1545.0,22,73.0,0.6636363636363637,4.4931131026024245,5,187.0,0.2565880053460817,6,100.0,0.378097205565278,11,191.0,0.17923478010494778,22,478.0
1550.0,22,78.0,0.7090909090909091,3.923067435868051,8,183.0,0.20260187059831006,5,99.0,0.25647161670529334,9,215.0,0.11021191780718605,22,497.0
1555.0,20,80.0,0.7272727272727273,3.8650572661365294,10,193.0,0.1427531691386533,1,59.0,0.27176970585754856,9,219.0,0.160361057155004,20,471.0
1560.0,22,74.0,0.6788990825688074,4.216852476454338,9,169.0,0.23664921699470437,4,59.0,0.32267652142160386,9,220.0,0.189159807798538,22,448.0
1565.0,22,81.0,0.7297297297297297,4.489648656903697,4,162.0,0.1922705278467531,9,91.0,0.3576952489323734,9,202.0,0.21221147124149464,22,455.0
1570.0,25,118.0,1.0350877192982457,4.018181737993544,8,154.0,0.15471934664531972,7,98.0,0.27560992565162173,10,194.0,0.19535291264123048,25,446.0
1575.0,36,213.0,1.8205128205128205,3.918208446035623,16,203.0,0.19420719393907887,8,81.0,0.205182658103984,12,206.0,0.21088604794246316,36,490.0
1580.0,27,204.0,1.7739130434782608,4.203131840841782,11,218.0,0.23699190451280652,7,77.0,0.22523472084388402,9,216.0,0.26628169523024214,27,511.0
1585.0,18,84.0,0.7636363636363637,4.453368394898956,8,176.0,0.24926800889155676,3,81.0,0.23400814787063157,7,178.0,0.3003795120153797,18,435.0
1590.0,25,98.0,0.8672566371681416,4.623471734135928,11,197.0,0.1674559840331399,5,62.0,0.31171576485578795,9,177.0,0.26811420964474564,25,436.0
1595.0,29,116.0,1.0357142857142858,4.252224502407213,13,248.0,0.17148327040229727,7,72.0,0.2292746819707903,9,192.0,0.20781298288425504,29,512.0
1600.0,30,117.0,1.0446428571428572,4.343788045022516,14,270.0,0.21402710960033158,7,77.0,0.21378348707905873,9,181.0,0.26606320318257776,30,528.0
1605.0,28,142.0,1.290909090909091,4.73661305811441,7,237.0,0.2609454063127682,6,84.0,0.3425959673137401,15,182.0,0.259765453093226,28,503.0
1610.0,19,66.0,0.5892857142857143,4.242384753960818,6,258.0,0.19857339076436567,3,70.0,0.279835244687501,10,203.0,0.26371472734071766,19,531.0
1615.0,20,76.0,0.6495726495726496,4.52795154527406,9,285.0,0.12927288471229717,5,40.0,0.28577467236504195,6,194.0,0.21635696053888093,20,519.0
1620.0,26,98.0,0.875,4.056154291527447,11,291.0,0.12009057504878959,9,68.0,0.21805827536269776,6,192.0,0.2106756149984494,26,551.0
1625.0,31,150.0,1.4705882352941178,3.9169759694341115,9,257.0,0.12123920349773992,12,125.0,0.3341855015920856,10,192.0,0.18385433131736567,31,574.0
1630.0,24,156.0,1.5,4.262771059959101,6,265.0,0.17657066229096255,12,154.0,0.27942473383697247,6,184.0,0.20163496442852819,24,603.0
1635.0,29,209.0,1.9,4.2263080933945085,10,290.0,0.19533077232279014,11,168.0,0.2592103559446586,8,195.0,0.24965804722673918,29,653.0
1640.0,26,167.0,1.4778761061946903,4.4230860941543035,10,291.0,0.24413565436859544,11,172.0,0.19201747136017794,5,175.0,0.3695171893380032,26,638.0
1645.0,23,90.0,0.8108108108108109,4.779704313909661,9,239.0,0.23880434414475538,9,201.0,0.2592194626106754,5,131.0,0.3651326784114119,23,571.0
1650.0,27,141.0,1.2702702702702702,4.986981762718008,13,190.0,0.20267549205224047,6,210.0,0.32497345004545614,8,111.0,0.303490699921802,27,511.0
1655.0,31,116.0,1.0545454545454545,4.085667077181238,13,226.0,0.17063912118535174,7,212.0,0.26413878442219124,11,122.0,0.20434965477523467,31,560.0
1660.0,29,117.0,1.0446428571428572,4.367554394642942,11,228.0,0.20496574071371892,7,204.0,0.27977060535390097,11,122.0,0.22070624041593373,29,554.0
1665.0,30,205.0,1.7982456140350878,5.2273667321554,13,244.0,0.2875474244704558,4,177.0,0.22246277288507194,13,148.0,0.25162950439051457,30,569.0
1670.0,25,124.0,1.1071428571428572,4.028591716393643,13,261.0,0.20331435879741816,3,160.0,0.20292504132620143,9,167.0,0.2119191039170155,25,588.0
1675.0,29,112.0,1.0275229357798166,4.001619739684469,13,244.0,0.12178513846056739,5,149.0,0.24906925445040312,11,180.0,0.1962093335512938,29,573.0
1680.0,25,111.0,1.018348623853211,3.7320808209733465,9,281.0,0.14057663838706005,5,139.0,0.270000045819327,11,198.0,0.18009786440719355,25,618.0
1685.0,24,115.0,1.0360360360360361,4.051046806167685,11,298.0,0.18584354322840005,3,110.0,0.2938702578197926,10,214.0,0.20584567020001202,24,622.0
1690.0,27,115.0,1.0648148148148149,3.9122879802226462,13,312.0,0.15170636249166444,3,77.0,0.4111233219918672,11,204.0,0.21319836559200336,27,593.0
1695.0,24,85.0,0.7522123893805309,3.8160086106195683,12,283.0,0.16997874558283685,2,77.0,0.3683345845121724,10,222.0,0.20790666371338787,24,582.0
1700.0,18,55.0,0.4700854700854701,4.428854919954443,4,264.0,0.19130742122876604,4,78.0,0.389629571163756,10,255.0,0.17764687045275562,18,597.0
1705.0,21,89.0,0.7672413793103449,4.391806485548512,7,257.0,0.17195464958987428,4,78.0,0.3077119406346342,10,289.0,0.17471532785218155,21,624.0
1710.0,28,132.0,1.2110091743119267,3.902203283229326,10,259.0,0.16748734703835652,6,64.0,0.29073977396972506,12,340.0,0.2152398312057297,28,663.0
1715.0,28,140.0,1.320754716981132,3.930537910693139,12,230.0,0.21768381293207933,5,50.0,0.35817718016594735,11,352.0,0.22534494992287024,28,632.0
1720.0,21,87.0,0.7631578947368421,4.448229793759734,4,217.0,0.20384522860931112,4,56.0,0.5008267762361266,13,328.0,0.225911637588796,21,601.0
1725.0,27,103.0,0.865546218487395,4.232434644755416,8,219.0,0.17157099749772942,3,46.0,0.46514297589459314,16,383.0,0.15316322886807637,27,648.0
1730.0,30,115.0,0.9829059829059829,3.4494545410963706,10,219.0,0.13495159012568145,4,44.0,0.2050248436656831,16,431.0,0.11745361468200227,30,694.0
1735.0,36,184.0,1.6576576576576576,3.9555383291552086,10,193.0,0.16844843585169766,7,59.0,0.3049314551126747,19,508.0,0.1852936698924231,36,760.0
1740.0,22,112.0,0.9739130434782609,4.158472602154407,6,183.0,0.19201439683380772,3,67.0,0.3930799267902326,13,519.0,0.21132901557884787,22,769.0
1745.0,20,95.0,0.8189655172413793,4.700854453765742,5,179.0,0.18747831272656768,5,75.0,0.4646611626340567,10,452.0,0.17287286251524253,20,706.0
1750.0,29,132.0,1.1379310344827587,3.880943405507054,10,184.0,0.13349939156738114,8,102.0,0.2809850173406602,11,492.0,0.14723060470343433,29,778.0
1755.0,30,151.0,1.385321100917431,3.1589765328491266,10,168.0,0.12726019777008854,5,113.0,0.23603103570140874,15,548.0,0.1232796827734674,30,829.0
1760.0,25,86.0,0.7610619469026548,3.832284983652338,7,173.0,0.19102287807037469,5,92.0,0.3847765154075611,13,554.0,0.15934656668872635,25,819.0
1765.0,19,81.0,0.7043478260869566,4.785132423908636,9,179.0,0.1806456098121775,2,50.0,0.5938554102543452,8,490.0,0.23083302039466813,19,719.0
1770.0,17,71.0,0.6228070175438597,4.199700891123515,9,175.0,0.14798094463772365,4,38.0,0.5167166946313169,4,496.0,0.24902566098411752,17,709.0
1775.0,21,68.0,0.576271186440678,3.9909712626090523,9,144.0,0.1608764617650212,3,30.0,0.42861989904531583,9,505.0,0.19918476588547807,21,679.0
1780.0,27,69.0,0.5798319327731093,3.712699354815046,12,178.0,0.12852332257205942,3,24.0,0.3945514255407692,12,491.0,0.15061681023212467,27,693.0
1785.0,31,115.0,0.9663865546218487,4.038141599973632,15,218.0,0.10666429795822921,5,41.0,0.48131821186546,11,425.0,0.13558935097721936,31,684.0
1790.0,19,81.0,0.6864406779661016,3.8976022287101606,9,227.0,0.1263247407268697,4,47.0,0.3819605350169027,6,435.0,0.18358079351061574,19,709.0
1795.0,19,69.0,0.5948275862068966,3.8999134042096046,8,201.0,0.16760428475498906,4,38.0,0.33155010312676714,7,435.0,0.20064189215687364,19,674.0
1800.0,27,91.0,0.7711864406779662,3.783811149737685,11,167.0,0.16038975894283106,3,46.0,0.4007084582519514,13,426.0,0.1578299839397726,27,639.0
1805.0,25,109.0,0.8861788617886179,4.310901230791574,7,188.0,0.18031814751693132,4,51.0,0.5192260066774146,14,369.0,0.13219073424682548,25,608.0
1810.0,23,85.0,0.68,4.510116150562268,11,199.0,0.172477915640585,4,44.0,0.4505958387771838,8,360.0,0.20775536360323385,23,603.0
1815.0,30,133.0,1.0725806451612903,4.671201072481721,13,226.0,0.2422223004125092,7,35.0,0.3441906001576408,10,371.0,0.22458247365755188,30,632.0
1820.0,30,124.0,1.0333333333333334,3.48228125453521,16,260.0,0.17057485390605315,2,37.0,0.2831762964517706,12,370.0,0.194965156516497,30,667.0
1825.0,32,140.0,1.1764705882352942,3.4516707231896366,15,261.0,0.13863248454088434,6,40.0,0.33243865859790256,11,327.0,0.16504037755451614,32,628.0
1830.0,31,108.0,0.8780487804878049,3.522012489227805,17,324.0,0.11733590417959083,5,45.0,0.41435148894192964,9,311.0,0.14702688795119928,31,680.0
1835.0,31,128.0,1.0078740157480315,3.80564245187309,13,370.0,0.162488104226032,7,45.0,0.35169845016469786,11,313.0,0.15580967640543933,31,728.0
1840.0,30,147.0,1.1666666666666667,3.7029810464958506,15,395.0,0.10598207221658398,2,38.0,0.34866007401657534,13,327.0,0.1726208273098976,30,760.0
1845.0,41,250.0,2.0661157024793386,3.834470205541326,16,383.0,0.12873404161093355,7,33.0,0.3690107345311694,18,397.0,0.12542319514629055,41,813.0
1850.0,37,248.0,2.066666666666667,3.702286402932588,13,400.0,0.11718287250591532,7,63.0,0.37376009433443097,17,410.0,0.08552838099120631,37,873.0
1855.0,33,211.0,1.8189655172413792,3.9655390301816937,12,406.0,0.1434122671793032,8,105.0,0.3081000794654919,13,351.0,0.17373997343692849,33,862.0
1860.0,37,299.0,2.6228070175438596,4.210696161528918,15,429.0,0.1406682692492813,11,151.0,0.29727046959010744,11,249.0,0.1976628498344832,37,829.0
1865.0,33,201.0,1.763157894736842,3.5895026773607146,16,441.0,0.11403804481713518,6,144.0,0.3706149337711472,11,275.0,0.18099795527156975,33,860.0
1870.0,36,151.0,1.2905982905982907,4.05060798075097,17,409.0,0.14375313714532936,5,95.0,0.3266039249228892,14,327.0,0.2618335287478544,36,831.0
1875.0,36,183.0,1.5378151260504203,4.307879354645578,18,469.0,0.14914665320743248,6,58.0,0.3460999978880626,12,387.0,0.30767370785325865,36,914.0
1880.0,30,205.0,1.7521367521367521,4.240170036486504,15,519.0,0.1254519194974453,2,47.0,0.41086959422111097,13,449.0,0.2564247535029702,30,1015.0
1885.0,33,165.0,1.3865546218487395,3.710688105308565,14,515.0,0.13602677183245246,5,34.0,0.26272599064338803,14,439.0,0.1373445610364617,33,988.0
1890.0,36,176.0,1.543859649122807,3.945744489702071,12,464.0,0.1320900773024138,10,69.0,0.3810951783152269,14,349.0,0.1466829204052893,36,882.0
1895.0,36,243.0,2.0948275862068964,4.544441341279806,13,374.0,0.16803556318460675,10,121.0,0.42085135821918745,13,401.0,0.15286889437813472,36,896.0
1900.0,36,282.0,2.41025641025641,4.156029364291346,9,398.0,0.18376907269590584,11,173.0,0.3385285790891052,16,475.0,0.11879050927888396,36,1046.0
1905.0,28,174.0,1.5130434782608695,3.7379564245321935,8,379.0,0.18125665230343516,9,175.0,0.2161941158470993,11,489.0,0.1258761273978895,28,1043.0
1910.0,25,128.0,1.1851851851851851,4.262728563764895,14,406.0,0.22355213248860553,4,129.0,0.3708641442705684,7,428.0,0.19262770363840265,25,963.0
1915.0,27,191.0,1.7522935779816513,4.98304683321843,20,468.0,0.21168929480444648,3,69.0,0.37797132411784984,4,438.0,0.2979827317866912,27,975.0
1920.0,32,306.0,2.8333333333333335,4.234059978478193,27,581.0,0.12407454236346264,1,47.0,0.3405505747691529,4,452.0,0.26172411609875645,32,1080.0
1925.0,44,333.0,3.0833333333333335,3.2119014940154385,31,632.0,0.05278543663535097,8,61.0,0.2499777002985233,5,430.0,0.19067402813059653,44,1123.0
1930.0,42,309.0,3.0,3.692869545198378,26,608.0,0.09565278784167482,12,112.0,0.39074492136446254,4,368.0,0.1779829820732109,42,1088.0
1935.0,39,308.0,2.878504672897196,3.9652660983282573,22,708.0,0.11486998669514085,11,167.0,0.37153560713049905,6,288.0,0.18144996790749737,39,1163.0
1940.0,33,244.0,2.1981981981981984,4.211301212268212,19,792.0,0.11888237233441121,7,171.0,0.3120901878137494,7,221.0,0.20254480976562966,33,1184.0
1945.0,27,131.0,1.2242990654205608,3.9383213935468193,19,797.0,0.12146776009582817,4,112.0,0.3096179604126204,4,227.0,0.29609746766614864,27,1136.0
1950.0,17,64.0,0.6336633663366337,4.6251606223432375,12,702.0,0.16975303983567544,1,57.0,0.36198348213250203,4,221.0,0.35983201523447117,17,980.0
1955.0,18,55.0,0.5188679245283019,4.307183992631429,8,691.0,0.16263330627781447,5,70.0,0.33916704515567403,5,202.0,0.2732116833472488,18,963.0
1960.0,25,73.0,0.6822429906542056,4.018674239287941,9,722.0,0.144843173103589,8,70.0,0.3180120682065716,8,139.0,0.23235306018302343,25,931.0
1965.0,26,149.0,1.3669724770642202,4.4803684715466385,13,766.0,0.17712990177133853,5,43.0,0.3106957215680697,8,128.0,0.2839845610505043,26,937.0
1970.0,21,100.0,0.9259259259259259,3.311833596987624,16,748.0,0.12787735157076746,4,55.0,0.20513279995225783,1,119.0,0.32643395256010127,21,922.0
1975.0,27,105.0,0.9292035398230089,4.006407814437162,17,659.0,0.15103081432633364,6,68.0,0.2348253674059257,4,96.0,0.34302965081856024,27,823.0
1980.0,26,115.0,1.0087719298245614,4.199496729207763,13,594.0,0.1857539890608605,9,99.0,0.3235575336830795,4,90.0,0.21158264840581112,26,783.0
1985.0,26,93.0,0.8157894736842105,4.218757011820875,11,630.0,0.16712643635652435,8,112.0,0.23507829483023107,7,80.0,0.20135171601396723,26,822.0
1990.0,22,74.0,0.6548672566371682,4.157855287834585,12,603.0,0.1594305894795196,9,106.0,0.23969173337141536,1,70.0,0.3189593370369726,22,779.0
1995.0,19,57.0,0.5,4.276246150697418,9,466.0,0.16008219037812887,6,123.0,0.24710959745257435,4,62.0,0.3436374176964254,19,651.0
2000.0,17,66.0,0.5739130434782609,4.553804323849545,5,445.0,0.2057577598303463,7,142.0,0.28799534613224953,5,60.0,0.3092885318132346,17,647.0
2005.0,21,60.0,0.5042016806722689,4.483087883033888,6,447.0,0.20631354026138277,8,152.0,0.3184017792758323,7,60.0,0.2278642323877715,21,659.0
2010.0,24,68.0,0.5619834710743802,3.8111358699391875,10,415.0,0.1904620148845299,10,143.0,0.19261063960369793,4,57.0,0.30975480369037545,24,615.0
2015.0,18,71.0,0.5867768595041323,3.913840423483762,7,331.0,0.16562710577738948,7,139.0,0.22602831139342505,4,59.0,0.273114665017696,18,529.0
2020.0,19,54.0,0.432,4.123231010051345,6,336.0,0.14886230485471563,9,149.0,0.28471518640773,4,56.0,0.24299724036588471,19,541.0
2025.0,23,115.0,0.9829059829059829,4.429918215961259,8,331.0,0.17707565293155783,9,179.0,0.2994145389836416,6,51.0,0.21794113252779554,23,561.0
2030.0,28,98.0,0.8448275862068966,3.092735557651467,12,316.0,0.11928490497919468,10,187.0,0.14250707834445758,6,71.0,0.1741166189228029,28,574.0
2035.0,28,103.0,0.8879310344827587,3.906171559925239,11,260.0,0.1978889157247644,7,155.0,0.2410908972190119,10,89.0,0.2154454481706794,28,504.0
2040.0,18,67.0,0.5775862068965517,4.33848897000935,4,229.0,0.2261246662866466,5,109.0,0.3855942629808274,9,96.0,0.2200322105466318,18,434.0
2045.0,22,102.0,0.8571428571428571,4.765976734180229,7,237.0,0.19392623969187744,6,98.0,0.44672480354596034,9,94.0,0.2811124078131748,22,429.0
2050.0,18,57.0,0.48717948717948717,3.6619820416518687,8,220.0,0.11280938709985387,1,78.0,0.40997120883486454,9,119.0,0.24506045571838997,18,417.0
2055.0,21,67.0,0.5677966101694916,4.315115394735083,8,159.0,0.15984449541274884,6,62.0,0.3900859106274481,7,130.0,0.18555779165847508,21,351.0
2060.0,22,125.0,1.1261261261261262,3.9786978055835043,4,107.0,0.19953475868343168,10,97.0,0.3005906252600618,8,138.0,0.10692400479059117,22,342.0
2065.0,24,137.0,1.2568807339449541,4.135871109128109,6,91.0,0.2317530340847908,7,113.0,0.39214506242639346,11,141.0,0.1232814763856718,24,345.0
2070.0,18,127.0,1.1441441441441442,5.084003773241125,7,106.0,0.34582025903858254,3,66.0,0.42616727043745806,8,167.0,0.2317889091290911,18,339.0
2075.0,18,89.0,0.7946428571428571,5.079343527052275,6,96.0,0.2966499254251695,2,43.0,0.4654517891519841,10,172.0,0.22673278993727763,18,311.0
2080.0,20,78.0,0.6902654867256637,5.18901952558093,9,77.0,0.2899085206074453,3,34.0,0.5006475664992638,8,177.0,0.22293872144581803,20,288.0
2085.0,19,68.0,0.6355140186915887,4.578985799075334,10,109.0,0.2521495356734272,1,30.0,0.3908066165444571,8,148.0,0.2308640106876991,19,287.0
2090.0,28,77.0,0.7129629629629629,3.833307451275782,15,134.0,0.15643918543777863,8,45.0,0.3809322446258792,5,139.0,0.1733485499054022,28,318.0
2095.0,26,130.0,1.1711711711711712,4.285603699397017,8,140.0,0.1909954214305636,10,93.0,0.3327871650380814,8,145.0,0.20990587435546101,26,378.0
2100.0,29,123.0,1.0982142857142858,3.8504682446709544,11,149.0,0.1712002753911354,7,107.0,0.17972172028833325,11,149.0,0.1725494343842078,29,405.0
2105.0,18,66.0,0.6226415094339622,4.090214578901561,11,173.0,0.16784816066992794,2,76.0,0.3284473422161337,5,130.0,0.22521354525699955,18,379.0
2110.0,16,51.0,0.4722222222222222,4.741765644958324,10,169.0,0.22709572078077297,2,42.0,0.5614778121048845,4,111.0,0.2784326053570189,16,322.0
2115.0,16,42.0,0.3684210526315789,4.518954770712642,10,194.0,0.1669455338221693,1,25.0,0.45727154063945985,5,119.0,0.2531514320789894,16,338.0
2120.0,20,74.0,0.6548672566371682,3.8208406663908097,9,197.0,0.10452783747704042,6,39.0,0.3244957223047885,5,114.0,0.1817865876201333,20,350.0
2125.0,22,71.0,0.6396396396396397,3.2366037292622436,11,204.0,0.09928521602547843,2,46.0,0.2825857748308215,9,101.0,0.15713966912840296,22,351.0
2130.0,19,52.0,0.45217391304347826,4.1541298573662635,8,175.0,0.20298192295331163,2,23.0,0.5581898099652989,9,121.0,0.2145042115514826,19,319.0
2135.0,15,65.0,0.5462184873949579,4.738792884386865,5,123.0,0.20256032484915765,1,11.0,0.5357680653111877,9,136.0,0.20623053509628597,15,270.0
2140.0,26,144.0,1.170731707317073,5.186128831542054,5,107.0,0.24369547294386404,6,27.0,0.4792020040166414,15,175.0,0.14447432139663763,26,309.0
2145.0,27,156.0,1.3565217391304347,4.775211287913265,6,88.0,0.30656065881648914,4,32.0,0.38631863150338985,17,212.0,0.10010787430441517,27,332.0
2150.0,21,94.0,0.8173913043478261,4.91660446096892,1,63.0,0.405355772176263,3,25.0,0.37093658705285926,17,225.0,0.18614918160476443,21,313.0
2155.0,26,107.0,0.8842975206611571,5.192455039532481,6,51.0,0.39561491358204504,5,42.0,0.4564997912135474,15,272.0,0.19096113057832714,26,365.0
2160.0,22,77.0,0.6416666666666667,4.1091067991447945,7,71.0,0.27310698620225415,3,38.0,0.3036574933207639,12,305.0,0.13357768553744334,22,414.0
2165.0,27,88.0,0.7652173913043478,3.6083770643997135,7,71.0,0.20139689758013538,7,42.0,0.260264931809019,13,309.0,0.1467375480904101,27,422.0
2170.0,27,82.0,0.7192982456140351,4.081146417858324,7,64.0,0.27978159622923565,8,64.0,0.3237654011358265,12,283.0,0.12743953362253574,27,411.0
2175.0,16,42.0,0.35294117647058826,4.226528716770295,3,61.0,0.34249020437662947,6,62.0,0.29524087689623224,7,297.0,0.16917990233557026,16,420.0
2180.0,22,69.0,0.5564516129032258,4.507918383337977,7,71.0,0.28064315338146506,6,70.0,0.25741588065944015,9,304.0,0.16978658858446663,22,445.0
2185.0,33,149.0,1.2521008403361344,4.048021114925195,11,95.0,0.19218813837359272,8,87.0,0.20159555879535604,14,349.0,0.16243496029443572,33,531.0
2190.0,32,142.0,1.3027522935779816,3.2199846643223853,9,93.0,0.14996189149869327,8,99.0,0.2519997177337222,15,366.0,0.09782472296765159,32,558.0
2195.0,24,94.0,0.8703703703703703,3.9728764838755883,5,107.0,0.29684396944233954,5,78.0,0.3299194110786648,14,336.0,0.1555146462572268,24,521.0
2200.0,30,152.0,1.3693693693693694,4.596985134307066,10,127.0,0.293874572414022,5,62.0,0.3806650809751657,15,299.0,0.18142209338948836,30,488.0
2205.0,20,71.0,0.6454545454545455,4.129943533885372,10,141.0,0.1879112081480224,1,52.0,0.47014346634107945,9,306.0,0.16522670226431432,20,499.0
2210.0,30,89.0,0.8165137614678899,4.251152773040494,11,133.0,0.15982522585859282,7,67.0,0.3506055969406837,12,309.0,0.17372172056534166,30,509.0
2215.0,21,94.0,0.8785046728971962,4.637490951294828,6,106.0,0.2646021893598945,4,74.0,0.32428497666471034,11,324.0,0.1724565123490087,21,504.0
2220.0,16,44.0,0.4230769230769231,5.3159492194430475,2,92.0,0.34761060879554595,2,49.0,0.4202872356741617,12,296.0,0.23051284796470906,16,437.0
2225.0,21,79.0,0.7314814814814815,5.630117875362906,8,107.0,0.3233666280059953,2,34.0,0.49874707014329617,11,248.0,0.22355685568160633,21,389.0
2230.0,22,147.0,1.348623853211009,5.640623887944776,14,155.0,0.2082545137079855,2,38.0,0.5542177484539791,6,219.0,0.2717363104067889,22,412.0
2235.0,24,191.0,1.7850467289719627,5.146049589985502,13,186.0,0.13998886727111998,6,57.0,0.3955210448721727,5,186.0,0.33337654179783754,24,429.0
2240.0,25,115.0,1.0454545454545454,4.786113665044826,15,184.0,0.17971317532597,5,66.0,0.2722771152699071,5,153.0,0.35037389885631737,25,403.0
2245.0,16,51.0,0.4473684210526316,5.429623994130574,7,202.0,0.25434816555749973,3,56.0,0.3594449359403492,6,128.0,0.3559894209607743,16,386.0
2250.0,26,80.0,0.7207207207207207,4.7294249012386125,15,244.0,0.22292159583414448,2,56.0,0.29387468090148816,9,144.0,0.25517320266752314,26,444.0
2255.0,30,116.0,1.1262135922330097,3.5264610640255416,12,266.0,0.12341345655430003,8,86.0,0.224172000358344,10,130.0,0.14070110300114397,30,482.0
2260.0,24,76.0,0.76,4.203443944908164,10,242.0,0.12541263140233969,9,106.0,0.3488063972938169,5,110.0,0.23910964289864794,24,458.0
2265.0,20,58.0,0.5631067961165048,4.421842992186561,8,269.0,0.20815140156592085,4,83.0,0.2577045074083703,8,101.0,0.25268934048535374,20,453.0
2270.0,21,79.0,0.7596153846153846,5.012349381328833,10,300.0,0.24996450837468295,1,41.0,0.32009694250575044,10,119.0,0.3078988221553412,21,460.0
2275.0,15,50.0,0.5,4.65498369361103,10,291.0,0.16912334535665816,1,29.0,0.5119430562429838,4,98.0,0.2802695671008126,15,418.0
2280.0,19,67.0,0.6568627450980392,4.949957984743069,10,254.0,0.14872429041804086,5,45.0,0.44172836660637016,4,60.0,0.2894397193871409,19,359.0
2285.0,15,60.0,0.5607476635514018,5.618878211503627,8,263.0,0.16352061031725632,3,47.0,0.45745544965200685,4,56.0,0.4359569519181266,15,366.0
2290.0,13,38.0,0.3584905660377358,5.3222956808848405,10,291.0,0.18587125974311214,1,26.0,0.38287264702624113,2,31.0,0.4168556453395387,13,348.0
2295.0,19,75.0,0.7142857142857143,5.163072420068478,10,284.0,0.19199450286995365,3,18.0,0.29308995712020597,6,43.0,0.3825783113347669,19,345.0
2300.0,21,90.0,0.9,4.450025327978513,10,247.0,0.16225733709827284,1,15.0,0.3096051127103414,10,85.0,0.3419102327907052,21,347.0
2305.0,24,87.0,0.87,3.8642893119205683,7,263.0,0.1650051020593712,8,31.0,0.2828717398012468,9,103.0,0.19412147087751247,24,397.0
2310.0,19,77.0,0.7857142857142857,4.259375824740373,8,283.0,0.17613462270698535,4,52.0,0.34615581791984423,7,90.0,0.2140389345861329,19,425.0
2315.0,19,77.0,0.77,4.691771611966363,10,282.0,0.16719998102429062,1,34.0,0.45633783004829853,8,87.0,0.31462890422043377,19,403.0
2320.0,17,104.0,1.0297029702970297,5.617014849583569,10,250.0,0.1974355575547297,1,21.0,0.6312792472818866,6,94.0,0.4302431729060857,17,365.0
2325.0,11,38.0,0.36538461538461536,5.230056722624346,5,243.0,0.1988249359656039,3,18.0,0.4924263104857077,3,79.0,0.44487778788009386,11,340.0
2330.0,20,87.0,0.8285714285714286,5.278171298143405,12,256.0,0.16827314152348358,3,31.0,0.5532941462339387,5,65.0,0.39163201165047623,20,352.0
2335.0,21,69.0,0.6571428571428571,3.4817839998492124,12,266.0,0.13855130150907755,2,13.0,0.29098323612313304,7,71.0,0.16474292286458014,21,350.0
2340.0,29,98.0,0.9607843137254902,3.8763095045491616,12,233.0,0.15157392858419008,9,30.0,0.29007735198378043,8,75.0,0.22178500066460777,29,338.0
2345.0,18,60.0,0.5769230769230769,3.9736261516588147,9,252.0,0.15085465921019556,4,48.0,0.4635130179096126,5,81.0,0.20492964737040634,18,381.0
2350.0,19,63.0,0.5625,4.597426498298818,10,266.0,0.15866654133865885,1,15.0,0.42154846801581225,8,98.0,0.27671330266299005,19,379.0
2355.0,25,117.0,1.054054054054054,4.095667202358194,14,317.0,0.13534093017272028,2,15.0,0.3896738952195357,9,114.0,0.26813374681436336,25,446.0
2360.0,33,148.0,1.3577981651376148,3.704295283129433,19,330.0,0.11722947487755528,4,29.0,0.29814072847195755,10,109.0,0.26156964596108795,33,468.0
2365.0,31,143.0,1.2882882882882882,3.991701105905394,16,275.0,0.13941847823357104,8,64.0,0.4676759548681174,7,126.0,0.18427988521752978,31,465.0
2370.0,34,205.0,1.8141592920353982,4.4980351875864155,18,273.0,0.14573642471146805,7,99.0,0.4145546073971218,9,140.0,0.20082351659581937,34,512.0
2375.0,32,217.0,1.9727272727272727,3.915761023061112,15,335.0,0.1536874086723842,9,138.0,0.2581447193294806,8,154.0,0.17254456978783628,32,627.0
2380.0,28,124.0,1.1923076923076923,3.7024898882507027,12,374.0,0.1616572554933103,7,132.0,0.29167043448465074,9,125.0,0.1230853383418648,28,631.0
2385.0,17,58.0,0.5686274509803921,4.1158152060857836,12,384.0,0.17195563688843044,1,54.0,0.4333320990963386,4,134.0,0.20137062345999848,17,572.0
2390.0,18,63.0,0.6176470588235294,4.738794569376388,9,346.0,0.1637675679366753,3,59.0,0.44808279195409256,6,133.0,0.2571988146849626,18,538.0
2395.0,23,99.0,0.99,4.522941848323897,10,306.0,0.16600510269098043,8,85.0,0.3462442846664685,5,131.0,0.21570399483411623,23,522.0
2400.0,18,50.0,0.5102040816326531,4.602592403507041,6,286.0,0.18330642869695368,7,86.0,0.4079700020827229,5,109.0,0.2101853058997228,18,481.0
2405.0,14,60.0,0.6185567010309279,4.990289065497348,8,273.0,0.18893267946421016,2,45.0,0.4214377054512376,4,85.0,0.33503726774293624,14,403.0
2410.0,13,35.0,0.36082474226804123,4.039313428993298,9,274.0,0.1637251531765559,1,32.0,0.34317065117855744,3,83.0,0.3259830253868159,13,389.0
2415.0,16,61.0,0.6161616161616161,4.682614255622294,8,231.0,0.1969480548982051,5,50.0,0.30555133832361203,3,85.0,0.3361527235056148,16,366.0
2420.0,17,56.0,0.5656565656565656,4.790753414999515,3,160.0,0.2386756676654354,8,63.0,0.32098344816863617,6,89.0,0.19214183952826933,17,312.0
2425.0,12,48.0,0.48,5.533041863384929,3,105.0,0.33775058681891057,3,54.0,0.3962704920510832,6,83.0,0.2817740266833799,12,242.0
2430.0,11,77.0,0.7549019607843137,5.447420842094846,5,69.0,0.3185329183237831,2,59.0,0.34728722501957987,4,71.0,0.2870441815823744,11,199.0
2435.0,14,87.0,0.8446601941747572,5.581929591947315,4,69.0,0.4490756119891165,9,89.0,0.26064941754988763,1,60.0,0.29988350814955,14,218.0
2440.0,17,56.0,0.5656565656565656,4.763018448889919,2,44.0,0.4063255191640151,11,114.0,0.184660073567998,4,43.0,0.23466276697642122,17,201.0
2445.0,18,62.0,0.6526315789473685,4.612615097394788,8,45.0,0.2864971840223666,6,107.0,0.16703422483354147,4,46.0,0.26946184245455446,18,198.0
2450.0,17,68.0,0.7472527472527473,4.992686058529594,8,67.0,0.29190877444987373,5,82.0,0.2871228182963272,4,40.0,0.32005073858655037,17,189.0
2455.0,9,67.0,0.7444444444444445,5.836661208246082,2,55.0,0.335595274304157,4,79.0,0.39760055352464607,3,38.0,0.40206955324153065,9,172.0
2460.0,6,46.0,0.48936170212765956,6.152350510600012,1,28.0,0.435700489062558,2,67.0,0.3924600305369676,3,44.0,0.37340547422335235,6,139.0
2465.0,12,86.0,0.8775510204081632,5.730876392018574,2,20.0,0.4306791345297212,7,68.0,0.29307859332570235,3,57.0,0.31116147519432336,12,145.0
2470.0,12,96.0,1.0,5.681203975439036,3,24.0,0.4107068706824163,6,82.0,0.28812008686150853,3,72.0,0.35876163312390397,12,178.0
2475.0,14,43.0,0.4479166666666667,5.4429840466746695,7,51.0,0.32792451861123684,4,64.0,0.2732833831963989,3,31.0,0.37561350501404356,14,146.0
2480.0,21,119.0,1.2795698924731183,5.237610416088041,11,102.0,0.22124866544752053,2,45.0,0.25868102324596837,8,35.0,0.3620515110831851,21,182.0
2485.0,22,107.0,1.2159090909090908,4.645753349876769,11,130.0,0.22316529507887592,4,38.0,0.292872723269031,7,58.0,0.29197666407973244,22,226.0
2490.0,15,53.0,0.6162790697674418,5.204225324169033,4,105.0,0.3381336151973405,3,44.0,0.40597189469361716,8,58.0,0.2549153128360238,15,207.0
2495.0,15,51.0,0.5666666666666667,5.474604149136863,2,66.0,0.4406941508899009,8,57.0,0.28868550416637845,5,74.0,0.2639814535735783,15,197.0
2500.0,15,71.0,0.7802197802197802,5.752928855343419,1,41.0,0.6008312001891744,8,79.0,0.21567129411262612,6,97.0,0.23837396908057035,15,217.0
2505.0,16,61.0,0.6777777777777778,5.477823244294324,2,33.0,0.62841313542784,6,71.0,0.2135875604997764,8,112.0,0.24623237679629936,16,216.0
2510.0,11,64.0,0.7272727272727273,6.275919771051352,2,34.0,0.6347616269441151,4,65.0,0.3449880004364911,5,104.0,0.31166625882950727,11,203.0
2515.0,11,56.0,0.6153846153846154,6.5171647874587535,2,5.0,0.5871539149269704,4,66.0,0.3780016316606544,5,84.0,0.350635517345164,11,155.0
2520.0,14,73.0,0.7684210526315789,6.668912045895379,6,22.0,0.45226720560544703,4,64.0,0.48762354879398967,4,84.0,0.36389335303398374,14,170.0
2525.0,18,137.0,1.4891304347826086,6.6909917561771906,9,61.0,0.40433721278345025,5,71.0,0.5048566969583572,4,78.0,0.37499466197873776,18,210.0
2530.0,21,148.0,1.6444444444444444,4.649029421871337,8,83.0,0.27831013716661923,6,92.0,0.4564300502046144,7,88.0,0.26297341536558977,21,263.0
2535.0,19,81.0,0.8901098901098901,4.439570754485376,5,73.0,0.2946125415772319,5,87.0,0.3754681519531891,9,89.0,0.21801058331107892,19,249.0
2540.0,16,75.0,0.7731958762886598,5.313263516678282,4,69.0,0.2483708809659276,7,67.0,0.46733637290514857,5,81.0,0.23270730690446537,16,217.0
2545.0,15,54.0,0.5510204081632653,5.392856639850323,9,88.0,0.2560930866619047,4,59.0,0.42207636085317796,2,64.0,0.2638364775033395,15,211.0
2550.0,24,126.0,1.3263157894736841,5.32273814081473,14,147.0,0.2786842132738521,1,37.0,0.360721221558121,9,64.0,0.262396109289696,24,248.0
2555.0,26,129.0,1.4333333333333333,4.639269291524431,15,178.0,0.18169433074101735,1,29.0,0.6572677009954306,10,86.0,0.24384509294044068,26,293.0
2560.0,19,87.0,1.0116279069767442,4.762187543969902,10,160.0,0.22451466394607036,1,32.0,0.7280638923645135,8,81.0,0.2622979021008048,19,273.0
2565.0,13,60.0,0.6741573033707865,5.7869655773331194,7,139.0,0.28914258246475794,0,5.0,0.8767753139252629,6,67.0,0.20073674878953854,13,211.0
2570.0,11,39.0,0.4105263157894737,6.392979170923447,7,116.0,0.36168088910163504,0,4.0,0.7944613258366267,4,69.0,0.21243379301237153,11,189.0
2575.0,12,32.0,0.3404255319148936,6.380997380709803,3,104.0,0.4313853302751116,0,0.0,0.6145302231188515,9,69.0,0.20142809479871981,12,173.0
2580.0,13,50.0,0.5376344086021505,5.829602347521277,6,121.0,0.34068849647236865,0,0.0,0.48551193539344434,7,84.0,0.2503176203134599,13,205.0
2585.0,16,43.0,0.5058823529411764,4.746382220167416,7,129.0,0.2686748916299288,3,9.0,0.44455971890440144,6,67.0,0.18979890188239165,16,205.0
2590.0,19,64.0,0.7619047619047619,4.493304362895091,6,102.0,0.1583353056865734,8,41.0,0.42280255208377543,5,55.0,0.2029581117502385,19,198.0
2595.0,10,55.0,0.6395348837209303,6.698176335262566,4,74.0,0.2932319916138467,3,55.0,0.566321896472492,3,53.0,0.3651219658498615,10,182.0
2600.0,6,59.0,0.7023809523809523,8.082943780988309,3,56.0,0.5033315206644748,0,26.0,0.5971783757861404,3,49.0,0.45626297701083934,6,131.0
2605.0,8,62.0,0.7126436781609196,7.085352650372118,2,40.0,0.5191851413544714,2,28.0,0.36675619058171705,4,60.0,0.5138687084215087,8,128.0
2610.0,19,133.0,1.4943820224719102,6.588837556573507,7,50.0,0.35450984725099166,7,55.0,0.2559036089944369,5,81.0,0.5167238387535371,19,186.0
2615.0,20,94.0,1.119047619047619,4.643728760521306,11,92.0,0.2335802485207677,7,72.0,0.13832942815490779,2,55.0,0.36328626263790254,20,219.0
2620.0,29,175.0,2.2435897435897436,4.428648015089759,16,164.0,0.22321893561178033,7,63.0,0.17581594570968806,6,25.0,0.34614910265807247,29,252.0
2625.0,20,137.0,1.8266666666666667,5.051249267067603,13,194.0,0.28158170595564525,3,52.0,0.28052200380991793,4,39.0,0.40818281670999434,20,285.0
2630.0,15,69.0,0.8961038961038961,6.391461664925117,9,149.0,0.3082465216430647,2,46.0,0.5675406855163639,4,33.0,0.43434984927896014,15,228.0
2635.0,8,48.0,0.5714285714285714,7.194678498013682,2,154.0,0.28998888695952574,3,46.0,0.6299600160337389,3,27.0,0.5855181399444648,8,227.0
2640.0,11,49.0,0.5568181818181818,7.138904428319029,8,177.0,0.1998666510965865,2,21.0,0.6350953709663103,1,19.0,0.6458048369360903,11,217.0
2645.0,13,46.0,0.5227272727272727,5.522774864005734,8,178.0,0.17092829958736064,4,18.0,0.3376518080873117,1,4.0,0.5016497356823115,13,200.0
2650.0,16,49.0,0.5764705882352941,5.17598789803689,6,135.0,0.2115573461939111,2,30.0,0.29463673984592403,8,26.0,0.3035575962663374,16,191.0
2655.0,12,37.0,0.4567901234567901,5.422992474758631,4,76.0,0.25145647840418556,2,21.0,0.37577809934651124,6,49.0,0.3277732567909029,12,146.0
2660.0,9,38.0,0.4634146341463415,6.667760227567671,2,55.0,0.34362413286322946,3,18.0,0.5557662967905237,4,40.0,0.3898410133281399,9,113.0
2665.0,8,52.0,0.6265060240963856,7.325107658608911,3,44.0,0.37879464367813453,1,18.0,0.7298834513906676,4,43.0,0.38476217287862524,8,105.0
2670.0,10,61.0,0.6931818181818182,6.951036685059429,1,18.0,0.36917196133451907,1,20.0,0.6301835588785344,8,72.0,0.369943433238227,10,110.0
2675.0,19,87.0,1.0609756097560976,5.989767850584569,8,39.0,0.2935123332238043,3,29.0,0.3659925103154057,8,89.0,0.4133112153626509,19,157.0
2680.0,15,79.0,1.0,4.59639024512653,8,59.0,0.1971947775721316,4,48.0,0.41597453008229074,3,66.0,0.3010006543643474,15,173.0
2685.0,9,16.0,0.1951219512195122,4.5866448822860635,5,57.0,0.2088794339047905,1,22.0,0.562440497121765,3,71.0,0.20790875076477455,9,150.0
2690.0,15,57.0,0.6785714285714286,6.005818548717149,2,47.0,0.27514844306893355,4,19.0,0.6314512397699574,9,97.0,0.2081769560151649,15,163.0
2695.0,15,82.0,1.0,5.695030917377292,1,32.0,0.4474327990261637,6,42.0,0.4149822727614823,8,108.0,0.16291884828232098,15,182.0
2700.0,13,53.0,0.6463414634146342,6.201126718747759,3,25.0,0.497208938151836,3,51.0,0.535366060723136,7,74.0,0.19398271905858652,13,150.0
2705.0,8,38.0,0.4470588235294118,7.993397063911627,3,26.0,0.6437737253303825,1,31.0,0.576260517813927,4,57.0,0.35806737267413014,8,114.0
2710.0,8,60.0,0.7058823529411765,8.782348593195941,4,41.0,0.5772519127085055,1,5.0,0.6949959981078885,3,51.0,0.4084667115709482,8,97.0
2715.0,5,14.0,0.17073170731707318,8.074396128530728,3,18.0,0.5451880325973623,1,8.0,0.7413090033797352,1,42.0,0.400591439717358,5,68.0
2720.0,12,59.0,0.7468354430379747,7.742017860155336,4,22.0,0.5001335886697187,2,16.0,0.613050192538618,6,56.0,0.3146428197396176,12,94.0
2725.0,16,97.0,1.4057971014492754,5.821158118712744,8,54.0,0.26804043062723126,2,26.0,0.48945273618040014,6,70.0,0.23077232788179317,16,150.0
2730.0,12,33.0,0.5409836065573771,4.963775204133298,7,66.0,0.27411723875532357,2,15.0,0.4000422317261573,3,55.0,0.26082079125165647,12,136.0
2735.0,12,34.0,0.53125,6.2552436490008105,3,44.0,0.3302445067457751,6,24.0,0.5240111459138157,3,26.0,0.24047856226421765,12,94.0
2740.0,7,36.0,0.5538461538461539,8.162407829877246,2,32.0,0.43274998735145664,2,26.0,0.6233678295733206,3,18.0,0.42015038809121724,7,76.0
2745.0,4,48.0,0.75,9.918214221438344,2,29.0,0.6633840611900792,0,11.0,0.6451538095948073,2,26.0,0.617205982522868,4,66.0
2750.0,4,38.0,0.6031746031746031,9.4731611882166,1,6.0,0.6150270247926127,1,3.0,0.6022661698197417,2,36.0,0.6408600190302858,4,45.0
2755.0,8,26.0,0.40625,7.737828491899538,5,21.0,0.45421754458493124,2,8.0,0.4650497357150917,1,4.0,0.5247920252011395,8,33.0
2760.0,11,47.0,0.7704918032786885,7.365617346562801,3,28.0,0.4206362788075923,2,15.0,0.541170812807834,6,26.0,0.41471735691629935,11,69.0
2765.0,9,48.0,0.8727272727272727,6.159412305638484,1,17.0,0.4302648579416818,3,28.0,0.49994290728426705,5,40.0,0.27769109574903805,9,85.0
2770.0,6,21.0,0.3559322033898305,6.313176853194172,3,17.0,0.3503437051091445,1,18.0,0.5564304939454757,2,30.0,0.2905671172899533,6,65.0
2775.0,8,45.0,0.6818181818181818,8.73094743924714,4,30.0,0.4103038101706804,3,19.0,0.6271190146400946,1,14.0,0.5373173853917154,8,63.0
2780.0,5,48.0,0.7384615384615385,9.334992511054853,3,45.0,0.5291775001468595,0,17.0,0.6118212711900923,2,9.0,0.5975622260233135,5,71.0
2785.0,2,2.0,0.03333333333333333,9.026998220461687,1,17.0,0.499911026019959,0,2.0,0.6641261259663872,1,12.0,0.5782839691697043,2,31.0
2790.0,11,39.0,0.65,8.91626177272339,7,23.0,0.44520185610423674,1,5.0,0.7333556006068845,3,17.0,0.532479023339533,11,45.0
2795.0,6,19.0,0.34545454545454546,7.044384038587988,4,36.0,0.3866894730101101,1,2.0,0.3098716707804355,1,15.0,0.5270039919107158,6,53.0
2800.0,6,23.0,0.45098039215686275,7.554757151901392,2,26.0,0.3316085890238636,3,19.0,0.6408069369113437,1,3.0,0.482508408658853,6,48.0
2805.0,7,52.0,0.9811320754716981,9.154540443661315,2,17.0,0.38143882922208544,3,34.0,0.6778005278853875,2,6.0,0.6088238170963545,7,57.0
2810.0,5,42.0,0.75,9.541820268802825,3,31.0,0.5724451877399188,0,15.0,0.7058978382644313,2,11.0,0.47238210112081325,5,57.0
2815.0,6,52.0,0.9629629629629629,9.261867889579845,4,52.0,0.524898401199138,1,2.0,0.6253372730349844,1,5.0,0.6561313483723157,6,59.0
2820.0,3,12.0,0.23529411764705882,9.514982380956845,0,27.0,0.6898149871732671,2,8.0,0.5183078947310197,1,6.0,0.6740883568487177,3,41.0
2825.0,6,20.0,0.37735849056603776,8.808569643034224,2,4.0,0.6358000966403851,3,18.0,0.30941677545274304,1,2.0,0.5486144459497476,6,24.0
2830.0,2,3.0,0.06382978723404255,7.874320739809591,0,3.0,0.4333549456182923,1,16.0,0.4777243989949096,1,2.0,0.6226425275714014,2,21.0
2835.0,8,25.0,0.5,8.585223304692454,3,6.0,0.41047756793896945,2,13.0,0.6883410449313259,3,10.0,0.5921639283134337,8,29.0
2840.0,4,21.0,0.42,9.204008382502124,1,6.0,0.4983461020992474,2,23.0,0.7259215833945201,1,1.0,0.5732540761102967,4,30.0
2845.0,8,26.0,0.5416666666666666,8.906605368213365,3,11.0,0.4556623049927557,0,13.0,0.768085966938275,5,15.0,0.3859312187105351,8,39.0
2850.0,2,5.0,0.11627906976744186,7.3665579856651116,2,17.0,0.46939097839108723,0,0.0,0.709365970324064,0,18.0,0.4937567548563681,2,35.0
2855.0,3,6.0,0.13953488372093023,9.002579813645626,1,9.0,0.6960309871730593,2,4.0,0.5187097271909819,0,2.0,0.6744860116078825,3,15.0
2860.0,8,35.0,0.7291666666666666,9.315274259633561,3,15.0,0.5620586418067565,4,22.0,0.6121761033797277,1,2.0,0.7519366740831557,8,39.0
2865.0,0,0.0,0.0,9.400383322921774,0,13.0,0.6583287374824255,0,16.0,0.7061066741883562,0,0.0,0.6488012857551292,0,29.0
2870.0,5,10.0,0.20408163265306123,8.94939432762545,3,7.0,0.49474861239449813,1,0.0,0.5469042259937141,1,7.0,0.7511887765541261,5,14.0
2875.0,2,11.0,0.23404255319148937,9.103568045253153,0,12.0,0.5446649471665201,0,0.0,0.7466821645677719,2,13.0,0.6455218226325695,2,25.0
2880.0,3,4.0,0.09090909090909091,8.757721533427471,0,2.0,0.6466742232859006,2,5.0,0.5794188260568859,1,7.0,0.673090956536435,3,14.0
2885.0,8,27.0,0.5625,8.126759258518296,2,0.0,0.6866317135186891,3,19.0,0.48578394166803956,3,12.0,0.4141356402531197,8,31.0
2890.0,3,4.0,0.08163265306122448,7.6056226139796435,0,0.0,0.6789297865891439,2,19.0,0.4292144179974359,1,13.0,0.4465395236226373,3,32.0
2895.0,1,0.0,0.0,9.28465679718217,0,2.0,0.6186407557041836,0,7.0,0.6983616736512082,1,2.0,0.6449805958791983,1,11.0
2900.0,5,15.0,0.2777777777777778,9.490799372356731,4,17.0,0.509380836515779,0,2.0,0.6627488856830822,1,2.0,0.7559616426608262,5,21.0
2905.0,5,11.0,0.22448979591836735,8.421130968857026,2,19.0,0.4919507458793194,2,6.0,0.601048895749798,1,4.0,0.7046794953916945,5,29.0
2910.0,8,35.0,0.7,7.611931246996198,1,10.0,0.47588894055083764,5,25.0,0.4355465130819723,2,12.0,0.6453927099175527,8,47.0
2915.0,6,14.0,0.27450980392156865,6.676210126115215,3,13.0,0.4216311260650959,3,30.0,0.4104049474474924,0,8.0,0.5928680890750991,6,51.0
2920.0,12,42.0,0.75,7.035017631404202,7,38.0,0.39603383976174333,0,17.0,0.5259392208213985,5,16.0,0.41429007388453293,12,71.0
2925.0,15,71.0,1.2678571428571428,6.158762302452838,4,51.0,0.3781711740553493,1,3.0,0.4201093590579742,10,55.0,0.39922160097416215,15,109.0
2930.0,15,106.0,1.8275862068965518,5.423994493232997,2,28.0,0.3446739356775332,3,8.0,0.4343500517693295,10,103.0,0.284674834039495,15,139.0
2935.0,16,90.0,1.4754098360655739,6.065511148773666,1,11.0,0.532172963235641,5,27.0,0.5156811973519365,10,121.0,0.2196714685783417,16,159.0
2940.0,5,25.0,0.390625,7.853007435567141,2,13.0,0.6133823405279705,1,26.0,0.6181208551444574,2,83.0,0.36987359207669446,5,122.0
2945.0,9,18.0,0.2571428571428571,6.909402320459317,4,11.0,0.4287208554912801,2,18.0,0.6633178354530825,3,78.0,0.38449896314515747,9,107.0
2950.0,15,80.0,1.1267605633802817,7.117743072978604,5,28.0,0.5420146223745798,2,22.0,0.6197483053223519,8,108.0,0.3598812430986428,15,158.0
2955.0,13,69.0,1.0298507462686568,6.617734750156009,2,31.0,0.5187751772378822,3,34.0,0.5583443109966248,8,114.0,0.3055015830566105,13,179.0
2960.0,10,70.0,1.1475409836065573,6.6225067732456395,2,9.0,0.5037111335928525,4,54.0,0.5818956418382482,4,79.0,0.3127097074083093,10,142.0
2965.0,4,25.0,0.3787878787878788,7.910008391581123,1,9.0,0.5050474864002895,0,20.0,0.768909688441865,3,47.0,0.35143442767080213,4,76.0
2970.0,5,36.0,0.5373134328358209,9.173796267295224,3,18.0,0.5766492096045677,0,4.0,0.8661981996852647,2,41.0,0.3943115111597506,5,63.0
2975.0,7,63.0,1.0,8.468545007572581,3,31.0,0.49504454159658995,1,2.0,0.6951487223425796,3,46.0,0.4336532074750335,7,79.0
2980.0,8,98.0,1.6065573770491803,9.031780022762252,4,46.0,0.508319388856801,1,7.0,0.6762638191443252,3,53.0,0.6080954278431147,8,106.0
2985.0,7,133.0,2.216666666666667,9.344564179251059,3,61.0,0.6250765835678206,1,12.0,0.6467109748190201,3,60.0,0.6565793280372597,7,133.0
2990.0,5,92.0,1.5081967213114753,8.295547686680347,0,16.0,0.6286962422156408,1,17.0,0.5778817515214321,4,75.0,0.5565403027492954,5,108.0
2995.0,7,11.0,0.1774193548387097,7.237006294581865,3,6.0,0.6270925650523977,3,8.0,0.3916031640185939,1,20.0,0.4928116068411675,7,34.0
3000.0,15,52.0,0.8813559322033898,6.076390801821194,1,10.0,0.433475288747245,9,38.0,0.19500533645493637,5,13.0,0.423419477642521,15,61.0
3005.0,11,45.0,0.7894736842105263,5.443439071685735,1,6.0,0.4577064018085515,8,70.0,0.1978128269431448,2,21.0,0.29461189690769635,11,97.0
3010.0,12,30.0,0.5263157894736842,6.923779093339381,4,7.0,0.4020518410423758,5,64.0,0.4000263214990308,3,15.0,0.546562887965969,12,86.0
3015.0,10,51.0,0.8360655737704918,7.476949362177186,7,32.0,0.3918731497066345,1,59.0,0.4384236918850146,2,22.0,0.6201262532803421,10,113.0
3020.0,11,64.0,1.0847457627118644,6.441133204813642,2,40.0,0.4016083265560338,7,82.0,0.18746028384415886,2,32.0,0.702823549074986,11,154.0
3025.0,11,69.0,1.1694915254237288,5.4864131470204045,1,11.0,0.34693086068033685,7,96.0,0.248956331527042,3,40.0,0.48425960908579074,11,147.0
3030.0,6,12.0,0.1935483870967742,7.05260701815127,3,17.0,0.4072008436748563,3,71.0,0.3736711984589224,0,4.0,0.6493516189300442,6,92.0
3035.0,12,43.0,0.671875,7.78013991920667,6,37.0,0.45276436851293766,3,41.0,0.3792113333512994,3,13.0,0.623292000813379,12,91.0
3040.0,6,20.0,0.3225806451612903,7.361581931924092,5,43.0,0.4076395748768921,1,33.0,0.47425779348602515,0,8.0,0.5920867612265023,6,84.0
3045.0,3,19.0,0.3220338983050847,8.389201889720933,1,31.0,0.446363126705813,1,32.0,0.6360434504632957,1,5.0,0.6384148459152373,3,68.0
3050.0,3,11.0,0.1864406779661017,9.268724779227801,1,17.0,0.4695577154429202,1,20.0,0.6907867171221493,1,10.0,0.653138315752951,3,47.0
3055.0,5,27.0,0.45,9.88060793161539,0,7.0,0.655956791900342,4,31.0,0.5995104196606907,1,15.0,0.6303353646474995,5,53.0
3060.0,7,33.0,0.559322033898305,8.431037697758438,0,0.0,0.7044992579723671,4,39.0,0.4223688633587874,3,20.0,0.43795827904341966,7,59.0
3065.0,3,30.0,0.5357142857142857,8.426381299373764,1,5.0,0.6103305215344021,1,31.0,0.40765800473532776,1,25.0,0.7396074270273242,3,61.0
3070.0,3,33.0,0.5892857142857143,9.157728249663819,1,3.0,0.6205110298537451,1,17.0,0.5307368724143651,1,30.0,0.7575126355564933,3,50.0
3075.0,3,15.0,0.2830188679245283,8.597210353365764,3,17.0,0.5646023652346159,0,9.0,0.5629016855673278,0,1.0,0.6560021475232855,3,27.0
3080.0,8,25.0,0.45454545454545453,7.897387804737391,4,29.0,0.5065140885849673,0,5.0,0.6867424631951744,4,12.0,0.46979140750190157,8,46.0
3085.0,6,16.0,0.2857142857142857,7.385265500352623,1,21.0,0.5930685968937348,1,4.0,0.6700372701610565,4,23.0,0.346160900442085,6,48.0
3090.0,4,9.0,0.15254237288135594,7.441895288212751,2,11.0,0.49932551516263907,1,5.0,0.6814491531920713,1,14.0,0.3948865902764884,4,30.0
3095.0,13,47.0,0.7121212121212122,7.190012867444738,10,36.0,0.2965365649881219,2,13.0,0.5971855893839992,1,12.0,0.5337151748486169,13,61.0
3100.0,9,42.0,0.65625,7.364594057913256,8,57.0,0.20840298785988326,0,9.0,0.6801839265025396,1,15.0,0.6393355663698097,9,81.0
3105.0,5,15.0,0.23809523809523808,7.26228265233972,4,56.0,0.3364831638017234,0,2.0,0.6669330990872939,1,4.0,0.47991852481525504,5,62.0
3110.0,9,43.0,0.671875,7.900959387383593,2,35.0,0.43440421066492535,1,7.0,0.7059672940472971,6,24.0,0.45725391490848244,9,66.0
3115.0,7,47.0,0.746031746031746,8.089324829287978,3,33.0,0.5991024348410813,1,10.0,0.6894692246726081,3,37.0,0.34257261265253924,7,80.0
3120.0,5,21.0,0.35,7.755079678446307,3,19.0,0.4871577009029523,1,17.0,0.7342847330151768,1,20.0,0.38517735271696973,5,56.0
3125.0,11,52.0,0.8524590163934426,7.01764870152777,7,33.0,0.28274896650163883,1,22.0,0.6946931720339322,3,22.0,0.3822208400122816,11,77.0
3130.0,18,87.0,1.45,5.756946079136606,9,57.0,0.16292630320733184,1,27.0,0.7094324774284613,8,50.0,0.2736048985098545,18,134.0
3135.0,13,77.0,1.3275862068965518,5.873720569410853,4,54.0,0.3348542501385747,1,32.0,0.5981413344921452,8,70.0,0.31493604193388613,13,156.0
3140.0,4,9.0,0.15517241379310345,7.306005747059923,3,57.0,0.3888126944530676,0,7.0,0.6946234854012161,1,37.0,0.47206170316913965,4,101.0
3145.0,10,41.0,0.6721311475409836,7.857024016131239,9,79.0,0.2456584646290593,1,8.0,0.7528941868021449,0,13.0,0.46209862091804227,10,100.0
3150.0,10,38.0,0.6785714285714286,7.365068157908796,9,101.0,0.16459226037362917,0,2.0,0.7133734955359321,1,0.0,0.6359228549124822,10,103.0
3155.0,6,17.0,0.2982456140350877,8.398841536375109,5,82.0,0.33201627530424654,0,2.0,0.8162183487099056,1,0.0,0.7177302012834803,6,84.0
3160.0,7,11.0,0.1774193548387097,8.57479891106818,4,67.0,0.44766350041958686,1,4.0,0.733191595869553,2,5.0,0.6371485673906547,7,76.0
3165.0,11,56.0,0.8888888888888888,8.473773998504644,8,99.0,0.3572817252992822,1,9.0,0.7855828773084225,2,13.0,0.6265619850586375,11,121.0
3170.0,14,75.0,1.3157894736842106,6.858277145173748,9,116.0,0.2847393239096677,2,13.0,0.6896005069021119,3,23.0,0.5385217223430692,14,152.0
3175.0,8,23.0,0.4107142857142857,6.196382557295648,6,92.0,0.217672939313061,1,3.0,0.6475944154998523,1,4.0,0.5387439344706214,8,99.0
3180.0,10,30.0,0.5454545454545454,6.9782633471025175,3,62.0,0.2667293063144411,5,16.0,0.4691642427098756,2,11.0,0.5785811718775664,10,89.0
3185.0,2,4.0,0.07407407407407407,7.769625020797262,1,40.0,0.4640691028720109,1,19.0,0.5840177151567854,0,7.0,0.42527492956977153,2,66.0
3190.0,0,0.0,0.0,9.983127022215712,0,22.0,0.6681876353226092,0,5.0,0.7061276313166723,0,2.0,0.6724943600109533,0,29.0
3195.0,2,1.0,0.018867924528301886,10.355764313998854,1,15.0,0.6523717944130655,0,2.0,0.8322740606162438,1,2.0,0.6863194625879321,2,19.0
3200.0,2,6.0,0.10714285714285714,9.208139703497958,1,13.0,0.43448588584863623,0,0.0,0.7291395504722227,1,7.0,0.7174160095811675,2,20.0
3205.0,10,26.0,0.4642857142857143,7.550997525695714,7,33.0,0.34269850693653986,1,1.0,0.5256509770311433,2,5.0,0.6457666501483894,10,39.0
3210.0,15,54.0,1.0,4.400818990664565,4,45.0,0.20936571954844305,6,19.0,0.13112362191840723,5,23.0,0.3437392450280572,15,87.0
3215.0,15,37.0,0.6727272727272727,4.380719948928971,3,33.0,0.30010161850499667,6,40.0,0.24929573205455374,6,34.0,0.2111218939906314,15,107.0
3220.0,4,14.0,0.2413793103448276,8.526994286037345,2,22.0,0.5719911894527656,0,29.0,0.6175128149898494,2,28.0,0.46068513675630857,4,79.0
3225.0,1,12.0,0.1935483870967742,10.759114378139476,1,20.0,0.6876556885239795,0,9.0,0.7793174680026947,0,15.0,0.7569880751463682,1,44.0
3230.0,4,21.0,0.3333333333333333,10.571579401913532,4,21.0,0.6038973350824819,0,2.0,0.7805030036405213,0,2.0,0.7172242197256805,4,25.0
3235.0,2,2.0,0.03278688524590164,10.257057974795444,1,9.0,0.5446433302774335,0,0.0,0.7941039370663646,1,0.0,0.7650812944477111,2,9.0
3240.0,4,14.0,0.2413793103448276,10.083662132905658,3,12.0,0.44511552106314095,0,0.0,0.8811917095856642,1,2.0,0.6937122022097176,4,14.0
3245.0,4,13.0,0.26,8.831973568157956,1,16.0,0.4665312094966469,2,3.0,0.4853010456005584,1,7.0,0.6542517018037772,4,26.0
3250.0,9,27.0,0.5625,6.448402529081448,1,3.0,0.27555569999021134,5,25.0,0.43459182644378364,3,4.0,0.42286341266640437,9,32.0
3255.0,7,28.0,0.5714285714285714,7.485334988443027,1,5.0,0.48948268801441586,0,22.0,0.5616539611570762,6,23.0,0.2070241071167479,7,50.0
3260.0,8,28.0,0.5833333333333334,8.192436819978308,2,14.0,0.6000998514788416,0,2.0,0.6755058467168715,6,36.0,0.3749182370529868,8,52.0
3265.0,0,0.0,0.0,9.492348311009755,0,3.0,0.6831851951226848,0,2.0,0.7450606526821735,0,24.0,0.5409220976680348,0,29.0
3270.0,2,9.0,0.1836734693877551,9.870069899950103,2,11.0,0.5692664895505438,0,2.0,0.8908025284653545,0,7.0,0.672944812527003,2,20.0
3275.0,3,2.0,0.041666666666666664,9.319363366002447,0,7.0,0.460490086586197,1,0.0,0.7295189625277159,2,2.0,0.6657297792987519,3,9.0
3280.0,5,5.0,0.11627906976744186,7.950668801089608,1,0.0,0.48181839579724106,1,3.0,0.6065245426478054,3,4.0,0.47590972474371424,5,7.0
3285.0,7,36.0,0.8,8.902616699140852,0,0.0,0.5629359947552252,2,13.0,0.6987047801167203,5,25.0,0.3307518026057447,7,38.0
3290.0,5,13.0,0.30952380952380953,8.024886773289674,1,3.0,0.5718241286020245,0,8.0,0.6552613085428676,4,35.0,0.2657215087283153,5,46.0
3295.0,2,2.0,0.046511627906976744,9.4286461322356,1,2.0,0.7160324610261849,1,4.0,0.6192148443400723,0,11.0,0.5353316659193715,2,17.0
3300.0,2,7.0,0.1590909090909091,10.796943718913406,1,2.0,0.6680812187637455,1,11.0,0.7987985228324721,0,0.0,0.7331742525279821,2,13.0
3305.0,4,13.0,0.2826086956521739,9.399946887992234,0,3.0,0.6241817941887295,1,14.0,0.6940834306756798,3,1.0,0.5687609899084158,4,18.0
3310.0,8,38.0,0.9047619047619048,8.792294739121697,2,3.0,0.7146044564262914,2,25.0,0.6793349786363139,4,14.0,0.4610141509839102,8,42.0
3315.0,4,15.0,0.375,6.949455657639879,1,10.0,0.5269841838078995,1,4.0,0.6190243151355977,2,23.0,0.33812053201873027,4,37.0
3320.0,6,34.0,0.7906976744186046,8.348470106605573,2,20.0,0.6057765603052845,3,17.0,0.6141273087701017,1,10.0,0.37735114030140404,6,47.0
3325.0,4,36.0,0.8181818181818182,8.991077625647584,2,30.0,0.535085497606888,0,15.0,0.6280758319082435,2,8.0,0.5052694339440608,4,53.0
3330.0,3,17.0,0.3695652173913043,10.265628607964736,0,17.0,0.6831744035822253,0,2.0,0.8115081000148298,3,17.0,0.645055702239046,3,36.0
3335.0,5,35.0,0.813953488372093,10.180225270673331,2,10.0,0.5840464052249204,0,0.0,0.8666303338777743,3,27.0,0.6568884171007502,5,37.0
3340.0,3,39.0,0.975,9.92272315915961,1,14.0,0.6436563130330801,0,0.0,0.8534666037546184,2,37.0,0.6439710409218804,3,51.0
3345.0,2,47.0,1.119047619047619,9.779769245694522,0,2.0,0.6892738234364622,0,2.0,0.7464092873099923,2,47.0,0.5023922907547732,2,51.0
3350.0,1,0.0,0.0,10.888186513840388,1,0.0,0.7049256029365878,0,2.0,0.8128271072647341,0,0.0,0.802478280411521,1,2.0
3355.0,1,1.0,0.021739130434782608,11.295374693617356,0,0.0,0.7540112573512072,1,1.0,0.8318543063077822,0,0.0,0.7880042422982024,1,1.0
3360.0,1,0.0,0.0,10.116739989498942,0,0.0,0.7362890781320655,0,0.0,0.5335452852043315,1,0.0,0.6510170154313514,1,0.0
3365.0,6,22.0,0.5789473684210527,9.125446674730709,1,5.0,0.7048283505956631,5,19.0,0.46185242048931735,0,0.0,0.6864432670934493,6,24.0
3370.0,3,17.0,0.4473684210526316,8.948583532949268,1,10.0,0.5754193321510008,2,27.0,0.5029697255314493,0,0.0,0.6418627819463972,3,37.0
3375.0,1,15.0,0.38461538461538464,10.282322230177915,1,17.0,0.5075394320573567,0,14.0,0.6283084383360232,0,2.0,0.8509192233134617,1,33.0
3380.0,0,0.0,0.0,11.337955017253842,0,2.0,0.8272783385496093,0,2.0,0.7992664808029344,0,2.0,0.755128602383004,0,6.0
3385.0,2,6.0,0.16666666666666666,11.382677834038137,0,2.0,0.8034052052736255,1,1.0,0.7499238305624827,1,7.0,0.7716066923396993,2,10.0
3390.0,2,11.0,0.2972972972972973,9.74492412008501,0,0.0,0.7835644859010121,1,1.0,0.5241654210782445,1,10.0,0.7216349387783128,2,11.0
3395.0,6,32.0,0.8,9.842347328496363,0,0.0,0.668966457219674,4,17.0,0.5848370921577655,2,15.0,0.6918509836781083,6,32.0
3400.0,3,22.0,0.5238095238095238,9.901251533738053,2,2.0,0.5901283832119508,0,13.0,0.5819600912886513,1,20.0,0.736863718391838,3,35.0
3405.0,1,25.0,0.5813953488372093,11.122731022673594,0,2.0,0.7274167177812821,0,0.0,0.841558926854384,1,27.0,0.7361942911804626,1,29.0
3410.0,4,35.0,0.8536585365853658,10.8454915335619,2,7.0,0.703254902844107,0,0.0,0.7979016876036052,2,32.0,0.7069314930403822,4,39.0
3415.0,2,36.0,1.0,10.733445313871185,1,9.0,0.5820397349545733,0,0.0,0.9154144802053436,1,35.0,0.7998809851993623,2,44.0
3420.0,4,44.0,1.2222222222222223,8.949615863535588,1,1.0,0.48744642776740366,1,4.0,0.5730196908824849,2,42.0,0.5932069154963628,4,47.0
3425.0,5,13.0,0.325,9.047937313954602,0,0.0,0.7344317893543949,4,15.0,0.5814776248384419,1,0.0,0.4362362859904072,5,15.0
3430.0,6,18.0,0.46153846153846156,9.071036847125592,2,1.0,0.5565488400676261,1,18.0,0.5944762307870385,3,11.0,0.4553372412363424,6,30.0
3435.0,5,37.0,1.0,9.160750744280417,1,8.0,0.7168243419415272,0,6.0,0.5299011643705166,4,31.0,0.45577528709204884,5,45.0
3440.0,5,62.0,1.7222222222222223,9.418121080395219,1,13.0,0.7896555577292246,0,0.0,0.7993428481692251,4,51.0,0.4448523109739175,5,64.0
3445.0,4,21.0,0.5384615384615384,8.516381318011037,1,16.0,0.7900628403018657,0,0.0,0.7520409200588317,3,38.0,0.4260274500406925,4,54.0
3450.0,2,5.0,0.11904761904761904,9.215879998333202,1,1.0,0.5674078765272507,0,2.0,0.8956512035319935,1,10.0,0.622717018974319,2,13.0
3455.0,7,19.0,0.3958333333333333,7.5613318934059315,5,16.0,0.3303513787213994,1,4.0,0.5855128477391555,1,7.0,0.5584302550380381,7,27.0
3460.0,9,26.0,0.5416666666666666,6.971814543326278,3,24.0,0.465534513827336,1,8.0,0.44805465255666604,5,23.0,0.3521219915825175,9,55.0
3465.0,6,15.0,0.3333333333333333,7.656683116437714,2,12.0,0.6205449729191094,0,3.0,0.7767941490575502,4,36.0,0.3260317387663472,6,51.0
3470.0,4,10.0,0.22727272727272727,9.356307553889804,1,6.0,0.7378780151460939,0,4.0,0.885211684410412,3,30.0,0.4597416825679945,4,40.0
3475.0,1,2.0,0.041666666666666664,10.043506581110618,1,2.0,0.6760604842321117,0,2.0,0.8842258558822005,0,21.0,0.6103549333042051,1,25.0
3480.0,6,17.0,0.3469387755102041,8.746382154401598,5,15.0,0.39257522779552917,1,4.0,0.7372152184576519,0,10.0,0.5711904747698547,6,29.0
3485.0,5,18.0,0.375,7.980945720647171,2,21.0,0.30024673338852104,3,13.0,0.483663274369618,0,0.0,0.7225411683764773,5,34.0
3490.0,3,4.0,0.09302325581395349,7.997820273981748,0,9.0,0.41305979491232314,2,18.0,0.4523181906649457,1,0.0,0.6108678919294037,3,27.0
3495.0,0,0.0,0.0,9.874209729777792,0,2.0,0.6337586258334948,0,6.0,0.6819322073196336,0,2.0,0.7703465676774259,0,10.0
3500.0,2,0.0,0.0,10.855676276202981,1,2.0,0.7926360599381503,0,2.0,0.7852282573660951,1,2.0,0.8037828251966612,2,6.0
3505.0,1,0.0,0.0,9.811972820156923,0,0.0,0.7017635903607433,0,0.0,0.7752045853631766,1,2.0,0.6227180713675189,1,2.0
3510.0,3,5.0,0.10204081632653061,10.425789094836187,2,5.0,0.7324114472329801,0,0.0,0.8402277261326035,1,0.0,0.6965835228842818,3,5.0
3515.0,4,17.0,0.3333333333333333,10.026602488957096,1,10.0,0.643858242687738,0,0.0,0.705304060874155,3,7.0,0.6394369187921687,4,17.0
3520.0,4,28.0,0.5283018867924528,9.002638815129735,3,24.0,0.5575220120169893,1,4.0,0.7200851991678376,0,4.0,0.588951279176268,4,32.0
3525.0,7,42.0,0.75,8.694083298575856,4,39.0,0.5756231001495955,2,5.0,0.5895965814675777,1,2.0,0.572440752485023,7,46.0
3530.0,9,26.0,0.4482758620689655,7.526498863047925,1,15.0,0.5728626666520192,4,22.0,0.481355393863395,4,7.0,0.4501095287819518,9,44.0
3535.0,13,52.0,0.8524590163934426,6.362805389090194,2,7.0,0.47542564201776244,3,26.0,0.3642960899355602,8,37.0,0.26302195551827956,13,70.0
3540.0,7,29.0,0.5178571428571429,5.959954684374618,0,7.0,0.3831761149267861,0,15.0,0.347199131373824,7,65.0,0.29781838150900325,7,87.0
3545.0,8,18.0,0.33962264150943394,6.956596216192374,2,6.0,0.5929719000218563,2,22.0,0.46888996130119387,4,50.0,0.3350968128626116,8,78.0
3550.0,8,37.0,0.6727272727272727,7.8403953484635664,1,11.0,0.5818764019757876,5,39.0,0.5768592562844373,2,36.0,0.38952788707154357,8,86.0
3555.0,5,39.0,0.6724137931034483,8.929714849636419,1,14.0,0.6135108495122819,3,39.0,0.543375440029691,1,23.0,0.5959709406864987,5,76.0
3560.0,5,29.0,0.5,9.076607129209542,2,3.0,0.6579873072695963,1,22.0,0.4794363725238088,2,24.0,0.6739954605740672,5,49.0
3565.0,4,49.0,0.875,9.789898159263183,1,8.0,0.6910753604086494,1,11.0,0.5554093154748065,2,34.0,0.6935569901846095,4,53.0
3570.0,4,58.0,1.1372549019607843,9.545745450902569,0,3.0,0.661003897737373,1,16.0,0.6629067897140914,3,44.0,0.6813300783343194,4,63.0
3575.0,6,80.0,1.6326530612244898,9.811035901035929,2,2.0,0.6432184549956255,2,28.0,0.6547633089672193,2,52.0,0.6688696654717913,6,82.0
3580.0,4,12.0,0.24489795918367346,9.281570776068653,1,7.0,0.6741950357601898,2,14.0,0.5813063628667197,1,23.0,0.6049746598440061,4,44.0
3585.0,8,42.0,0.8076923076923077,8.122487930467576,1,12.0,0.6182889806367143,5,24.0,0.4423080935078104,2,8.0,0.3910401157476839,8,44.0
3590.0,5,31.0,0.6595744680851063,7.342020251549459,1,17.0,0.7280163775820042,2,25.0,0.30694918979007646,2,13.0,0.4384555369416914,5,55.0
3595.0,2,29.0,0.6744186046511628,8.7672122716975,1,24.0,0.6848767709630513,0,10.0,0.5379272872886649,1,14.0,0.6239425896784815,2,48.0
3600.0,2,12.0,0.2553191489361702,9.961487060266952,0,2.0,0.6510248691210371,0,4.0,0.7351629848531096,2,14.0,0.6300323080811443,2,20.0
