step,system_total_stopped,system_total_waiting_time,system_mean_waiting_time,system_mean_speed,A0_stopped,A0_accumulated_waiting_time,A0_average_speed,B0_stopped,B0_accumulated_waiting_time,B0_average_speed,C0_stopped,C0_accumulated_waiting_time,C0_average_speed,agents_total_stopped,agents_total_accumulated_waiting_time
5.0,0,0.0,0.0,1.5523565371055157,0,0.0,1.0,0,0.0,0.1055142841892108,0,0.0,1.0,0,0.0
10.0,1,0.0,0.0,5.418855954970543,0,0.0,1.0,1,0.0,0.36394330301438077,0,0.0,0.4391926136216172,1,0.0
15.0,0,0.0,0.0,8.366766843718434,0,0.0,1.0,0,0.0,0.5250155753636931,0,0.0,0.7005566681264864,0,0.0
20.0,1,5.0,0.625,7.027783161677215,0,0.0,0.28612982605759796,1,5.0,0.161386043420968,0,0.0,0.8309101971869002,1,5.0
25.0,2,14.0,1.4,8.468382175502615,0,0.0,0.9249806935558709,2,14.0,0.17328353317008974,0,0.0,0.7715060792242819,2,14.0
30.0,2,1.0,0.07692307692307693,7.7780880413795614,0,0.0,0.5706928095363312,0,0.0,0.7365606876200725,2,1.0,0.39931885661749783,2,1.0
35.0,2,11.0,0.8461538461538461,8.290293726557737,0,0.0,0.6209564067328502,0,0.0,1.0,2,11.0,0.34546515937556693,2,11.0
40.0,2,0.0,0.0,6.000395250247283,0,0.0,0.6471665433377775,1,0.0,0.0,1,10.0,0.34688455154741565,2,10.0
45.0,2,6.0,0.42857142857142855,8.624485128029077,2,6.0,0.37120445208648645,0,3.0,0.8329749681528986,0,0.0,0.6084439866330001,2,9.0
50.0,0,0.0,0.0,9.350876424223191,0,0.0,0.4354983977678015,0,3.0,0.819469289156987,0,0.0,0.6902595962662722,0,3.0
55.0,5,12.0,0.6666666666666666,8.769678896408461,1,5.0,0.5122957169587464,1,4.0,0.70286346425079,3,5.0,0.3664951820512964,5,14.0
60.0,4,18.0,1.0,7.57653110387361,3,11.0,0.4480188070540702,1,7.0,0.5869023535926625,0,0.0,0.5729720714317509,4,18.0
65.0,2,12.0,0.5714285714285714,9.04267258366006,1,4.0,0.5925810606596795,1,14.0,0.5760845818276501,0,0.0,0.8002496723175408,2,18.0
70.0,2,20.0,0.8695652173913043,9.084319878673853,1,3.0,0.6751694207052388,1,21.0,0.7179276974085359,0,0.0,0.5183234956283792,2,24.0
75.0,4,28.0,1.2173913043478262,8.017598939353604,2,1.0,0.5860014294005216,1,26.0,0.6426788732809765,1,5.0,0.4730142920483385,4,32.0
80.0,6,41.0,1.7083333333333333,6.786874404366472,3,11.0,0.4965081448953661,3,32.0,0.24875380170167907,0,0.0,0.6152458002390504,6,43.0
85.0,3,6.0,0.24,7.078628811003929,2,17.0,0.48787578151823907,1,9.0,0.5105636421452117,0,0.0,0.9151553858086046,3,26.0
90.0,1,6.0,0.21428571428571427,10.207171807524384,0,5.0,0.6935587143925491,1,8.0,0.7561245620941887,0,0.0,0.14977017327612197,1,13.0
95.0,2,12.0,0.46153846153846156,9.867087451920764,1,1.0,0.36850125453895155,1,13.0,0.8073396944388884,0,0.0,0.9256055397674435,2,14.0
100.0,6,15.0,0.5555555555555556,8.032547533279615,4,14.0,0.3321189523273956,2,1.0,0.6233929459782056,0,0.0,0.545209591355624,6,15.0
105.0,1,6.0,0.2608695652173913,9.322105897002896,0,11.0,0.6101828650079462,1,6.0,0.5474863040674437,0,2.0,0.8103274475240513,1,19.0
110.0,2,11.0,0.5,9.755183653841614,0,0.0,0.6927431609157216,1,13.0,0.5856014088628262,1,2.0,0.7747152699094008,2,15.0
115.0,1,4.0,0.16,10.016036731662187,1,4.0,0.5909785033577603,0,4.0,0.7694341080967924,0,2.0,0.7600599078407202,1,10.0
120.0,1,1.0,0.038461538461538464,10.961377577228015,1,4.0,0.5659452706088633,0,2.0,0.8918700675665923,0,0.0,0.8452955564147298,1,6.0
125.0,4,12.0,0.5217391304347826,9.59347165120732,2,10.0,0.5651557382808305,1,0.0,0.6020208890000408,1,2.0,0.5816306701097032,4,12.0
130.0,7,37.0,1.6818181818181819,8.282683847105888,3,21.0,0.4808408636367543,1,3.0,0.39794276207236556,3,13.0,0.531970468545439,7,37.0
135.0,1,8.0,0.38095238095238093,7.832234085031517,0,12.0,0.5138808596934771,1,8.0,0.10111925822341788,0,8.0,0.6980700074868853,1,28.0
140.0,0,0.0,0.0,10.571697495300821,0,0.0,0.7435346460284221,0,6.0,0.7833024849736525,0,0.0,0.6764755085066957,0,6.0
145.0,2,2.0,0.08333333333333333,9.616149620928814,0,0.0,0.3337691606852626,0,4.0,0.9359503053629376,2,2.0,0.41112459628491077,2,6.0
150.0,3,12.0,0.46153846153846156,10.5591839350577,0,0.0,0.7696344481889595,0,0.0,0.9634251964583898,3,12.0,0.41554502024804096,3,12.0
155.0,3,27.0,1.4210526315789473,10.425050964629623,0,0.0,0.9491784581684947,0,0.0,1.0,3,27.0,0.5902833478074234,3,27.0
160.0,1,1.0,0.058823529411764705,8.669168506995453,0,0.0,0.7961497592931962,0,0.0,0.9724907958523418,1,12.0,0.5572846565788582,1,12.0
165.0,1,6.0,0.3,10.345596603780592,0,0.0,0.7059705873585781,0,2.0,0.8891652652451583,1,6.0,0.6129786980899621,1,8.0
170.0,1,11.0,0.5,10.416600524248265,0,0.0,0.740517438572437,0,2.0,0.8217674553157499,1,11.0,0.49776968060285903,1,13.0
175.0,1,0.0,0.0,10.303071586445276,0,0.0,0.7731935880664461,1,2.0,0.7784245788537624,0,0.0,0.4828193117687596,1,2.0
180.0,3,9.0,0.4090909090909091,8.727237412420846,1,0.0,0.49719534761493106,0,0.0,0.6934589779578815,2,9.0,0.3213710673683347,3,9.0
185.0,1,0.0,0.0,8.519627293377695,1,0.0,0.5150369142563782,0,0.0,0.5217041505712287,0,0.0,0.7365274082094111,1,0.0
190.0,2,4.0,0.16,9.72705674606482,0,0.0,0.7692854096339248,1,7.0,0.6745018376286278,1,0.0,0.5928099311793142,2,7.0
195.0,1,9.0,0.32142857142857145,10.293967793284423,0,0.0,0.7420411456751793,1,12.0,0.6881100067138171,0,0.0,0.7652890975279237,1,12.0
200.0,4,8.0,0.25,8.267975126905295,3,6.0,0.3445956577452465,0,3.0,0.7353483325162739,1,4.0,0.5649690712620243,4,13.0
205.0,2,1.0,0.03125,6.735792162499777,1,9.0,0.3530389464059574,1,4.0,0.3377881786566432,0,4.0,0.5859515224612972,2,17.0
210.0,7,17.0,0.5483870967741935,8.19404051912444,1,1.0,0.5863182960152445,6,22.0,0.4324729931397633,0,2.0,0.6435395889024755,7,25.0
215.0,4,10.0,0.29411764705882354,8.761234781661676,2,4.0,0.40435807105102856,1,21.0,0.6334833363185143,1,0.0,0.6181053965526347,4,25.0
220.0,4,18.0,0.43902439024390244,9.60833261871034,2,16.0,0.5282244293227288,1,13.0,0.7065721623258718,1,2.0,0.6727026951435843,4,31.0
225.0,7,40.0,1.1428571428571428,9.347780786275019,4,31.0,0.5077375363087883,2,11.0,0.6158549465453672,1,2.0,0.7173777536120264,7,44.0
230.0,5,29.0,0.7631578947368421,8.109833003648014,0,14.0,0.63637870265544,3,22.0,0.331014666103694,2,9.0,0.6232709327834322,5,45.0
235.0,3,5.0,0.1282051282051282,9.009870458568015,1,4.0,0.7734750028013058,0,12.0,0.7611222715028532,2,9.0,0.5184614719576529,3,25.0
240.0,4,14.0,0.34146341463414637,9.794630232027579,3,12.0,0.4762459935061149,0,4.0,0.8938913682290712,1,4.0,0.6840710268466478,4,20.0
245.0,3,29.0,0.7435897435897436,10.248685923407656,2,22.0,0.5157159045091814,0,4.0,0.8673773788668578,1,7.0,0.5978398344954542,3,33.0
250.0,5,21.0,0.5121951219512195,9.314782909267684,3,15.0,0.3861785674062831,0,0.0,0.8291882748102531,2,17.0,0.503641224889688,5,32.0
255.0,6,22.0,0.5641025641025641,9.572728762854922,3,19.0,0.522184889453559,2,2.0,0.6924435886769594,1,1.0,0.7384668930388265,6,22.0
260.0,4,14.0,0.4,8.025345551997662,1,13.0,0.5159264903903039,1,7.0,0.5734148629251143,2,6.0,0.5053403333469546,4,26.0
265.0,7,43.0,1.303030303030303,8.170875180445458,2,9.0,0.5919413750747176,2,19.0,0.5051848751420198,3,17.0,0.5169981126222006,7,45.0
270.0,1,1.0,0.029411764705882353,8.361255435154925,0,6.0,0.8051886552305798,0,4.0,0.5396002517366478,1,7.0,0.4236827985002609,1,17.0
275.0,4,14.0,0.4,9.424458695784665,1,1.0,0.48651552793240993,1,9.0,0.6627113974313359,2,8.0,0.5808542161983612,4,18.0
280.0,8,34.0,1.1333333333333333,8.252776517179248,5,15.0,0.20504496015433846,0,2.0,0.8343149251969932,3,19.0,0.5465468512693181,8,36.0
285.0,5,46.0,1.5862068965517242,7.8810981945724015,2,28.0,0.37748415637377314,0,0.0,0.7363862646880498,3,34.0,0.560296507921948,5,62.0
290.0,2,5.0,0.1724137931034483,9.625760966424965,1,15.0,0.6974717576905769,1,5.0,0.7178100657892894,0,25.0,0.555319107650532,2,45.0
295.0,4,10.0,0.3333333333333333,9.567419322246561,1,2.0,0.6938090830118574,2,10.0,0.6358632767787729,1,0.0,0.5468037505731044,4,12.0
300.0,1,2.0,0.06451612903225806,9.34587846586839,1,4.0,0.632341239710282,0,0.0,0.7339889214829588,0,0.0,0.5845073000764475,1,4.0
305.0,7,21.0,0.75,7.420674100163462,3,15.0,0.4734601737663382,3,7.0,0.2146832508490822,1,1.0,0.460569899009623,7,23.0
310.0,11,59.0,2.36,4.964719209920094,8,39.0,0.17222937689446405,3,22.0,0.21201442979175003,0,0.0,0.9534189798602993,11,61.0
315.0,4,13.0,0.5,4.592627787982607,4,45.0,0.13764701599882812,0,12.0,0.2450298220182833,0,0.0,0.23673510199959286,4,57.0
320.0,2,5.0,0.18518518518518517,8.470099360721903,1,18.0,0.5196639795893525,1,7.0,0.6062030994416633,0,2.0,0.8842936507334244,2,27.0
325.0,1,10.0,0.3448275862068966,9.79528248015646,0,3.0,0.6596515730447622,1,12.0,0.7258808213002128,0,2.0,0.7438300269741378,1,17.0
330.0,2,16.0,0.5161290322580645,9.341668493715702,1,4.0,0.6075404904578993,1,17.0,0.7347565195350537,0,0.0,0.6696104018277353,2,21.0
335.0,6,35.0,1.09375,8.314422874669997,5,18.0,0.20033738755485236,1,20.0,0.7690990568776512,0,0.0,0.688214301294156,6,38.0
340.0,5,30.0,0.8571428571428571,7.202370041971282,2,21.0,0.2978468968047127,1,25.0,0.6837073932861184,2,0.0,0.541267419206678,5,46.0
345.0,1,30.0,0.8823529411764706,9.598634529826851,0,7.0,0.6526289248432079,1,32.0,0.7355380374699133,0,0.0,0.71663106504601,1,39.0
350.0,4,44.0,1.3333333333333333,9.674485352229244,1,2.0,0.6877307600276158,2,39.0,0.5398973992327443,1,5.0,0.7625362755543631,4,46.0
355.0,1,0.0,0.0,8.666467858655675,0,1.0,0.5785628831405705,0,2.0,0.8183385740116219,1,2.0,0.5832943729022445,1,5.0
360.0,5,10.0,0.3333333333333333,8.349992832679513,3,7.0,0.33152091566962794,2,7.0,0.559306298380917,0,0.0,0.6644939137193593,5,14.0
365.0,2,1.0,0.03571428571428571,8.268623279074191,0,1.0,0.38976253979173603,1,10.0,0.5744768500559501,1,0.0,0.7082245334334085,2,11.0
370.0,2,0.0,0.0,9.666017419577331,1,0.0,0.35595917443347586,0,4.0,0.7977486879904823,1,2.0,0.6429987685514383,2,6.0
375.0,1,3.0,0.10344827586206896,10.42352583991698,0,0.0,0.66287048673505,0,2.0,0.918629052106575,1,5.0,0.7128365636160287,1,7.0
380.0,3,13.0,0.4642857142857143,9.45297600716735,0,0.0,0.8609196982313974,0,2.0,0.7041778605419368,3,15.0,0.473517181837902,3,17.0
385.0,1,5.0,0.16666666666666666,8.051602936252202,0,0.0,0.7545013796831961,1,5.0,0.40493256607838257,0,8.0,0.48367979506720205,1,13.0
390.0,2,5.0,0.1724137931034483,10.418250923923388,1,3.0,0.7910821160180236,1,5.0,0.7321984503566183,0,0.0,0.7360217937576474,2,8.0
395.0,4,18.0,0.5806451612903226,10.214330241495478,2,9.0,0.3626094214515592,1,10.0,0.7775685125500506,1,2.0,0.6297368431154635,4,21.0
400.0,5,31.0,1.0,9.676986918533002,2,19.0,0.39418712818498075,1,1.0,0.7758274837257321,2,12.0,0.5887967660006895,5,32.0
405.0,2,22.0,0.7586206896551724,10.246405856109707,0,2.0,0.6656795239187193,0,0.0,0.8873592297649247,2,24.0,0.6199744048632867,2,26.0
410.0,2,32.0,1.103448275862069,10.116935264059068,0,0.0,0.9518053177557405,0,0.0,0.6379555499148275,2,34.0,0.5851034334606905,2,34.0
415.0,2,2.0,0.08695652173913043,8.04498231746239,1,2.0,0.533579572935495,0,0.0,0.5715984639695147,1,20.0,0.6096795724305132,2,22.0
420.0,4,18.0,0.75,8.463360267354775,1,7.0,0.5481918783485861,1,2.0,0.42721517015638644,2,11.0,0.42172031851229486,4,20.0
425.0,4,21.0,1.05,6.3996213323800335,1,12.0,0.5585913817496735,2,9.0,0.3060003032470795,1,7.0,0.3532762510927506,4,28.0
430.0,1,2.0,0.08695652173913043,7.617455725626276,0,0.0,0.27738076924499494,1,9.0,0.5440108812425317,0,0.0,0.5922604261328117,1,9.0
435.0,3,12.0,0.5217391304347826,9.691188000468792,1,6.0,0.6216432516526643,2,10.0,0.6140787774134758,0,0.0,0.7324089736166896,3,16.0
440.0,0,0.0,0.0,9.843073987589301,0,2.0,0.8830578782058378,0,2.0,0.712637755177047,0,0.0,0.4987331149515263,0,4.0
445.0,4,7.0,0.28,9.48285272866049,0,0.0,0.8588455425962073,2,5.0,0.49113411840761595,2,4.0,0.2251416822501418,4,9.0
450.0,4,3.0,0.13636363636363635,7.334152044268269,3,3.0,0.35058721962691375,0,6.0,0.41479441532407857,1,2.0,0.45485341347838226,4,11.0
455.0,4,21.0,0.9130434782608695,7.969894450016084,4,21.0,0.3666507698378785,0,2.0,0.841300020342366,0,0.0,0.5477881270928465,4,23.0
460.0,4,6.0,0.24,7.720035019663958,1,20.0,0.5956311716502912,0,2.0,0.5766648048581542,3,1.0,0.48039807093131603,4,23.0
465.0,1,6.0,0.25,10.090819856781492,0,5.0,0.7050482066992086,0,4.0,0.8575156330889152,1,6.0,0.5599029291233587,1,15.0
470.0,5,18.0,0.8181818181818182,6.5576704683854095,3,10.0,0.1731098515975048,1,6.0,0.46321074046365,1,11.0,0.5740792267187996,5,27.0
475.0,5,27.0,1.173913043478261,6.379313427069083,5,32.0,0.09231962243879963,0,4.0,0.7366492522826459,0,3.0,0.3109148461538847,5,39.0
480.0,2,4.0,0.18181818181818182,7.598005149012637,0,25.0,0.5633004072237905,0,2.0,0.6697625512143405,2,4.0,0.36155312021197006,2,31.0
485.0,2,11.0,0.5,10.44338730804675,0,2.0,0.8991061316239801,1,6.0,0.8064170258074462,1,9.0,0.5932125814586778,2,17.0
490.0,4,22.0,0.88,9.613124961555389,1,2.0,0.6457689609225248,1,11.0,0.7419719212368121,2,15.0,0.5639680801678159,4,28.0
495.0,2,25.0,0.9259259259259259,9.082202574573351,0,0.0,0.7142526609076539,0,2.0,0.7063899020811565,2,25.0,0.6422252096069143,2,27.0
500.0,3,2.0,0.07407407407407407,8.828948280606205,0,1.0,0.7677290650660492,1,0.0,0.6376435346142656,2,13.0,0.508901920621183,3,14.0
505.0,4,18.0,0.6666666666666666,9.529723304018527,0,1.0,0.8318305274889892,0,0.0,0.5947722664479215,4,20.0,0.5272719845237074,4,21.0
510.0,0,0.0,0.0,9.399196334688524,0,0.0,0.8708622443001184,0,0.0,0.9918394675555987,0,19.0,0.5170143626353191,0,19.0
515.0,1,4.0,0.15384615384615385,10.277563260272151,0,0.0,0.7169091806571646,0,2.0,0.8403835969960459,1,4.0,0.5065075057240541,1,6.0
520.0,2,1.0,0.038461538461538464,9.270301064732832,0,0.0,0.5290983450955903,0,2.0,0.9026321510678523,2,1.0,0.27080891407086877,2,3.0
525.0,3,12.0,0.4444444444444444,8.925565305174857,0,0.0,0.7512774831073767,0,2.0,0.750392765522174,3,12.0,0.2708540300775412,3,14.0
530.0,5,34.0,1.2142857142857142,7.838104121929109,0,0.0,0.7937778824726219,0,0.0,0.567337987460826,5,34.0,0.29509428493557155,5,34.0
535.0,3,10.0,0.3448275862068966,9.06832579688555,1,0.0,0.8032222682914212,0,0.0,0.7793173695799858,2,34.0,0.5515544978934936,3,34.0
540.0,3,3.0,0.0967741935483871,10.298104209276987,1,1.0,0.774233378206124,1,4.0,0.742267729038612,1,11.0,0.7286980418201582,3,16.0
545.0,5,12.0,0.4,8.660669754125017,2,7.0,0.4108006117760672,1,2.0,0.6562330138292265,2,16.0,0.6378420038825212,5,25.0
550.0,7,26.0,0.8387096774193549,6.941066519314795,0,6.0,0.21038058871372525,2,6.0,0.5140499722866028,5,33.0,0.37459010094046025,7,45.0
555.0,3,4.0,0.12903225806451613,6.449733704774998,0,0.0,0.4730346796935727,1,6.0,0.5410574358053152,2,25.0,0.27977658268668276,3,31.0
560.0,1,3.0,0.10344827586206896,10.672433631317016,0,0.0,0.9112191815387284,1,7.0,0.7567409758546845,0,7.0,0.6503793664139368,1,14.0
565.0,1,2.0,0.06666666666666667,10.90590908130635,0,0.0,0.8328614054179944,0,4.0,0.8669342527563335,1,4.0,0.61769860349731,1,8.0
570.0,1,1.0,0.03225806451612903,9.559419453751987,0,0.0,0.7365902370368727,1,5.0,0.6205637548445918,0,2.0,0.556083338975457,1,7.0
575.0,4,8.0,0.27586206896551724,8.015819799510355,1,2.0,0.3695202558217146,0,4.0,0.629849281687413,3,8.0,0.30153158375645184,4,14.0
580.0,2,0.0,0.0,9.374562836753025,0,0.0,0.7580162390824648,2,0.0,0.5082028992187179,0,6.0,0.7592648886274265,2,6.0
585.0,2,3.0,0.1111111111111111,10.888575107413189,0,0.0,0.9547632090489085,2,5.0,0.5380821227926569,0,2.0,0.8843687106095443,2,7.0
590.0,3,16.0,0.6153846153846154,9.295398309055098,0,0.0,0.7950496211027416,3,18.0,0.41383488880814356,0,2.0,0.6789848874811234,3,20.0
595.0,7,43.0,1.5357142857142858,7.73712590412724,0,0.0,0.644909647895599,5,38.0,0.3184309989747913,2,9.0,0.4165381123602969,7,47.0
600.0,2,0.0,0.0,6.746729766152614,1,0.0,0.5886115551229287,0,27.0,0.3238685734745012,1,5.0,0.3637030363749385,2,32.0
605.0,2,5.0,0.16129032258064516,10.149896114056352,0,2.0,0.7723089389235868,0,2.0,0.7922307592907236,2,7.0,0.5251196409470195,2,11.0
610.0,3,18.0,0.6206896551724138,10.760339422717344,0,2.0,0.9241551730401402,1,5.0,0.7506417352674121,2,17.0,0.66158324903321,3,24.0
615.0,3,11.0,0.34375,8.979550030655496,1,3.0,0.5036358452140909,2,12.0,0.5724426775368874,0,2.0,0.7896694417824767,3,17.0
620.0,2,4.0,0.13333333333333333,6.831139485231393,1,2.0,0.5079569719510311,0,4.0,0.2985056609594311,1,6.0,0.2903899260875347,2,12.0
625.0,1,0.0,0.0,8.569539553461517,0,2.0,0.6414760477058258,0,2.0,0.7429671713763482,1,8.0,0.510841358420073,1,12.0
630.0,1,5.0,0.14705882352941177,10.48136851456558,1,7.0,0.7030447335277947,0,4.0,0.8549275522886968,0,2.0,0.715876456911768,1,13.0
635.0,2,12.0,0.32432432432432434,10.178839548332586,1,12.0,0.7711073925846055,0,4.0,0.8363521139231134,1,4.0,0.595068001784169,2,20.0
640.0,6,28.0,0.7368421052631579,9.024135850952607,2,15.0,0.6237118981327291,0,4.0,0.7260279905448518,4,15.0,0.48258037841363755,6,34.0
645.0,1,3.0,0.07692307692307693,6.37981132622702,1,3.0,0.44964258953034664,0,0.0,0.36519459482984373,0,9.0,0.3860210680763272,1,12.0
650.0,4,20.0,0.45454545454545453,7.761085124947352,4,21.0,0.4852997809575388,0,2.0,0.42283842096394575,0,1.0,0.6080293801124615,4,24.0
655.0,5,8.0,0.18181818181818182,8.750755299957621,2,20.0,0.5724771712003874,0,2.0,0.7578803800946593,3,4.0,0.561048464638767,5,26.0
660.0,6,22.0,0.5,8.629024620188481,0,1.0,0.6762171222861616,1,1.0,0.5943782576575332,5,22.0,0.4965755158777409,6,24.0
665.0,6,22.0,0.5238095238095238,8.291472700703016,0,0.0,0.5180410647112382,1,3.0,0.7577273765256112,5,38.0,0.48737579778043494,6,41.0
670.0,5,12.0,0.26666666666666666,8.87998327695239,1,2.0,0.5849919327741218,1,9.0,0.7454075089592886,3,33.0,0.3895738420717819,5,44.0
675.0,4,7.0,0.1590909090909091,8.170748923784656,1,2.0,0.5867094731638544,0,4.0,0.7476193381895966,3,38.0,0.34261128002700947,4,44.0
680.0,11,46.0,1.0454545454545454,7.51089502863955,2,9.0,0.6408627159233717,0,0.0,0.8207065770471539,9,73.0,0.24044975637170327,11,82.0
685.0,9,40.0,0.9523809523809523,7.8683198050886896,1,2.0,0.7614072157699541,0,0.0,0.7797199435235789,8,99.0,0.40707345134618006,9,101.0
690.0,3,7.0,0.175,8.411944311430272,0,0.0,0.8621499158705567,1,2.0,0.6942728272838516,2,70.0,0.4188976220996552,3,72.0
695.0,1,1.0,0.023255813953488372,8.490562230657348,0,0.0,0.7738935105759834,0,2.0,0.8486510859331391,1,51.0,0.34505946819634326,1,53.0
700.0,9,21.0,0.44680851063829785,6.631902507589012,1,0.0,0.6168659825721244,0,2.0,0.6239574823704123,8,71.0,0.21352505589791004,9,73.0
705.0,9,25.0,0.5208333333333334,6.313936870852584,1,0.0,0.5410127635674413,1,0.0,0.6083427849146106,7,80.0,0.17938272144966205,9,80.0
710.0,3,4.0,0.08333333333333333,7.884748173844144,1,2.0,0.7149429733058158,0,2.0,0.7540797217681157,2,61.0,0.2958358428857537,3,65.0
715.0,4,5.0,0.09433962264150944,8.092916368608037,0,0.0,0.7105627672121464,1,3.0,0.5609278634798742,3,54.0,0.3919357688552799,4,57.0
720.0,11,45.0,0.9183673469387755,7.342195994392497,1,5.0,0.6816589255250805,2,11.0,0.5421338287042479,8,81.0,0.21984905257287088,11,97.0
725.0,8,29.0,0.6304347826086957,4.5313019325534585,0,4.0,0.3831313330965874,0,10.0,0.3069231117862339,8,91.0,0.19648323071268217,8,105.0
730.0,4,12.0,0.25,8.189147912538632,1,0.0,0.6414850729237274,1,6.0,0.6681116992699261,2,67.0,0.4165884761651468,4,73.0
735.0,4,12.0,0.24,8.799278450908062,0,0.0,0.6889558981986034,1,11.0,0.8190327718551353,3,58.0,0.3353344970321361,4,69.0
740.0,13,57.0,1.0555555555555556,7.408984584861641,2,7.0,0.6397652100146023,2,17.0,0.741812614173474,9,88.0,0.12023161825473876,13,112.0
745.0,10,59.0,1.1346153846153846,6.91128854905729,1,7.0,0.5834541409633354,2,25.0,0.5862285914594901,7,99.0,0.27479913213349005,10,131.0
750.0,9,48.0,0.9230769230769231,7.12439555622789,6,13.0,0.35416760368664535,3,37.0,0.4608808672388499,0,63.0,0.48540671610059344,9,113.0
755.0,6,9.0,0.17307692307692307,7.411546836452008,3,21.0,0.29877922536136814,1,4.0,0.6793977038145896,2,22.0,0.4787951359568265,6,47.0
760.0,4,22.0,0.4074074074074074,9.576316925016691,2,12.0,0.44633679003620996,1,10.0,0.7614467528056584,1,9.0,0.604336696944846,4,31.0
765.0,5,42.0,0.8235294117647058,9.987741030182796,2,17.0,0.5268365206473519,2,17.0,0.6715209728192777,1,14.0,0.6587783830610224,5,48.0
770.0,5,26.0,0.5306122448979592,8.169876492969573,0,6.0,0.6307727073279753,2,9.0,0.503767822989724,3,22.0,0.3423781286193627,5,37.0
775.0,4,17.0,0.3617021276595745,8.912736793698985,1,4.0,0.7122039793119557,2,14.0,0.39547389086132956,1,11.0,0.5635872863300364,4,29.0
780.0,2,8.0,0.21052631578947367,8.140911860211185,0,7.0,0.6566121575807857,1,9.0,0.26210767503075405,1,11.0,0.691134268830029,2,27.0
785.0,7,20.0,0.47619047619047616,7.7325818065490814,1,0.0,0.6052473434315696,5,19.0,0.24007664902740242,1,8.0,0.6097505071188191,7,27.0
790.0,3,16.0,0.38095238095238093,9.536537909892026,0,0.0,0.6190481501921835,2,29.0,0.6032511264575099,1,10.0,0.7064270664122532,3,39.0
795.0,3,1.0,0.020833333333333332,8.763065315628223,2,3.0,0.5460619508735476,0,13.0,0.6937122380862697,1,4.0,0.4980730067455876,3,20.0
800.0,7,29.0,0.5918367346938775,9.47910803442634,2,12.0,0.6224096053902677,1,4.0,0.7537766331450874,4,19.0,0.5870922912698371,7,35.0
805.0,1,9.0,0.19148936170212766,8.907277659192534,0,4.0,0.6508582488245743,1,9.0,0.559720795202778,0,15.0,0.580351971703956,1,28.0
810.0,6,11.0,0.2391304347826087,8.344333947670348,1,5.0,0.6017946279313268,3,11.0,0.47764801254598005,2,2.0,0.5517126343442786,6,18.0
815.0,7,29.0,0.5686274509803921,8.830500981393909,2,3.0,0.3915284659267891,4,23.0,0.6563297316526622,1,7.0,0.6463523412762673,7,33.0
820.0,9,40.0,0.7547169811320755,8.399437934051676,7,28.0,0.35229892981373745,1,17.0,0.5546100567326767,1,12.0,0.6458601065636155,9,57.0
825.0,7,24.0,0.4897959183673469,7.439674088220033,4,43.0,0.396751936283071,2,11.0,0.5102005718168489,1,5.0,0.5460079507591117,7,59.0
830.0,6,34.0,0.7391304347826086,8.665058850395283,0,20.0,0.5666989284656684,2,21.0,0.5930053484869351,4,17.0,0.597333402294011,6,58.0
835.0,4,3.0,0.06521739130434782,9.241920799117253,1,3.0,0.708738898832784,1,2.0,0.602093504385728,2,17.0,0.5591564380361989,4,22.0
840.0,2,11.0,0.22916666666666666,9.955123167014923,0,0.0,0.7632475942168672,1,8.0,0.7453582986158055,1,8.0,0.4486082030923358,2,16.0
845.0,3,12.0,0.25,10.047761581767892,1,0.0,0.6657848574543399,0,2.0,0.7924934333005099,2,12.0,0.5578662076884654,3,14.0
850.0,2,4.0,0.08,10.2463811355778,0,2.0,0.8519030904179798,2,6.0,0.7033368945854072,0,0.0,0.6514473110915641,2,8.0
855.0,6,24.0,0.4444444444444444,9.36800339572952,0,2.0,0.6832724619542598,2,14.0,0.5626046849316547,4,10.0,0.632723649017112,6,26.0
860.0,5,30.0,0.5882352941176471,8.971997789760973,1,4.0,0.6004918613219994,0,9.0,0.6452905626728355,4,30.0,0.583255966876329,5,43.0
865.0,16,79.0,1.7173913043478262,5.485491451204515,4,16.0,0.366422500319281,4,10.0,0.0781593922290367,8,58.0,0.32327054779939624,16,84.0
870.0,12,107.0,2.3260869565217392,4.912224784184986,0,11.0,0.34059721974672874,0,17.0,0.25785617206646666,12,109.0,0.21739376594081392,12,137.0
875.0,14,84.0,1.7872340425531914,5.831496097296943,0,2.0,0.6620332719040379,1,4.0,0.531079590252966,13,144.0,0.2335987404648713,14,150.0
880.0,7,30.0,0.5769230769230769,8.025941688269288,1,2.0,0.6991738487476923,1,11.0,0.7528842528979447,5,121.0,0.3494357237556347,7,134.0
885.0,4,31.0,0.5636363636363636,9.002949913238352,1,3.0,0.7244073823316918,1,14.0,0.7478255259343298,2,70.0,0.360949287761621,4,87.0
890.0,6,11.0,0.1864406779661017,7.871240771929518,3,7.0,0.5715096541725717,1,3.0,0.6663270947486115,2,55.0,0.356710573699266,6,65.0
895.0,17,47.0,0.7966101694915254,6.9030701337015765,4,2.0,0.45295069564426943,4,15.0,0.5303268854880534,9,84.0,0.25438156527209543,17,101.0
900.0,16,100.0,1.7857142857142858,5.088837423293528,3,14.0,0.48677678800619223,0,13.0,0.24756596758711924,13,139.0,0.08953094121013816,16,166.0
905.0,11,71.0,1.290909090909091,6.028433115914416,0,7.0,0.5529490734358139,0,0.0,0.44992427412531066,11,158.0,0.21851438254890357,11,165.0
910.0,8,31.0,0.6078431372549019,7.246308319312796,4,9.0,0.5150728845024729,0,4.0,0.8662148297191512,4,114.0,0.38956721747802864,8,127.0
915.0,5,7.0,0.125,7.026063890171256,3,10.0,0.534912216343824,0,4.0,0.7653362090421781,2,108.0,0.3682937954577589,5,122.0
920.0,13,48.0,0.7868852459016393,6.458292002875139,6,24.0,0.43209679410174645,1,0.0,0.572518842591713,6,129.0,0.22425705697761103,13,153.0
925.0,16,43.0,0.6935483870967742,4.603626999174053,5,37.0,0.31721215442367945,2,1.0,0.46392639726033197,9,125.0,0.1691582530188247,16,163.0
930.0,2,6.0,0.09523809523809523,6.618864550349408,1,31.0,0.4303157482784921,0,5.0,0.5391152768131239,1,76.0,0.29297976772818074,2,112.0
935.0,2,8.0,0.12307692307692308,8.821868136694025,1,22.0,0.48093382034483234,0,4.0,0.7859623029164574,1,35.0,0.39141942479189806,2,61.0
940.0,3,20.0,0.31746031746031744,9.282105896109032,2,17.0,0.4706155293255692,0,4.0,0.7940122852661313,1,9.0,0.34551883094266267,3,30.0
945.0,6,30.0,0.47619047619047616,8.020546290166873,3,27.0,0.528703713397249,1,2.0,0.6171395140361571,2,9.0,0.3632221686270722,6,38.0
950.0,8,58.0,0.9354838709677419,8.758413564927478,2,37.0,0.6197681409323162,1,7.0,0.677839155875051,5,20.0,0.4551919912762696,8,64.0
955.0,10,55.0,0.9482758620689655,7.948329410106777,0,0.0,0.7123237388767146,2,14.0,0.6049059777082979,8,47.0,0.363511507842333,10,61.0
960.0,14,76.0,1.3333333333333333,6.699969108660768,4,10.0,0.5589708557616462,2,24.0,0.5077996415426842,8,70.0,0.30652467017395435,14,104.0
965.0,10,69.0,1.1311475409836065,7.232245996114095,1,16.0,0.4987910971311887,3,36.0,0.6108152445884518,6,78.0,0.4347344218892042,10,130.0
970.0,6,25.0,0.390625,7.564247140353025,1,9.0,0.3972904001482472,1,20.0,0.6440789869294529,4,70.0,0.4965955241631789,6,99.0
975.0,10,56.0,0.8235294117647058,8.606371922240287,3,14.0,0.4884129390044918,3,17.0,0.6752065626669493,4,65.0,0.47484668505340966,10,96.0
980.0,8,71.0,1.0,8.325515712006627,3,25.0,0.5329003462193609,2,18.0,0.5288525675260528,3,54.0,0.5504611213262219,8,97.0
985.0,5,9.0,0.125,7.563254142126405,1,20.0,0.5749564548473569,1,9.0,0.5479676618946521,3,46.0,0.37942102531328076,5,75.0
990.0,11,49.0,0.6712328767123288,7.237093534109305,2,6.0,0.5292375779180161,2,12.0,0.42910781766022654,7,45.0,0.3535035760046568,11,63.0
995.0,12,39.0,0.5492957746478874,6.9546015945503585,4,18.0,0.5353393977174176,2,9.0,0.30696960261836065,6,55.0,0.42248323060487786,12,82.0
1000.0,14,46.0,0.6865671641791045,5.8813122676203635,4,22.0,0.374360817547642,7,30.0,0.22034751056349183,3,32.0,0.3668328702726282,14,84.0
1005.0,12,49.0,0.7424242424242424,6.713117464078146,4,17.0,0.41069754233503,5,51.0,0.44264020383489056,3,32.0,0.330039291985312,12,100.0
1010.0,6,42.0,0.6086956521739131,7.52915578959156,1,20.0,0.3932900714033055,1,32.0,0.5169149427520766,4,44.0,0.5052536965878995,6,96.0
1015.0,10,44.0,0.6285714285714286,8.353685837773034,6,37.0,0.4738716331134002,1,11.0,0.5893012441465857,3,44.0,0.5190589400166656,10,92.0
1020.0,15,50.0,0.7352941176470589,6.787669527007575,6,44.0,0.38689372783325665,3,13.0,0.42427459116792826,6,26.0,0.49273564338200543,15,83.0
1025.0,20,106.0,1.536231884057971,6.296013433499934,7,41.0,0.3517974550295963,3,30.0,0.5329506473688486,10,59.0,0.34987836136790207,20,130.0
1030.0,22,127.0,1.7887323943661972,4.203724966252336,6,53.0,0.31928560075406714,1,12.0,0.4076010075906618,15,113.0,0.16860506440282325,22,178.0
1035.0,23,135.0,1.7763157894736843,5.623366171842097,9,66.0,0.3053078210057636,2,13.0,0.5403306586386246,12,144.0,0.22750063693254466,23,223.0
1040.0,15,64.0,0.8421052631578947,5.151581203972835,9,93.0,0.15466078868327826,0,10.0,0.6088306683970575,6,131.0,0.2588099346934963,15,234.0
1045.0,18,65.0,0.9027777777777778,6.725950081878128,9,96.0,0.28602385425411636,2,11.0,0.7198167220513315,7,103.0,0.33703660272873054,18,210.0
1050.0,8,47.0,0.618421052631579,7.025043391215867,1,80.0,0.3096667616244093,1,13.0,0.672046850640865,6,96.0,0.36646873491902193,8,189.0
1055.0,9,23.0,0.2839506172839506,7.142004604646852,6,79.0,0.24436552135372933,1,8.0,0.5727447340015427,2,75.0,0.39365650058306706,9,162.0
1060.0,16,45.0,0.5921052631578947,5.368769553932246,8,95.0,0.1617970549904699,4,13.0,0.29089138755190413,4,62.0,0.37670400142688726,16,170.0
1065.0,17,59.0,0.8309859154929577,4.743475935377332,5,82.0,0.30675951412046065,5,32.0,0.25949330822274885,7,64.0,0.29394589917476854,17,178.0
1070.0,11,27.0,0.36486486486486486,5.699706419411674,4,70.0,0.3225216312325786,2,37.0,0.40423068654079275,5,58.0,0.3514818819414208,11,165.0
1075.0,14,53.0,0.6463414634146342,6.630305180770612,6,81.0,0.30317215245430146,4,20.0,0.47928736049132087,4,47.0,0.37379248667679577,14,148.0
1080.0,15,49.0,0.6125,5.813790987088111,5,80.0,0.29326627398448696,7,39.0,0.3288893818489785,3,46.0,0.3369651952315771,15,165.0
1085.0,14,61.0,0.7922077922077922,5.255072093811065,2,48.0,0.2931409813189397,5,57.0,0.23915945539943362,7,54.0,0.2866056292412272,14,159.0
1090.0,18,56.0,0.7567567567567568,6.157307792838558,5,40.0,0.37287339973628564,7,56.0,0.39847348049922077,6,67.0,0.29079600197578237,18,163.0
1095.0,11,36.0,0.4864864864864865,6.320988784057531,4,39.0,0.44546520714800153,1,61.0,0.4145464761724291,6,60.0,0.2920496696699805,11,160.0
1100.0,9,42.0,0.5526315789473685,7.0906220357447465,1,27.0,0.45168350401648144,5,73.0,0.4564405583937625,3,46.0,0.4203643267830574,9,146.0
1105.0,14,38.0,0.5135135135135135,4.942055538851608,7,42.0,0.2336986783715549,3,70.0,0.2618423006834219,4,31.0,0.2938769860008385,14,143.0
1110.0,13,47.0,0.6619718309859155,4.76582507569463,6,54.0,0.2363487568509734,2,49.0,0.21844538469279876,5,53.0,0.35070496050322386,13,156.0
1115.0,9,36.0,0.4931506849315068,6.372114054226968,3,44.0,0.4048128074060826,1,27.0,0.47229748448893566,5,57.0,0.33159786151896675,9,128.0
1120.0,9,30.0,0.4,7.237519257031187,2,28.0,0.6039314008839181,2,19.0,0.4724959444460598,5,52.0,0.38291346424504913,9,99.0
1125.0,8,27.0,0.34177215189873417,7.201655308937084,3,14.0,0.5074253718975686,1,13.0,0.555493240343879,4,50.0,0.38166952734228465,8,77.0
1130.0,7,48.0,0.6,6.812860278142045,0,15.0,0.40779729112934715,4,17.0,0.47747445481244694,3,56.0,0.3936904370982914,7,88.0
1135.0,18,83.0,1.0121951219512195,5.3283131183642745,8,32.0,0.2406238467988844,5,27.0,0.2851247456273389,5,61.0,0.3291356489245178,18,120.0
1140.0,11,36.0,0.45,5.60335545441073,6,51.0,0.3020111651858244,4,38.0,0.26880689109186207,1,28.0,0.5128517729613563,11,117.0
1145.0,10,49.0,0.6049382716049383,6.651648448710162,1,31.0,0.4358650917847694,5,47.0,0.2933547456746556,4,25.0,0.4945129600430704,10,103.0
1150.0,11,74.0,0.9487179487179487,7.298200924741488,2,13.0,0.5090268432255707,6,64.0,0.4056769732256909,3,34.0,0.4937270612767529,11,111.0
1155.0,10,97.0,1.2125,7.889192021381442,2,10.0,0.5928788434545543,5,86.0,0.5447718377859428,3,28.0,0.39717918873785374,10,124.0
1160.0,6,29.0,0.34523809523809523,8.120921236398056,3,21.0,0.6421499027501081,1,53.0,0.5123248958118879,2,24.0,0.453757606883123,6,98.0
1165.0,10,34.0,0.4146341463414634,8.088214790635122,0,5.0,0.6005769855497417,8,21.0,0.4457228207955036,2,21.0,0.42656840595078016,10,47.0
1170.0,15,37.0,0.46835443037974683,5.687740156715038,6,10.0,0.18769714122128098,7,47.0,0.231861316814692,2,20.0,0.32790860600202126,15,77.0
1175.0,16,49.0,0.6712328767123288,5.2210237687936205,5,26.0,0.2913012468728957,4,49.0,0.15001068318608077,7,38.0,0.3414716230804347,16,113.0
1180.0,9,41.0,0.5857142857142857,6.81259551029132,2,18.0,0.5918521997208721,2,34.0,0.3454811134913337,5,50.0,0.3914288245720123,9,102.0
1185.0,11,47.0,0.6619718309859155,7.547408588226894,4,19.0,0.4315176916067866,2,33.0,0.6525007946429014,5,45.0,0.45703826188884117,11,97.0
1190.0,14,76.0,1.0410958904109588,6.875770764839599,7,42.0,0.4258006915683873,3,43.0,0.5987938759538937,4,50.0,0.362682299716394,14,135.0
1195.0,18,115.0,1.5333333333333334,6.286010069202486,6,54.0,0.4046493638422137,5,62.0,0.4331434832845623,7,80.0,0.33549700786793324,18,196.0
1200.0,15,117.0,1.6027397260273972,5.332306351127639,3,35.0,0.39133560951049534,5,87.0,0.36645152200050446,7,98.0,0.24016737703563534,15,220.0
1205.0,8,22.0,0.3055555555555556,6.484999816071395,2,21.0,0.41054400515610046,1,60.0,0.6702002880729382,5,75.0,0.24870618711944117,8,156.0
1210.0,5,35.0,0.4605263157894737,7.952249922063008,3,27.0,0.4381837091083323,1,12.0,0.7492014643406665,1,50.0,0.27095505328358926,5,89.0
1215.0,2,2.0,0.025974025974025976,8.767919225440053,1,22.0,0.48263522020496097,0,2.0,0.6940030941434517,1,22.0,0.4833284073203295,2,46.0
1220.0,4,17.0,0.24285714285714285,8.722913959897506,4,21.0,0.43927861689356007,0,0.0,0.7227368087844851,0,8.0,0.596921343558495,4,29.0
1225.0,8,15.0,0.20833333333333334,8.094656819830227,5,28.0,0.3304091091079476,1,0.0,0.7444521943614897,2,5.0,0.6403367346647064,8,33.0
1230.0,8,18.0,0.2535211267605634,8.181558448267074,3,26.0,0.35705637489144143,2,4.0,0.6686130538850984,3,9.0,0.606931488166442,8,39.0
1235.0,9,36.0,0.48,7.172881318272707,2,32.0,0.3904706283450964,4,19.0,0.4683513544147985,3,10.0,0.43828273509299176,9,61.0
1240.0,14,66.0,0.8918918918918919,7.2407002249722785,5,42.0,0.37944246048409574,2,22.0,0.4352026943997307,7,29.0,0.40125764541897213,14,93.0
1245.0,11,24.0,0.3333333333333333,6.175908506133339,2,34.0,0.47908770063740375,1,12.0,0.3499769818151778,8,51.0,0.2924886218932459,11,97.0
1250.0,13,59.0,0.855072463768116,6.8417398977356525,5,33.0,0.4023701461929085,3,16.0,0.46947142649869683,5,46.0,0.3913970322755452,13,95.0
1255.0,12,34.0,0.5,5.64739105739838,5,44.0,0.28894903801842176,2,9.0,0.42574241140085617,5,52.0,0.3505602742881004,12,105.0
1260.0,20,74.0,1.0724637681159421,6.304860160893724,6,35.0,0.27949203104338805,6,35.0,0.3431127737122402,8,64.0,0.35865168879967324,20,134.0
1265.0,14,51.0,0.7285714285714285,6.286536404925183,4,38.0,0.3832832576156248,5,48.0,0.43877548787260556,5,66.0,0.2118912644141054,14,152.0
1270.0,3,5.0,0.07042253521126761,7.645607075796936,0,22.0,0.610742270948994,0,26.0,0.5364180435752267,3,44.0,0.3802117690184138,3,92.0
1275.0,8,25.0,0.33783783783783783,8.782106394687542,4,29.0,0.5289921330756103,3,17.0,0.5821140345897499,1,21.0,0.5676958649166965,8,67.0
1280.0,8,27.0,0.391304347826087,8.221049799372057,3,29.0,0.46124914457346583,3,19.0,0.6289229665904,2,12.0,0.5185315141651172,8,60.0
1285.0,15,67.0,0.9178082191780822,6.430858226935748,4,25.0,0.3008298366038015,4,38.0,0.47782638200436656,7,33.0,0.39849920042316644,15,96.0
1290.0,12,33.0,0.4583333333333333,5.321209814945482,4,26.0,0.332538898974891,2,35.0,0.3823601258857463,6,52.0,0.25135876900245924,12,113.0
1295.0,15,52.0,0.7323943661971831,6.082398468935416,8,51.0,0.34365256002329775,4,22.0,0.4165564743691991,3,44.0,0.24831392467273625,15,117.0
1300.0,8,32.0,0.47761194029850745,6.543620364001449,5,58.0,0.2970782358445716,1,20.0,0.5330106063459464,2,23.0,0.375877233308765,8,101.0
1305.0,12,40.0,0.5882352941176471,7.421410119330174,7,58.0,0.3046734276934851,2,13.0,0.6772615073346461,3,21.0,0.5703285481087668,12,92.0
1310.0,5,34.0,0.4594594594594595,7.863441226501266,4,55.0,0.3500069253147424,1,11.0,0.6838670237192785,0,12.0,0.5567336281351165,5,78.0
1315.0,12,42.0,0.5185185185185185,7.464258897992394,3,56.0,0.42199220973949697,4,26.0,0.42440367712683214,5,20.0,0.4604323214101762,12,102.0
1320.0,15,34.0,0.41975308641975306,6.377961830739459,6,49.0,0.4020912987124152,6,29.0,0.2920002098440658,3,27.0,0.32790875579215834,15,105.0
1325.0,11,24.0,0.3116883116883117,6.6268863124252455,5,48.0,0.329083340116803,2,29.0,0.45284294545901926,4,18.0,0.4193313173029674,11,95.0
1330.0,11,26.0,0.34210526315789475,6.055849213839831,4,47.0,0.37270180883405296,4,36.0,0.3925228515660945,3,20.0,0.3704082921120289,11,103.0
1335.0,19,97.0,1.1686746987951808,6.392603143465807,6,48.0,0.3342399890619495,7,61.0,0.33213443508531837,6,40.0,0.34076443275848156,19,149.0
1340.0,23,109.0,1.345679012345679,5.36147164043758,4,46.0,0.3368555759706394,5,71.0,0.31445485429052383,14,89.0,0.2599266644855862,23,206.0
1345.0,25,197.0,2.432098765432099,5.549433440673277,7,58.0,0.370471499374916,2,44.0,0.37317030299036,16,167.0,0.2535433589143879,25,269.0
1350.0,29,280.0,3.3734939759036147,5.305242451313298,7,73.0,0.33647397204389556,2,28.0,0.44245841914264605,20,257.0,0.2634316433148522,29,358.0
1355.0,26,229.0,2.792682926829268,4.661968049429568,6,52.0,0.3008965548018981,3,37.0,0.4274627017833162,17,296.0,0.21963363392499033,26,385.0
1360.0,27,152.0,1.7272727272727273,5.037996514976442,8,63.0,0.25183980681899254,6,50.0,0.48447032352789,13,269.0,0.16320058338785084,27,382.0
1365.0,23,131.0,1.4886363636363635,6.001760957851735,8,81.0,0.25790588939288206,7,77.0,0.41093834568703186,8,203.0,0.2754530721861964,23,361.0
1370.0,22,120.0,1.348314606741573,5.217122498505989,14,122.0,0.1970893591588947,4,71.0,0.2912152367366903,4,214.0,0.2776916879882372,22,407.0
1375.0,21,121.0,1.4578313253012047,5.220481112996713,12,156.0,0.21971502424694025,1,15.0,0.3741234416493186,8,225.0,0.30742212032235033,21,396.0
1380.0,17,61.0,0.7439024390243902,5.253454274574421,5,133.0,0.3310043485949565,3,13.0,0.4165546308054449,9,219.0,0.23230894812349365,17,365.0
1385.0,14,56.0,0.691358024691358,5.725227748225408,3,83.0,0.38703288849344564,5,30.0,0.45795204676955525,6,156.0,0.21212450259573826,14,269.0
1390.0,9,45.0,0.5113636363636364,6.710676431949971,3,49.0,0.44356857704520514,2,25.0,0.5684547252531944,4,149.0,0.27011414273655987,9,223.0
1395.0,12,40.0,0.43478260869565216,6.157581186627432,2,32.0,0.4406989525638156,2,14.0,0.4341457964725694,8,174.0,0.26455181201028205,12,220.0
1400.0,16,61.0,0.6853932584269663,5.613150455718628,6,40.0,0.383935705475764,1,14.0,0.31084117476874623,9,167.0,0.2539564698444503,16,221.0
1405.0,21,66.0,0.7857142857142857,4.398826111199657,5,49.0,0.2962856902934347,8,37.0,0.23332845475138614,8,124.0,0.16756667781467618,21,210.0
1410.0,23,106.0,1.2619047619047619,4.796291309650957,4,37.0,0.28025609215828956,12,92.0,0.32648966433866833,7,144.0,0.18076418734196392,23,273.0
1415.0,22,122.0,1.4523809523809523,4.458091657720616,2,29.0,0.37496910582994636,10,121.0,0.3032762756106403,10,169.0,0.14384130827731806,22,319.0
1420.0,15,73.0,0.8202247191011236,5.501866940880969,2,34.0,0.5790111887987941,2,94.0,0.4073473760064028,11,168.0,0.1736950623153046,15,296.0
1425.0,13,84.0,0.9230769230769231,6.103943802442733,4,46.0,0.6046818459610974,2,39.0,0.414226561892692,7,124.0,0.2567106412388724,13,209.0
1430.0,16,82.0,0.8723404255319149,5.177903987828231,6,68.0,0.5722389305897689,4,31.0,0.3314383670568048,6,133.0,0.2433519164607413,16,232.0
1435.0,18,70.0,0.6862745098039216,5.089551357143148,2,35.0,0.46001438569465164,8,55.0,0.31053957108886354,8,147.0,0.18061969765800998,18,237.0
1440.0,31,174.0,1.6893203883495145,4.6687077130213135,7,28.0,0.2938696399160718,11,102.0,0.23064965225032824,13,195.0,0.1584596440745181,31,325.0
1445.0,42,287.0,2.9895833333333335,3.805552259900964,10,59.0,0.3333942472134503,12,125.0,0.09739691019081004,20,280.0,0.11862300268234688,42,464.0
1450.0,32,227.0,2.389473684210526,3.844796207086448,5,74.0,0.3525795747081566,9,115.0,0.1418859725981847,18,322.0,0.19378861728776053,32,511.0
1455.0,21,113.0,1.1894736842105262,5.057487616850022,4,47.0,0.4477806428949731,2,107.0,0.4129224682237998,15,302.0,0.21934027690839475,21,456.0
1460.0,26,117.0,1.125,5.201988644592053,4,46.0,0.32216423129636557,7,118.0,0.409859485926808,15,254.0,0.1654199179311417,26,418.0
1465.0,26,134.0,1.2523364485981308,5.150911186783589,7,60.0,0.3124413274961432,10,163.0,0.3042244840612669,9,291.0,0.18993361427894578,26,514.0
1470.0,34,186.0,1.9175257731958764,4.272604387085568,13,108.0,0.2019283839921139,9,177.0,0.15758317379335401,12,312.0,0.15687696218709493,34,597.0
1475.0,33,212.0,2.231578947368421,3.9135925505173454,14,177.0,0.20556495732012692,8,143.0,0.17826754356586388,11,320.0,0.19308616752034097,33,640.0
1480.0,21,136.0,1.4623655913978495,4.487765362031119,11,189.0,0.3005786011363407,4,155.0,0.31763009259944847,6,265.0,0.2480429067518623,21,609.0
1485.0,18,108.0,1.0909090909090908,5.7074595386878375,7,134.0,0.34898243983332167,8,183.0,0.3860427975212406,3,188.0,0.25348086571351236,18,505.0
1490.0,20,138.0,1.3018867924528301,5.634134582012615,3,136.0,0.27072685337067703,14,241.0,0.3183642761206751,3,149.0,0.3186575863862349,20,526.0
1495.0,27,117.0,1.0833333333333333,4.489446644513064,8,167.0,0.20776322847426065,16,262.0,0.1717540282482572,3,133.0,0.2734303244499474,27,562.0
1500.0,22,88.0,0.8380952380952381,4.745751276608736,4,168.0,0.2690151836015954,11,233.0,0.1339993139800407,7,131.0,0.3016218603206874,22,532.0
1505.0,20,117.0,1.2061855670103092,5.328749129923967,3,130.0,0.3400791610953305,8,195.0,0.2871108049468102,9,171.0,0.3212008126975944,20,496.0
1510.0,18,112.0,1.0980392156862746,5.138543110992124,4,93.0,0.3631325878148589,7,172.0,0.32800927157726095,7,174.0,0.26566815684741124,18,439.0
1515.0,19,59.0,0.5462962962962963,4.915317511044285,5,101.0,0.3019162507501083,4,158.0,0.3434826695609362,10,146.0,0.29021770303105177,19,405.0
1520.0,26,81.0,0.7043478260869566,4.869131044662572,7,108.0,0.2698338942649576,9,155.0,0.2776418462174634,10,181.0,0.24107491565303918,26,444.0
1525.0,35,148.0,1.2982456140350878,3.8439735918192808,14,143.0,0.1977198952194056,10,162.0,0.1453906641160197,11,225.0,0.14207982657712967,35,530.0
1530.0,34,139.0,1.2990654205607477,2.9026603503658093,14,171.0,0.2256555401242732,7,129.0,0.13128996779789817,13,249.0,0.12828467990487682,34,549.0
1535.0,26,97.0,0.8434782608695652,4.194454205971715,10,138.0,0.2550204849203182,8,145.0,0.2895940192756418,8,221.0,0.23575241490790919,26,504.0
1540.0,30,152.0,1.2063492063492063,4.8029225685749655,14,137.0,0.2154269275789832,9,155.0,0.2697909191974565,7,185.0,0.2568718955514375,30,477.0
1545.0,22,99.0,0.792,4.137489694448634,12,188.0,0.19992621528284132,7,164.0,0.23436351679598497,3,163.0,0.17893623858676597,22,515.0
1550.0,30,109.0,0.8934426229508197,4.238221592025275,14,228.0,0.1762138349178077,8,108.0,0.1851558208739293,8,157.0,0.2502420773292361,30,493.0
1555.0,28,108.0,0.9152542372881356,4.351448031199354,11,260.0,0.24392885490528554,11,127.0,0.21390287790272958,6,151.0,0.2945504644187837,28,538.0
1560.0,26,154.0,1.3275862068965518,4.839309665829329,9,244.0,0.30155604611167974,10,169.0,0.329167234103183,7,125.0,0.32331810576954745,26,538.0
1565.0,25,137.0,1.113821138211382,4.12591128663442,8,240.0,0.2361580040052619,11,198.0,0.29222733884665064,6,134.0,0.27890800195255494,25,572.0
1570.0,27,129.0,1.015748031496063,4.329562206345147,9,244.0,0.17765258008471727,9,199.0,0.29640549735267296,9,139.0,0.1961223982784815,27,582.0
1575.0,33,159.0,1.3032786885245902,3.787257129828301,13,256.0,0.14360792517996024,9,180.0,0.17635582534724592,11,151.0,0.13417574094744109,33,587.0
1580.0,45,307.0,2.6695652173913045,3.469321245643352,20,314.0,0.1400184272046264,14,194.0,0.24165571227226967,11,152.0,0.1586772781622785,45,660.0
1585.0,36,266.0,2.293103448275862,3.131254038362209,18,351.0,0.13340731695426836,11,219.0,0.2448895280310803,7,153.0,0.16660055598414775,36,723.0
1590.0,35,182.0,1.4918032786885247,3.9633853447192835,16,309.0,0.1636439492898223,11,202.0,0.28615998105575474,8,159.0,0.21523402705082467,35,670.0
1595.0,31,174.0,1.392,4.379104597913179,10,350.0,0.20916083729654295,8,174.0,0.2595622396370415,13,200.0,0.2532652411052296,31,724.0
1600.0,33,152.0,1.216,3.622474654154836,14,392.0,0.1764062207558874,6,167.0,0.21812082319061435,13,211.0,0.16741278725635111,33,770.0
1605.0,36,185.0,1.5289256198347108,4.156121190520075,18,471.0,0.1296329677495311,8,157.0,0.30056370816606914,10,181.0,0.19897564723268846,36,809.0
1610.0,31,158.0,1.3620689655172413,3.7761051894945403,15,490.0,0.09751131973325584,5,154.0,0.3019367047524013,11,136.0,0.20396840318574927,31,780.0
1615.0,29,120.0,1.0344827586206897,4.059307193016216,14,443.0,0.1714181615336639,8,140.0,0.3075818971743226,7,150.0,0.2231236425644746,29,733.0
1620.0,25,85.0,0.6910569105691057,4.082585893652376,10,489.0,0.15004906177048158,6,127.0,0.3143186911987408,9,173.0,0.20627275569445924,25,789.0
1625.0,29,100.0,0.8264462809917356,4.099430072818185,13,528.0,0.1374706820548774,7,122.0,0.18127756477904738,9,191.0,0.2266897793068558,29,841.0
1630.0,30,134.0,1.1754385964912282,3.8245070951128635,12,518.0,0.13368554772823138,11,146.0,0.22034733430879097,7,175.0,0.23110603327460277,30,839.0
1635.0,32,181.0,1.6605504587155964,3.3839564441093333,11,442.0,0.12037559456534327,15,195.0,0.34302680336332475,6,169.0,0.13279567972686537,32,806.0
1640.0,32,256.0,2.206896551724138,4.008295510840489,9,439.0,0.16692955779300267,15,261.0,0.30627444518943764,8,180.0,0.17139374337414096,32,880.0
1645.0,28,200.0,1.6666666666666667,3.7963390426135155,7,445.0,0.19702679851031266,14,272.0,0.1230985150092275,7,177.0,0.19947795819759237,28,894.0
1650.0,31,159.0,1.3706896551724137,4.28850921989784,13,489.0,0.21476204683014546,12,206.0,0.24329322792897498,6,132.0,0.24843870296777934,31,827.0
1655.0,34,171.0,1.5,3.8852861617697085,18,484.0,0.17904981718645888,11,171.0,0.2982314883684715,5,136.0,0.25115315485967105,34,791.0
1660.0,37,246.0,2.0847457627118646,4.239419028834488,17,424.0,0.1528999754250234,13,180.0,0.3226462627747575,7,162.0,0.33105915718133416,37,766.0
1665.0,34,150.0,1.1811023622047243,3.316934703254481,15,480.0,0.1306587206685359,11,183.0,0.1988242553850789,8,151.0,0.25122859024884464,34,814.0
1670.0,36,121.0,0.952755905511811,3.6126991361823935,17,541.0,0.1334092798110739,9,163.0,0.26083382567690366,10,119.0,0.18265398089345006,36,823.0
1675.0,34,172.0,1.376,4.385336201167847,16,551.0,0.11544789418757423,9,137.0,0.39327289255679765,9,109.0,0.22752731433259152,34,797.0
1680.0,24,87.0,0.71900826446281,4.011773868660422,12,487.0,0.15203424604866259,6,130.0,0.36326520328215794,6,117.0,0.19194923966800828,24,734.0
1685.0,27,106.0,0.8688524590163934,4.712586517688402,11,373.0,0.19130615973509116,9,103.0,0.31136679736564166,7,114.0,0.2553461930024999,27,590.0
1690.0,19,59.0,0.47580645161290325,4.083348110161372,6,386.0,0.17175677813653806,6,93.0,0.2691528056315221,7,112.0,0.24406366060560986,19,591.0
1695.0,22,78.0,0.6341463414634146,4.494200266159167,9,386.0,0.22506890989260658,6,77.0,0.26761716490825804,7,98.0,0.24995537487580935,22,561.0
1700.0,24,117.0,0.9590163934426229,4.369722395675661,9,359.0,0.1814605625058076,11,97.0,0.24052292747130294,4,100.0,0.2077782770120522,24,556.0
1705.0,28,116.0,1.0,3.999095923052537,10,277.0,0.14024295392815572,9,119.0,0.2764060635693663,9,103.0,0.17898047580174598,28,499.0
1710.0,21,73.0,0.6403508771929824,3.753749858698384,8,298.0,0.18700836291283815,6,98.0,0.22833227296576517,7,109.0,0.1885119027143949,21,505.0
1715.0,22,72.0,0.6153846153846154,3.947817227942315,8,320.0,0.15500355215833173,6,105.0,0.2499304613845905,8,91.0,0.23113131299345435,22,516.0
1720.0,30,162.0,1.3728813559322033,4.713519141587392,14,366.0,0.13257844347151723,9,121.0,0.35719495241881355,7,79.0,0.26711298068001704,30,566.0
1725.0,28,123.0,1.0512820512820513,3.713523287223517,17,367.0,0.10846271262801639,7,115.0,0.25450910195629545,4,74.0,0.17586736431481803,28,556.0
1730.0,29,119.0,1.043859649122807,4.063973787397088,16,323.0,0.17280085352712704,6,73.0,0.2945199379481162,7,75.0,0.24683232160232585,29,471.0
1735.0,24,82.0,0.6890756302521008,4.0214332598384175,16,392.0,0.14812318235088368,2,65.0,0.3496878427124654,6,85.0,0.26501043391872137,24,542.0
1740.0,30,112.0,0.8818897637795275,4.5309485406418935,16,457.0,0.13126558861117862,7,63.0,0.3280452876563312,7,91.0,0.27033049135506987,30,611.0
1745.0,32,145.0,1.1693548387096775,3.7715738144727857,20,526.0,0.13434382621461516,8,72.0,0.27640948659834313,4,109.0,0.18691409412785068,32,707.0
1750.0,37,234.0,1.9180327868852458,3.6961091590588673,22,627.0,0.18142800859012645,6,64.0,0.19447105404982462,9,115.0,0.20140104880931686,37,806.0
1755.0,42,306.0,2.55,3.860280836740797,23,648.0,0.1352759883338642,7,60.0,0.23200699236237796,12,155.0,0.2160035008265435,42,863.0
1760.0,40,289.0,2.5130434782608697,3.598476550716424,22,599.0,0.12703788005472824,9,93.0,0.31039301941401604,9,171.0,0.2593928665572728,40,863.0
1765.0,45,316.0,2.5901639344262297,3.250646680427173,24,669.0,0.1214633360997545,10,142.0,0.2945459334109322,11,149.0,0.19931388538071673,45,960.0
1770.0,41,242.0,1.8615384615384616,3.491503298165774,23,763.0,0.12262933510903187,6,145.0,0.3470316312038124,12,198.0,0.17580746544450543,41,1106.0
1775.0,35,154.0,1.1755725190839694,3.7132412155523378,18,782.0,0.12707446810181017,3,84.0,0.3820370183665435,14,247.0,0.1422799231240085,35,1113.0
1780.0,35,113.0,0.904,3.175206007523093,14,675.0,0.13366985461402184,5,68.0,0.2819177117951215,16,282.0,0.12816194893339042,35,1025.0
1785.0,28,108.0,0.864,3.758461688154067,10,691.0,0.15007428960673563,7,91.0,0.4260043257443404,11,253.0,0.21065667938587276,28,1035.0
1790.0,25,125.0,0.9920634920634921,3.943741983289594,11,704.0,0.1410373301619768,7,123.0,0.4220729976417027,7,268.0,0.2089241816669094,25,1095.0
1795.0,23,125.0,0.9920634920634921,4.147637174174816,15,734.0,0.14537054901627108,2,92.0,0.3929369922126019,6,266.0,0.15498326043133046,23,1092.0
1800.0,31,131.0,1.065040650406504,3.6415005229408797,15,728.0,0.13255596938502326,5,28.0,0.43973933764048323,11,266.0,0.10385209472484053,31,1022.0
1805.0,31,156.0,1.368421052631579,4.044122941622743,16,648.0,0.1312640082634332,6,45.0,0.48859981377201306,9,238.0,0.17470066459448316,31,931.0
1810.0,34,168.0,1.4608695652173913,3.4243030015837017,19,715.0,0.08300816678588933,7,79.0,0.41639221475807114,8,255.0,0.1924074088831315,34,1049.0
1815.0,32,131.0,1.0737704918032787,3.726484337000114,16,769.0,0.10226450917676334,7,81.0,0.2658227610324335,9,251.0,0.18906928357813965,32,1101.0
1820.0,28,166.0,1.456140350877193,3.6532307810287152,13,754.0,0.1336185166884418,2,37.0,0.37022804091069067,13,291.0,0.1943171186226322,28,1082.0
1825.0,28,127.0,1.1238938053097345,3.4093598712321334,11,641.0,0.11266295043223189,4,45.0,0.3957607092128245,13,299.0,0.1670115459546063,28,985.0
1830.0,33,130.0,1.0743801652892562,4.075370145133192,13,673.0,0.14580412094645606,7,62.0,0.4209856345758184,13,262.0,0.15857541757537003,33,997.0
1835.0,25,88.0,0.7213114754098361,4.090835847939938,11,685.0,0.17527534015550242,6,66.0,0.30945144893824933,8,275.0,0.17027408103884958,25,1026.0
1840.0,33,163.0,1.3697478991596639,3.951845826424063,15,718.0,0.16433346745946734,6,51.0,0.21132366390622068,12,301.0,0.18428724465362303,33,1070.0
1845.0,40,202.0,1.8198198198198199,3.263052535403302,17,704.0,0.09887945355222282,7,71.0,0.15000868834964246,16,375.0,0.2205265608925564,40,1150.0
1850.0,35,182.0,1.6396396396396395,3.2541003987028647,16,612.0,0.13543131743742423,8,83.0,0.284991487429584,11,389.0,0.13160991054992066,35,1084.0
1855.0,36,187.0,1.5982905982905984,4.2539458042752605,14,581.0,0.1635980178849557,10,119.0,0.40101964284682123,12,344.0,0.1802350428373785,36,1044.0
1860.0,30,155.0,1.3247863247863247,4.587413543242068,13,626.0,0.1756167359098447,5,119.0,0.41450037591567646,12,295.0,0.1587078901813148,30,1040.0
1865.0,23,66.0,0.5641025641025641,4.249387606652897,12,595.0,0.1655987195335913,3,74.0,0.3091003852627678,8,320.0,0.20829394935794499,23,989.0
1870.0,20,85.0,0.7727272727272727,4.818794787976867,8,440.0,0.1690196170471983,5,54.0,0.41556193617659015,7,320.0,0.27407544319448934,20,814.0
1875.0,16,51.0,0.4766355140186916,4.710031283702212,8,450.0,0.19469033148256298,2,40.0,0.43920116875338755,6,347.0,0.2780976518546031,16,837.0
1880.0,22,93.0,0.8691588785046729,4.694582432855258,9,465.0,0.19181947941185618,5,36.0,0.38063144153279793,8,342.0,0.22773629736687104,22,843.0
1885.0,27,102.0,0.9714285714285714,3.7909780666385418,10,428.0,0.14857226814061053,7,48.0,0.29230147356844205,10,315.0,0.2157813914871705,27,791.0
1890.0,25,117.0,1.0833333333333333,4.82434213256363,11,311.0,0.20688477127927912,6,62.0,0.4738371522669762,8,262.0,0.2822593754628643,25,635.0
1895.0,19,85.0,0.7589285714285714,4.701469078805672,7,304.0,0.23385197468895533,3,58.0,0.424897858158664,9,232.0,0.2775902972342225,19,594.0
1900.0,26,143.0,1.2543859649122806,4.665236280293602,8,323.0,0.1641585328325192,7,53.0,0.325153338424586,11,236.0,0.28374504892698105,26,612.0
1905.0,23,78.0,0.6964285714285714,3.8181711638474396,10,298.0,0.13705066968761648,8,69.0,0.18132487339646206,5,211.0,0.2931799658065964,23,578.0
1910.0,21,74.0,0.6915887850467289,4.543611728229717,10,221.0,0.216656621929802,6,63.0,0.2739227151700304,5,185.0,0.40522991983302487,21,469.0
1915.0,14,36.0,0.3333333333333333,4.164408209206749,5,242.0,0.19358798844441957,3,61.0,0.3069380261237438,6,173.0,0.30759657885492375,14,476.0
1920.0,24,91.0,0.8125,4.530096037097283,10,258.0,0.16220923513902497,7,68.0,0.30551204568479967,7,152.0,0.3237787349926485,24,478.0
1925.0,24,70.0,0.6140350877192983,3.7261348300320964,11,243.0,0.13965120502637246,8,74.0,0.20087369824361187,5,127.0,0.22422655201815242,24,444.0
1930.0,22,77.0,0.6814159292035398,4.215761495472681,10,196.0,0.19851764668360938,7,76.0,0.2448634674406778,5,117.0,0.32419541740374264,22,389.0
1935.0,15,58.0,0.5043478260869565,4.449658755914787,4,193.0,0.2081915548787627,6,71.0,0.30618049477526094,5,106.0,0.3102507678071997,15,370.0
1940.0,21,57.0,0.475,4.020878656450725,10,197.0,0.180235227867656,3,68.0,0.3192036422134045,8,96.0,0.2922068393085927,21,361.0
1945.0,24,87.0,0.7131147540983607,3.7493739989043102,11,198.0,0.13891888274735692,8,78.0,0.24340832389655367,5,109.0,0.25731185400150947,24,385.0
1950.0,26,101.0,0.8278688524590164,3.725901307528406,11,175.0,0.13705942224704734,8,98.0,0.22125801561351965,7,119.0,0.22081423288807764,26,392.0
1955.0,23,75.0,0.6198347107438017,3.7236476333332043,7,184.0,0.18614235954522676,6,86.0,0.32135294040542073,10,130.0,0.19539642972496207,23,400.0
1960.0,20,67.0,0.5403225806451613,3.6975496178256955,8,191.0,0.1563635819569353,2,78.0,0.33270753019270555,10,124.0,0.20757211923274577,20,393.0
1965.0,26,75.0,0.5681818181818182,3.5488882024726554,12,192.0,0.14584239085914022,8,84.0,0.22246475820019043,6,123.0,0.19612419727549443,26,399.0
1970.0,36,159.0,1.213740458015267,3.5527167981164816,11,171.0,0.13328833778430058,14,140.0,0.25084721560094625,11,134.0,0.15754038768935064,36,445.0
1975.0,40,205.0,1.553030303030303,3.287050602618827,13,206.0,0.13261969254672937,12,164.0,0.20784937043628313,15,183.0,0.13514524513577006,40,553.0
1980.0,31,163.0,1.2635658914728682,3.5848708755312364,10,226.0,0.15159363090979427,8,142.0,0.2628271578630376,13,210.0,0.1762964471005871,31,578.0
1985.0,32,177.0,1.3828125,3.9507060268169143,15,261.0,0.1351425004600708,6,103.0,0.36544767930976624,11,173.0,0.19425216511744617,32,537.0
1990.0,31,130.0,1.0236220472440944,3.4230608919605947,17,283.0,0.11174275189652148,3,99.0,0.3214242549593208,11,201.0,0.2392370572136864,31,583.0
1995.0,39,142.0,1.0923076923076922,3.6677236047498076,17,272.0,0.12374343439507803,10,117.0,0.2925883036076824,12,232.0,0.1703751713891589,39,621.0
2000.0,41,186.0,1.488,3.4314259590629868,17,321.0,0.10870714907724749,11,169.0,0.2660315573841472,13,253.0,0.10150088734667023,41,743.0
2005.0,39,168.0,1.3770491803278688,3.3418208384807797,18,376.0,0.11070215548227513,9,184.0,0.2576461139276458,12,240.0,0.12298888167646595,39,800.0
2010.0,30,104.0,0.8813559322033898,3.4638303168746587,16,401.0,0.17910364762202546,7,153.0,0.24195844108472575,7,249.0,0.19768856170259494,30,803.0
2015.0,29,89.0,0.7416666666666667,3.477940472146449,13,373.0,0.15617598408828012,5,124.0,0.32509213755589605,11,245.0,0.16842031893882536,29,742.0
2020.0,27,86.0,0.6935483870967742,3.742840811306783,10,385.0,0.1572891537960758,7,142.0,0.30551994309857555,10,252.0,0.16322053832146202,27,779.0
2025.0,21,78.0,0.6290322580645161,3.767805180312168,11,403.0,0.1349379137046052,3,136.0,0.30726625404247504,7,190.0,0.12689457571282628,21,729.0
2030.0,18,57.0,0.47107438016528924,3.7066434793338066,9,405.0,0.1503290503945989,5,81.0,0.24377414619524465,4,196.0,0.2407077688651004,18,682.0
2035.0,22,73.0,0.6239316239316239,3.6003240910539236,11,356.0,0.134711821156798,1,70.0,0.2523841032593143,10,211.0,0.21265742376472552,22,637.0
2040.0,21,78.0,0.6666666666666666,3.834627425642616,9,348.0,0.13403512513060686,5,82.0,0.2579608966486624,7,211.0,0.1384151574868158,21,641.0
2045.0,19,57.0,0.504424778761062,3.8804289177546996,9,361.0,0.14001844818012993,4,85.0,0.287776496046179,6,143.0,0.1527404181001293,19,589.0
2050.0,17,65.0,0.5855855855855856,4.094961765228843,10,338.0,0.14841294892250947,4,67.0,0.2525628599210751,3,110.0,0.3195176168675048,17,515.0
2055.0,14,33.0,0.2972972972972973,4.351441436763254,9,288.0,0.15766565038633626,2,45.0,0.35147687790057847,3,88.0,0.31045324428318893,14,421.0
2060.0,19,78.0,0.6902654867256637,5.062294119868969,10,220.0,0.16428556655025747,4,54.0,0.3443054425106013,5,97.0,0.28748221938000734,19,371.0
2065.0,20,127.0,1.165137614678899,5.240388224215785,9,205.0,0.23613241202896557,7,82.0,0.39179637580282284,4,94.0,0.21032247868950693,20,381.0
2070.0,15,86.0,0.8349514563106796,4.543948903913166,4,188.0,0.26731123685643976,6,87.0,0.2938626891983607,5,68.0,0.2292271500458797,15,343.0
2075.0,19,80.0,0.7476635514018691,5.114174291058664,8,171.0,0.27790350531554264,7,79.0,0.25366424772866547,4,52.0,0.3022263586077127,19,302.0
2080.0,22,70.0,0.6666666666666666,4.583964560559946,12,192.0,0.22433146932379364,8,80.0,0.21515939767980488,2,40.0,0.3371468407498466,22,312.0
2085.0,17,60.0,0.5660377358490566,4.584693831473714,8,184.0,0.2159314655965198,6,94.0,0.21629283935480914,3,39.0,0.3380607483505334,17,317.0
2090.0,23,58.0,0.5631067961165048,4.158363714346738,7,186.0,0.1493051185734733,10,115.0,0.2643360663728601,6,44.0,0.2578394687049514,23,345.0
2095.0,19,76.0,0.7307692307692307,4.416715833736524,10,176.0,0.15727648781964865,5,123.0,0.2748879358615204,4,44.0,0.2568491241255256,19,343.0
2100.0,21,82.0,0.803921568627451,4.030493031666222,10,184.0,0.18330944938286967,6,102.0,0.2619153119346142,5,52.0,0.26780004279237074,21,338.0
2105.0,16,89.0,0.8476190476190476,4.790308194207933,8,149.0,0.21969357142228194,3,82.0,0.34076382229660934,5,66.0,0.2762163625256823,16,297.0
2110.0,15,74.0,0.6981132075471698,4.897204317179929,6,109.0,0.24923364101431206,5,83.0,0.34882656578786875,4,62.0,0.32937437463588115,15,254.0
2115.0,16,86.0,0.7747747747747747,4.685869953116358,4,107.0,0.2096670971994951,5,81.0,0.36746747966431087,7,49.0,0.26676907280287054,16,237.0
2120.0,26,189.0,1.7181818181818183,4.741987690521902,8,124.0,0.19818883601038623,6,92.0,0.41648292588732894,12,89.0,0.21238595199339713,26,305.0
2125.0,26,212.0,1.962962962962963,3.921612214776945,8,134.0,0.1567057800632909,6,115.0,0.3527584600498677,12,124.0,0.25276156446462833,26,373.0
2130.0,22,86.0,0.8037383177570093,3.828429955827103,9,119.0,0.19846783444270416,2,81.0,0.33579048877154094,11,129.0,0.24457016628130512,22,329.0
2135.0,17,57.0,0.4789915966386555,4.145560942293671,5,141.0,0.17292542597548705,3,63.0,0.32984220937024283,9,114.0,0.22736042451491245,17,318.0
2140.0,28,116.0,0.928,4.767759895811401,12,173.0,0.11730313240916537,7,38.0,0.3432896243057876,9,127.0,0.2607741117745521,28,338.0
2145.0,24,84.0,0.711864406779661,3.7451992478502416,9,181.0,0.13174351427280565,7,54.0,0.19153239842422315,8,140.0,0.21719272771053236,24,375.0
2150.0,26,90.0,0.7964601769911505,3.866574921551244,8,154.0,0.1681709789097389,11,82.0,0.1609938775984217,7,155.0,0.2934765753754093,26,391.0
2155.0,26,92.0,0.8070175438596491,4.135454262255519,8,118.0,0.16839428429210046,11,120.0,0.2340834113457197,7,166.0,0.2722352739907585,26,404.0
2160.0,13,55.0,0.48672566371681414,4.548167389903918,2,124.0,0.18689102432694743,8,138.0,0.31787763468933306,3,143.0,0.2455643698191985,13,405.0
2165.0,16,80.0,0.7017543859649122,4.879346529656742,8,126.0,0.19674791467414193,6,144.0,0.2636477462703123,2,104.0,0.269522042602306,16,374.0
2170.0,21,91.0,0.8198198198198198,4.041681036931271,8,141.0,0.16037225006625339,10,149.0,0.14109942827116898,3,95.0,0.3825048440985312,21,385.0
2175.0,16,94.0,0.8468468468468469,4.179919931994481,6,112.0,0.21885483571183315,6,158.0,0.2005159183895265,4,112.0,0.32866743986653585,16,382.0
2180.0,15,58.0,0.5132743362831859,4.721077929106526,5,89.0,0.1889089531813656,7,172.0,0.25006530194731696,3,77.0,0.33917102409542743,15,338.0
2185.0,18,49.0,0.4298245614035088,4.556812236738416,4,80.0,0.20306393393737074,7,177.0,0.2424232908444728,7,85.0,0.25399082604815904,18,342.0
2190.0,31,140.0,1.2612612612612613,4.118758837511094,9,94.0,0.21266478474066422,9,161.0,0.16049748182143958,13,139.0,0.24568843498873044,31,394.0
2195.0,26,162.0,1.4862385321100917,3.8680435737206107,7,107.0,0.2273453595719821,6,147.0,0.18294083068362166,13,172.0,0.260977599546556,26,426.0
2200.0,23,94.0,0.8392857142857143,3.732512202453878,8,92.0,0.19075019636229076,2,137.0,0.27466676424105757,13,171.0,0.264088029587658,23,400.0
2205.0,23,121.0,1.0341880341880343,4.540210812883071,5,84.0,0.22734752136090214,5,129.0,0.2600592211724282,13,178.0,0.23545519539932933,23,391.0
2210.0,19,62.0,0.5040650406504065,3.986734554510883,4,83.0,0.19567020785056574,5,130.0,0.2658622204258944,10,212.0,0.17729399130754092,19,425.0
2215.0,27,117.0,0.9590163934426229,4.519086005652234,9,104.0,0.21061040272047532,5,110.0,0.3017966417844075,13,254.0,0.19003815409639682,27,468.0
2220.0,31,172.0,1.4827586206896552,3.9702949063556066,11,129.0,0.15262329159214424,4,91.0,0.2739221748456406,16,313.0,0.23920071027662546,31,533.0
2225.0,29,205.0,1.7982456140350878,3.8778471826609686,9,127.0,0.20249508342573203,2,62.0,0.3034155138014647,18,392.0,0.22704483758855992,29,581.0
2230.0,29,207.0,1.8,4.008581866327125,10,111.0,0.1980495723720231,3,43.0,0.3834583116798733,16,428.0,0.12355166423091009,29,582.0
2235.0,28,132.0,1.0909090909090908,3.9264086017737134,6,123.0,0.19437021989037354,5,49.0,0.4127965033214737,17,403.0,0.089877883218193,28,575.0
2240.0,26,113.0,0.9338842975206612,3.9712795491754247,10,142.0,0.18317289766829106,3,44.0,0.3383833999960782,13,461.0,0.2065428097745247,26,647.0
2245.0,34,141.0,1.1557377049180328,3.7410074805808216,11,158.0,0.17641587298736036,6,48.0,0.1927419021453071,17,529.0,0.20845847941836163,34,735.0
2250.0,31,123.0,1.0336134453781514,3.232128251863525,12,156.0,0.17268587857171874,1,45.0,0.26989761036887017,18,551.0,0.10875421619183646,31,752.0
2255.0,16,56.0,0.4745762711864407,3.517380680263592,6,159.0,0.17794254416772476,2,46.0,0.2955772609071874,8,496.0,0.14719952739688225,16,701.0
2260.0,20,78.0,0.6446280991735537,4.31047384659812,9,165.0,0.17620777850295938,5,54.0,0.2436552321793497,6,397.0,0.20868600696965645,20,616.0
2265.0,19,61.0,0.5213675213675214,3.7168771165580528,9,178.0,0.10719927210823069,6,66.0,0.1692781901223033,4,392.0,0.21942616006771865,19,636.0
2270.0,23,87.0,0.7767857142857143,3.608090825544491,10,164.0,0.1581158144284066,5,73.0,0.19126047554369877,8,421.0,0.21990354067124404,23,658.0
2275.0,20,54.0,0.4864864864864865,3.6077492132623266,6,176.0,0.1448892357965411,5,88.0,0.2766078180593723,9,404.0,0.2332831206130459,20,668.0
2280.0,21,75.0,0.6818181818181818,3.8397608245735046,12,190.0,0.13010112924172829,6,106.0,0.22956219122877178,3,322.0,0.21659269077671464,21,618.0
2285.0,24,72.0,0.6728971962616822,2.8639798444869373,13,205.0,0.07395611227517342,5,109.0,0.14079141487538305,6,331.0,0.16958247484836916,24,645.0
2290.0,25,84.0,0.7777777777777778,3.370144012589018,8,181.0,0.15957703807280685,6,96.0,0.2369989028648266,11,369.0,0.15371748854477793,25,646.0
2295.0,18,82.0,0.7592592592592593,4.035753373873111,6,135.0,0.20365545747521752,3,70.0,0.37519464971428923,9,358.0,0.1683272504274583,18,563.0
2300.0,10,61.0,0.5446428571428571,4.919616976399981,4,113.0,0.2432632887629938,1,71.0,0.43945675585608146,5,278.0,0.17919547458372728,10,462.0
2305.0,19,104.0,0.8888888888888888,5.57001272658347,9,107.0,0.25232826133149844,5,84.0,0.40539756398976473,5,203.0,0.2746463510402465,19,394.0
2310.0,17,59.0,0.4957983193277311,5.304721361244758,3,82.0,0.37245270445166356,8,117.0,0.2739073341543681,6,206.0,0.20602411546180552,17,405.0
2315.0,26,100.0,0.8771929824561403,4.9481989531995785,8,59.0,0.37524644619882336,8,130.0,0.1771036474674518,10,241.0,0.22243921880059217,26,430.0
2320.0,30,140.0,1.2612612612612613,4.543774893032121,9,75.0,0.28832268733859817,8,117.0,0.18832744496684212,13,296.0,0.22803305244144914,30,488.0
2325.0,23,100.0,0.9615384615384616,4.322477513099061,9,79.0,0.20227165950285136,4,84.0,0.3173650353987737,10,285.0,0.2699156499293325,23,448.0
2330.0,15,59.0,0.5514018691588785,4.537776061254309,3,83.0,0.22363377261440093,4,80.0,0.4035595292366832,8,216.0,0.257380471725569,15,379.0
2335.0,21,81.0,0.7168141592920354,5.24112709175346,9,91.0,0.2528197747485257,4,75.0,0.3795665753539352,8,198.0,0.3095405672048918,21,364.0
2340.0,25,123.0,1.0982142857142858,4.928687784054849,9,106.0,0.1988363720850427,5,74.0,0.4869002708161465,11,242.0,0.26168226939082806,25,422.0
2345.0,25,134.0,1.1754385964912282,4.666231062928309,8,98.0,0.20214003639555234,6,90.0,0.4951907931160655,11,252.0,0.23573123820810582,25,440.0
2350.0,12,31.0,0.2767857142857143,4.429335709709656,3,83.0,0.2103543635269156,2,79.0,0.46567602127819857,7,190.0,0.21780183451070728,12,352.0
2355.0,17,47.0,0.4017094017094017,4.720818141447331,7,108.0,0.17600776067887616,5,41.0,0.44017896408736684,5,200.0,0.19165766116369806,17,349.0
2360.0,24,77.0,0.6581196581196581,4.18723058542152,10,119.0,0.15244355226729778,6,54.0,0.27233894966737804,8,221.0,0.18097346583067603,24,394.0
2365.0,24,76.0,0.6846846846846847,3.5905785126283387,8,96.0,0.2037891047581012,7,67.0,0.30943598055123,9,219.0,0.1498693256151497,24,382.0
2370.0,12,31.0,0.26956521739130435,3.945875792561731,1,80.0,0.2482981592196062,2,70.0,0.36144001610643545,9,198.0,0.15346906379584555,12,348.0
2375.0,20,90.0,0.72,5.073631812485998,7,95.0,0.21763095867450802,6,82.0,0.42239981892711875,7,170.0,0.16553437993100942,20,347.0
2380.0,18,58.0,0.46774193548387094,4.31487363996189,8,102.0,0.1771447472392448,5,86.0,0.22871782285586417,5,176.0,0.21881826025499646,18,364.0
2385.0,24,73.0,0.6403508771929824,3.7999798115993157,11,101.0,0.19420919588979524,6,72.0,0.2502731527519361,7,174.0,0.22510200729383217,24,347.0
2390.0,17,47.0,0.415929203539823,3.611729029401693,6,127.0,0.1791032183304676,2,53.0,0.3679310087987142,9,184.0,0.1728491240256449,17,364.0
2395.0,23,98.0,0.8376068376068376,4.274700069645957,10,137.0,0.17670658860287636,4,63.0,0.35469089452951397,9,174.0,0.1747965025367165,23,374.0
2400.0,22,72.0,0.6428571428571429,3.0506578191211497,12,161.0,0.10258522068643233,5,61.0,0.20503614211108234,5,171.0,0.18877399109645562,22,393.0
2405.0,23,85.0,0.7456140350877193,3.992073423385165,13,162.0,0.16542528449363264,1,39.0,0.41168670767436,9,179.0,0.2139624973855012,23,380.0
2410.0,24,117.0,1.017391304347826,4.4615306874654665,11,151.0,0.20709683558942893,1,24.0,0.511337803669042,12,183.0,0.19911858873584434,24,358.0
2415.0,18,61.0,0.5398230088495575,4.054928872104297,4,161.0,0.18827357202336295,2,26.0,0.6908567037450033,12,151.0,0.11846914633905749,18,338.0
2420.0,26,91.0,0.7982456140350878,3.8953023120234427,10,157.0,0.1744210653256419,3,33.0,0.5934939926729836,13,200.0,0.14964412966490526,26,390.0
2425.0,23,76.0,0.6846846846846847,3.6306539579373376,10,171.0,0.1443257199121103,1,20.0,0.33267902787208325,12,250.0,0.15605151387729743,23,441.0
2430.0,23,83.0,0.7757009345794392,3.5967021627067153,5,125.0,0.176183502078517,6,28.0,0.16810554497087152,12,257.0,0.1287642002223565,23,410.0
2435.0,17,74.0,0.7184466019417476,4.1373979615199925,5,126.0,0.20721330591918036,3,42.0,0.4916843886380118,9,228.0,0.12485252174600718,17,396.0
2440.0,14,91.0,0.875,5.667182391117555,2,100.0,0.2777478615053021,2,17.0,0.6470711487236195,10,193.0,0.18734195500801154,14,310.0
2445.0,13,88.0,0.822429906542056,5.528443306332136,3,91.0,0.3221146673027228,3,23.0,0.5729858725496443,7,210.0,0.19258258668181413,13,324.0
2450.0,20,123.0,1.1714285714285715,5.7304977981037055,3,89.0,0.45021873613568625,9,52.0,0.3444962123732371,8,216.0,0.20771948643982788,20,357.0
2455.0,25,188.0,1.8613861386138615,5.4104582508932415,3,92.0,0.5098474657583377,13,104.0,0.24829931241945485,9,206.0,0.1407828376848776,25,402.0
2460.0,23,190.0,2.0,5.509736126966608,4,107.0,0.5272460374408721,11,133.0,0.3015622866336788,8,176.0,0.15194696656557852,23,416.0
2465.0,17,68.0,0.6938775510204082,5.64225983297786,3,56.0,0.40806461249994264,7,117.0,0.32875126510474045,7,151.0,0.3061703608178269,17,324.0
2470.0,19,77.0,0.7623762376237624,6.00513445488484,10,40.0,0.3421394579919379,7,99.0,0.26079430391895847,2,132.0,0.3414600210898633,19,271.0
2475.0,19,105.0,1.0714285714285714,5.663090372744046,8,61.0,0.2634657077686945,4,85.0,0.35447661319884943,7,115.0,0.2803995380530185,19,261.0
2480.0,17,115.0,1.25,5.77574755678819,5,48.0,0.3963809843173641,6,88.0,0.46853828492612004,6,120.0,0.23286131559575968,17,256.0
2485.0,12,22.0,0.2391304347826087,5.165372105908086,4,43.0,0.4153855240832894,2,61.0,0.40027869758284684,6,92.0,0.235180147831839,12,196.0
2490.0,16,65.0,0.6701030927835051,5.965289215734401,6,53.0,0.38346096932186413,6,37.0,0.4445036379368586,4,66.0,0.2376958455816179,16,156.0
2495.0,20,84.0,0.8936170212765957,5.144560250965495,8,61.0,0.26713215322616535,10,75.0,0.35827554439981446,2,53.0,0.22287949900689027,20,189.0
2500.0,24,153.0,1.6451612903225807,5.078443564290168,4,48.0,0.3016011059987334,12,130.0,0.2986243762904184,8,76.0,0.17103498584882781,24,254.0
2505.0,24,151.0,1.735632183908046,4.521532668532008,1,34.0,0.3915467193046864,9,145.0,0.25987171797450176,14,131.0,0.13881234586269747,24,310.0
2510.0,28,113.0,1.2988505747126438,3.8998079891354815,7,50.0,0.27822595648740317,5,103.0,0.2013954877171758,16,171.0,0.18208189729626564,28,324.0
2515.0,18,94.0,1.1058823529411765,4.950672156116027,6,63.0,0.37236620306221135,3,61.0,0.40992482670627467,9,169.0,0.21501843897452677,18,293.0
2520.0,14,39.0,0.43820224719101125,5.506957457799246,4,43.0,0.3535308791980564,3,57.0,0.492061664688437,7,138.0,0.2138886281557282,14,238.0
2525.0,13,66.0,0.7252747252747253,6.573249945977778,1,14.0,0.40982096904444043,5,65.0,0.49912199801806395,7,132.0,0.2451555332404385,13,211.0
2530.0,13,77.0,0.8369565217391305,7.127179341232913,4,19.0,0.5175423798475486,4,61.0,0.4702942972613167,5,119.0,0.33671664020284214,13,199.0
2535.0,7,67.0,0.7790697674418605,7.039193689435941,1,13.0,0.49878482222440085,1,22.0,0.3763749895456013,5,121.0,0.4735141198060628,7,156.0
2540.0,12,31.0,0.36904761904761907,6.9802629566437,6,25.0,0.3980949205215592,1,9.0,0.370001151521015,5,109.0,0.4379489401624883,12,143.0
2545.0,13,43.0,0.524390243902439,7.372390702947751,4,39.0,0.4654594674380553,1,1.0,0.4790845831265962,8,88.0,0.4123515821232084,13,128.0
2550.0,11,29.0,0.37662337662337664,6.565086657289395,1,23.0,0.4451652261480735,2,7.0,0.6016978660850916,8,104.0,0.32856282305133955,11,134.0
2555.0,7,16.0,0.20512820512820512,6.2773228841726825,0,11.0,0.5344395187510406,2,13.0,0.5062157072123523,5,94.0,0.2738528273270323,7,118.0
2560.0,8,37.0,0.45121951219512196,7.432745254116818,0,0.0,0.6505268744040127,6,28.0,0.4946720085427052,2,63.0,0.31770341921163286,8,91.0
2565.0,9,20.0,0.24691358024691357,7.291594599256867,2,4.0,0.6364782506975234,4,42.0,0.48464350763335506,3,53.0,0.35228869590130896,9,99.0
2570.0,12,54.0,0.6666666666666666,7.399161491245897,2,16.0,0.6453233299622708,2,22.0,0.4399539843594164,8,76.0,0.3078313964706209,12,114.0
2575.0,12,50.0,0.6410256410256411,6.871121426268178,2,14.0,0.5894817109941372,2,23.0,0.4284686155443521,8,90.0,0.2681557169092136,12,127.0
2580.0,11,61.0,0.8472222222222222,6.712518014015395,4,20.0,0.5328424317854075,2,35.0,0.5723929691903495,5,73.0,0.25440008093640654,11,128.0
2585.0,9,58.0,0.8285714285714286,6.530645484104375,3,25.0,0.4575905091447152,4,48.0,0.5076764900267449,2,47.0,0.2702628038536646,9,120.0
2590.0,2,10.0,0.14492753623188406,7.573080139986287,0,7.0,0.47717085313821067,1,35.0,0.6228006654257109,1,34.0,0.37881278308096655,2,76.0
2595.0,5,25.0,0.3472222222222222,8.713830836224142,1,0.0,0.5390241526923404,3,16.0,0.6086522823070377,1,26.0,0.5019524909168467,5,42.0
2600.0,2,19.0,0.2676056338028169,9.02901394310015,0,0.0,0.5358122109552887,0,19.0,0.538292776962207,2,19.0,0.6334251493563308,2,38.0
2605.0,7,9.0,0.1323529411764706,7.279846398700017,3,6.0,0.5856306893001193,1,3.0,0.3481358054170704,3,7.0,0.426505180622695,7,16.0
2610.0,11,38.0,0.5352112676056338,7.3025614958905205,0,2.0,0.7145113636620886,2,6.0,0.35397502040004936,9,34.0,0.33581950830733615,11,42.0
2615.0,16,99.0,1.3943661971830985,7.622627577523459,2,5.0,0.6266170723312152,2,14.0,0.5713597801764317,12,86.0,0.3015127488875499,16,105.0
2620.0,15,97.0,1.4057971014492754,5.891991860034805,3,10.0,0.5224945203446341,2,24.0,0.5112502044190875,10,120.0,0.2217579105874428,15,154.0
2625.0,11,43.0,0.5972222222222222,6.2211464589432195,3,15.0,0.5328929971618244,2,22.0,0.4774012543820386,6,107.0,0.2541953474244057,11,144.0
2630.0,11,62.0,0.8266666666666667,8.161822669037653,2,24.0,0.49913443394095597,3,19.0,0.6257693348706509,6,81.0,0.37846177146663557,11,124.0
2635.0,6,27.0,0.34615384615384615,8.260426374805913,2,8.0,0.4089806256305839,0,13.0,0.7244619107370217,4,74.0,0.4430917813652714,6,95.0
2640.0,13,75.0,1.0416666666666667,8.164553903193438,9,36.0,0.36556295479333123,1,3.0,0.6051892061464008,3,68.0,0.5290774325011358,13,107.0
2645.0,12,43.0,0.6056338028169014,7.673393706484914,7,60.0,0.3347834724142689,2,10.0,0.6109606709881891,3,62.0,0.4528770857177749,12,132.0
2650.0,12,54.0,0.8307692307692308,7.432001831022552,3,52.0,0.4044952557638072,2,17.0,0.5970938403016733,7,59.0,0.3826187488644689,12,128.0
2655.0,12,53.0,0.7910447761194029,6.518184051711279,5,37.0,0.3583020627750793,1,8.0,0.5934092746196202,6,75.0,0.2625865152778554,12,120.0
2660.0,6,22.0,0.3333333333333333,7.5366062680071755,1,28.0,0.408696558583823,2,15.0,0.6946279054105796,3,54.0,0.34299388158778604,6,97.0
2665.0,8,24.0,0.36923076923076925,7.651757363390549,6,22.0,0.4480002401772871,0,14.0,0.5609751415117825,2,34.0,0.3844526437955158,8,70.0
2670.0,10,39.0,0.6842105263157895,7.019763041258097,2,33.0,0.33697353100613564,1,7.0,0.5875904198401708,7,56.0,0.3740473495889005,10,96.0
2675.0,7,32.0,0.6153846153846154,6.939332972765784,1,22.0,0.4419397346339789,1,12.0,0.5910109239524741,5,62.0,0.43817151579508773,7,96.0
2680.0,4,13.0,0.23214285714285715,8.101929669215451,2,16.0,0.6004866376937728,0,4.0,0.7987934002652249,2,39.0,0.33724558226107343,4,59.0
2685.0,3,16.0,0.2711864406779661,8.875748473897781,2,20.0,0.5087067228948203,0,4.0,0.8493498911291779,1,15.0,0.3825585180134277,3,39.0
2690.0,4,26.0,0.43333333333333335,9.326261416754528,3,26.0,0.5003156120174922,0,0.0,0.7409146378360199,1,5.0,0.6226169833401185,4,31.0
2695.0,4,9.0,0.15517241379310345,9.460992505482238,2,11.0,0.5066132919281666,1,5.0,0.7509541459039348,1,3.0,0.7285564675303942,4,19.0
2700.0,8,38.0,0.6229508196721312,8.88277081545834,6,21.0,0.4638137320245346,1,10.0,0.6821097067211178,1,7.0,0.6683684059047136,8,38.0
2705.0,4,23.0,0.3898305084745763,8.262915777009653,2,28.0,0.52820346700384,1,15.0,0.558937929374678,1,4.0,0.5901727134429747,4,47.0
2710.0,5,14.0,0.2545454545454545,7.445489050280021,1,9.0,0.4577453547263092,1,3.0,0.5278574861417006,3,12.0,0.4046965337311524,5,24.0
2715.0,8,28.0,0.5283018867924528,8.14340070001455,2,9.0,0.5273397125563087,5,19.0,0.43152754224871137,1,17.0,0.4924200902715171,8,45.0
2720.0,6,41.0,0.7884615384615384,7.635046871678607,2,5.0,0.38163653196408587,4,41.0,0.5301264954301377,0,2.0,0.5637156769468271,6,48.0
2725.0,10,32.0,0.6274509803921569,7.0041703504822275,7,31.0,0.22374203696804887,2,32.0,0.5175668669493524,1,0.0,0.6136483358180558,10,63.0
2730.0,6,25.0,0.5,7.864556900658959,5,55.0,0.3061548998119001,1,6.0,0.5640636049885849,0,2.0,0.7871848088033373,6,63.0
2735.0,3,20.0,0.39215686274509803,9.112504921813782,1,36.0,0.4966750773574459,2,13.0,0.5767224491105392,0,2.0,0.8152488438681676,3,51.0
2740.0,7,13.0,0.24074074074074073,7.574699341592607,4,29.0,0.39592083278447004,2,15.0,0.4708044069326488,1,3.0,0.7748993287260906,7,47.0
2745.0,15,64.0,1.0847457627118644,7.798387399950213,8,53.0,0.34956765646381666,6,28.0,0.4609668238821786,1,6.0,0.7252867147864196,15,87.0
2750.0,7,30.0,0.5172413793103449,6.896189222061072,3,53.0,0.3528878649885778,3,34.0,0.34712354449806837,1,11.0,0.6830123739457384,7,98.0
2755.0,3,24.0,0.42857142857142855,8.400062859981999,1,21.0,0.5313081744077132,1,18.0,0.4626620818125965,1,18.0,0.7860226016788726,3,57.0
2760.0,4,4.0,0.06666666666666667,7.837766355778999,3,23.0,0.41269787420197807,0,9.0,0.5306143966823716,1,2.0,0.7445484351198157,4,34.0
2765.0,14,47.0,0.746031746031746,7.189059018774333,8,46.0,0.3028365301209093,4,22.0,0.3903885057992781,2,6.0,0.5643747820425962,14,74.0
2770.0,9,32.0,0.5517241379310345,5.421879107665601,4,56.0,0.29775375381046465,5,32.0,0.19767592063382355,0,3.0,0.44671399112573745,9,91.0
2775.0,6,19.0,0.31666666666666665,7.106899179866239,1,33.0,0.4226150429119528,5,40.0,0.3942622798006286,0,2.0,0.6938291286920749,6,75.0
2780.0,5,13.0,0.203125,8.702302328300444,1,12.0,0.6532038815986436,4,40.0,0.46882438739235693,0,2.0,0.7297645936368223,5,54.0
2785.0,11,41.0,0.6029411764705882,7.776658728754596,2,10.0,0.4853331960898033,7,57.0,0.4118150893995071,2,6.0,0.6467234898416137,11,73.0
2790.0,15,64.0,0.9846153846153847,6.004130190430588,6,34.0,0.26474866915493384,7,72.0,0.2748787246894849,2,14.0,0.5666532994523104,15,120.0
2795.0,11,37.0,0.6271186440677966,5.452970105986342,6,52.0,0.2919085691938875,4,61.0,0.2730343464494898,1,3.0,0.5519673131020683,11,116.0
2800.0,9,41.0,0.6949152542372882,7.208653061655683,3,32.0,0.4932216269299298,3,50.0,0.33505829397680137,3,13.0,0.5376164368278407,9,95.0
2805.0,5,51.0,0.864406779661017,8.805051893064569,1,16.0,0.6852551570466223,3,52.0,0.5687476148993323,1,9.0,0.5568504191624916,5,77.0
2810.0,3,22.0,0.3548387096774194,9.448872071238794,1,16.0,0.734380594264924,1,40.0,0.6159479307250086,1,4.0,0.6361667109303836,3,60.0
2815.0,9,52.0,0.8125,8.788850955207396,2,25.0,0.6362893604978924,5,28.0,0.47624419457870965,2,9.0,0.6283353582041117,9,62.0
2820.0,9,65.0,1.0483870967741935,8.174626741523268,2,35.0,0.5887388931122227,5,36.0,0.41033528957036564,2,16.0,0.6172973007469112,9,87.0
2825.0,6,76.0,1.2881355932203389,7.67240604413602,2,47.0,0.5957144702050681,2,29.0,0.39362538828190347,2,26.0,0.5286422051081316,6,102.0
2830.0,4,64.0,1.0847457627118644,8.575851353013682,2,57.0,0.659343965414198,1,19.0,0.47084220503275664,1,10.0,0.7453224209993773,4,86.0
2835.0,6,83.0,1.360655737704918,8.707638043994761,2,67.0,0.6896156802995488,3,17.0,0.49482545095739167,1,2.0,0.6456901459750879,6,86.0
2840.0,4,101.0,1.8035714285714286,9.035864230548235,2,75.0,0.7131359458995953,2,26.0,0.579574102651599,0,2.0,0.5959288804656521,4,103.0
2845.0,6,10.0,0.18518518518518517,7.227095974636967,2,34.0,0.489251089927717,4,10.0,0.3508693707414654,0,0.0,0.6635028021740617,6,44.0
2850.0,18,70.0,1.1864406779661016,5.338650344438553,6,22.0,0.24273003082621095,9,44.0,0.20150659632551532,3,6.0,0.3340560635690258,18,72.0
2855.0,21,78.0,1.368421052631579,4.571425407616166,6,39.0,0.2761649425357336,8,67.0,0.1614629263574152,7,32.0,0.3225758497473126,21,138.0
2860.0,6,17.0,0.30357142857142855,6.422104184098827,3,31.0,0.41811483064386146,0,44.0,0.5102573546624046,3,44.0,0.40625149853748405,6,119.0
2865.0,5,13.0,0.22033898305084745,8.947515061214116,2,20.0,0.6532598484394008,0,7.0,0.7549037154416293,3,24.0,0.4854876675197183,5,51.0
2870.0,4,31.0,0.5,9.01505489409454,1,17.0,0.654634567926254,1,10.0,0.6682300326516811,2,20.0,0.594899792299794,4,47.0
2875.0,6,58.0,0.8656716417910447,8.928944780827523,1,16.0,0.6025479965427475,3,22.0,0.54450908278804,2,27.0,0.591258864613816,6,65.0
2880.0,4,63.0,1.0,8.552975348366527,1,21.0,0.7193758910465196,1,22.0,0.42560733482641117,2,37.0,0.6308791348278832,4,80.0
2885.0,6,56.0,0.9180327868852459,7.790359893467001,3,6.0,0.43089461011106345,1,14.0,0.4337202642520592,2,49.0,0.6131605353124349,6,69.0
2890.0,8,39.0,0.65,7.347005349486987,5,28.0,0.4841352434236977,2,13.0,0.32534855065192547,1,2.0,0.5793746613594165,8,43.0
2895.0,7,37.0,0.6065573770491803,8.277546802335797,2,29.0,0.46291443263439497,2,23.0,0.4441901896296008,3,12.0,0.6285059900501373,7,64.0
2900.0,5,45.0,0.8333333333333334,8.9433249431684,2,14.0,0.5630031582574815,2,35.0,0.6461244771654979,1,17.0,0.6098877419009435,5,66.0
2905.0,6,64.0,1.2075471698113207,9.137480122664252,2,17.0,0.6147124054136937,2,47.0,0.7102666286989128,2,9.0,0.4969807680426729,6,73.0
2910.0,7,69.0,1.2321428571428572,8.814825642231265,3,13.0,0.49485463545782404,2,57.0,0.7284566468102784,2,13.0,0.6036395267548955,7,83.0
2915.0,10,108.0,1.8305084745762712,8.688318354679458,6,22.0,0.36476223071858055,2,65.0,0.7226064354850604,2,23.0,0.613335939584022,10,110.0
2920.0,7,88.0,1.6296296296296295,7.630735484604395,4,34.0,0.354462458516402,2,73.0,0.6325317057902579,1,1.0,0.6557535458482586,7,108.0
2925.0,7,24.0,0.4528301886792453,7.45906838604229,2,31.0,0.44862708449411676,1,5.0,0.5181793485972594,4,14.0,0.5073051202170668,7,50.0
2930.0,7,32.0,0.5714285714285714,7.439125364147529,1,20.0,0.4497755288845436,6,25.0,0.4331098211376612,0,13.0,0.4197670271469022,7,58.0
2935.0,5,27.0,0.46551724137931033,9.417772747840557,1,17.0,0.7099864016664577,2,28.0,0.6446063893073632,2,4.0,0.5139439041536609,5,49.0
2940.0,4,24.0,0.42857142857142855,9.770866178631243,1,21.0,0.6417727200726346,0,12.0,0.7741357927851611,3,7.0,0.5410841050056355,4,40.0
2945.0,11,37.0,0.6727272727272727,7.931347501359863,1,2.0,0.5590546572047445,3,18.0,0.5570385696593425,7,33.0,0.39193767384514516,11,53.0
2950.0,11,48.0,0.9411764705882353,6.415871189452498,3,12.0,0.42202455383333365,6,40.0,0.10695510803482196,2,42.0,0.4778013979430167,11,94.0
2955.0,7,21.0,0.44680851063829785,5.200419992261422,1,8.0,0.2804642952677532,5,53.0,0.2619244693335153,1,19.0,0.36986420325230496,7,80.0
2960.0,4,7.0,0.14583333333333334,7.964658537720655,0,2.0,0.7764655711248076,0,29.0,0.6144000217444148,4,26.0,0.3815484882477984,4,57.0
2965.0,10,43.0,0.8113207547169812,8.520530082223129,0,2.0,0.7269566006344743,0,6.0,0.8301031182278,10,62.0,0.3587303442124986,10,70.0
2970.0,8,37.0,0.7115384615384616,8.38823096287882,2,3.0,0.6712154494711725,0,0.0,0.8565540237754318,6,80.0,0.40795704869457855,8,83.0
2975.0,4,4.0,0.08,7.698685987278398,1,0.0,0.789217680170846,0,2.0,0.83181276453945,3,54.0,0.2830486978599045,4,56.0
2980.0,4,14.0,0.27450980392156865,7.532800425677299,2,5.0,0.3626441688681261,0,2.0,0.870402571942407,2,26.0,0.38383420910656874,4,33.0
2985.0,3,20.0,0.37735849056603776,8.094585870465398,1,7.0,0.40634728128730396,0,2.0,0.6951035585719586,2,23.0,0.5342403316960201,3,32.0
2990.0,7,40.0,0.7407407407407407,8.675255487500802,1,1.0,0.5254259352443693,4,15.0,0.4766484661545324,2,29.0,0.6747635147318257,7,45.0
2995.0,4,45.0,0.8333333333333334,8.39337369416696,1,5.0,0.6384879670124157,1,18.0,0.5330055739680063,2,39.0,0.5046240672302538,4,62.0
3000.0,3,59.0,0.9833333333333333,8.972617577350908,1,12.0,0.7158747636572941,0,3.0,0.5245718576716619,2,51.0,0.590446509785096,3,66.0
3005.0,7,22.0,0.3492063492063492,8.45338981573254,3,18.0,0.6736955625075944,1,5.0,0.47994945078712636,3,29.0,0.5351726930492648,7,52.0
3010.0,5,42.0,0.711864406779661,9.977789939801768,2,28.0,0.791349696977037,2,10.0,0.5151940854841797,1,8.0,0.7114949879997835,5,46.0
3015.0,8,51.0,0.8793103448275862,8.683408927047175,2,36.0,0.6832466107021707,2,2.0,0.5717986715059992,4,15.0,0.4466587640478106,8,53.0
3020.0,15,106.0,1.8928571428571428,7.359641183415609,3,46.0,0.5963760212105232,4,18.0,0.3728883509343931,8,44.0,0.33530054030714934,15,108.0
3025.0,12,90.0,1.6666666666666667,6.01685613867539,2,56.0,0.4873087653709697,4,29.0,0.2652374267425132,6,54.0,0.2737172765416293,12,139.0
3030.0,4,9.0,0.16363636363636364,7.985668003703181,1,5.0,0.6143097014537457,1,25.0,0.5356257730318145,2,37.0,0.4589377579275184,4,67.0
3035.0,4,29.0,0.5370370370370371,10.4477971282197,1,7.0,0.7495548915646869,1,15.0,0.716742307891674,2,26.0,0.662501058233936,4,48.0
3040.0,4,19.0,0.36538461538461536,8.224433870169229,1,4.0,0.4671024413242989,1,14.0,0.7195943017043284,2,14.0,0.5001143113674362,4,32.0
3045.0,11,59.0,1.1568627450980393,8.090396260231573,3,10.0,0.5663031345787906,1,21.0,0.7281836617230211,7,41.0,0.41767426026842147,11,72.0
3050.0,9,67.0,1.425531914893617,7.722134123568999,2,20.0,0.6660900382713983,1,26.0,0.724639943165767,6,58.0,0.3432549148437866,9,104.0
3055.0,4,32.0,0.6037735849056604,7.7899552648085715,2,30.0,0.6354900934641997,0,4.0,0.7871299327224147,2,36.0,0.2348378162022038,4,70.0
3060.0,6,44.0,0.7857142857142857,9.134452590005775,3,40.0,0.6087203459273433,2,8.0,0.6087005653684914,1,8.0,0.4637831343044298,6,56.0
3065.0,4,17.0,0.30357142857142855,9.097503836740172,1,22.0,0.4577086968543544,3,20.0,0.6213761729105874,0,2.0,0.6437681479508621,4,44.0
3070.0,9,28.0,0.4827586206896552,8.41565568916583,7,21.0,0.2197931308655184,1,19.0,0.5881446556423892,1,2.0,0.6689134192757332,9,42.0
3075.0,4,11.0,0.2,7.7876047991380055,2,30.0,0.46257035876268593,2,8.0,0.4060654633616655,0,2.0,0.5665787353912262,4,40.0
3080.0,4,8.0,0.16326530612244897,8.324557819482829,1,8.0,0.6088908981401836,1,5.0,0.32390349754323605,2,9.0,0.5619514487130818,4,22.0
3085.0,9,33.0,0.7021276595744681,7.575468977826706,2,7.0,0.5302421030094915,6,23.0,0.1982430727227988,1,14.0,0.5064329251460207,9,44.0
3090.0,7,22.0,0.4888888888888889,7.432708159919141,2,4.0,0.4354447130161225,4,38.0,0.4149777907851599,1,6.0,0.4540011524937967,7,48.0
3095.0,8,34.0,0.7555555555555555,8.580077904404288,6,28.0,0.38897752004440933,0,23.0,0.6262061016960873,2,10.0,0.6126485463438069,8,61.0
3100.0,2,7.0,0.16279069767441862,9.359769445541044,2,37.0,0.5247371783927859,0,7.0,0.5318137414690041,0,2.0,0.7928508797045908,2,46.0
3105.0,2,4.0,0.09302325581395349,9.779274925219049,0,10.0,0.6563516941334628,0,2.0,0.6245879030817685,2,6.0,0.6846686940926078,2,18.0
3110.0,1,0.0,0.0,9.659830593828405,1,0.0,0.6885893397842376,0,2.0,0.8717153695252716,0,0.0,0.46617438720462057,1,2.0
3115.0,3,4.0,0.09090909090909091,9.435812192153458,3,4.0,0.47928536453223164,0,2.0,0.9054213409371997,0,0.0,0.6386061681426959,3,6.0
3120.0,9,30.0,0.6976744186046512,8.710144327635847,7,30.0,0.336477324192742,1,2.0,0.7936736128564835,1,0.0,0.7416268081289785,9,32.0
3125.0,6,18.0,0.4,7.765400320071912,5,47.0,0.15949395082171366,0,2.0,0.7986720011139685,1,0.0,0.7730174113580123,6,49.0
3130.0,2,1.0,0.021739130434782608,9.034796442004902,1,28.0,0.37015209464952437,0,2.0,0.7792901020403136,1,0.0,0.806467240255746,2,30.0
3135.0,3,1.0,0.02127659574468085,9.418581112185676,1,10.0,0.63695978108661,1,3.0,0.7059243502414709,1,0.0,0.5583107951482636,3,13.0
3140.0,7,21.0,0.40384615384615385,9.419374885064416,2,2.0,0.591872183517815,2,11.0,0.6814408993440847,3,11.0,0.43334353703709777,7,24.0
3145.0,3,5.0,0.10869565217391304,7.1269609843656765,1,3.0,0.6031319000540516,1,9.0,0.46608820436733384,1,12.0,0.3518387984681403,3,24.0
3150.0,7,18.0,0.3673469387755102,8.600440951174972,5,21.0,0.4528712732337163,0,0.0,0.6696133019937089,2,2.0,0.5792222573926135,7,23.0
3155.0,9,52.0,1.1063829787234043,7.986783488558265,7,54.0,0.34759747036637123,0,0.0,0.6739367239474181,2,2.0,0.6527132691939375,9,56.0
3160.0,9,41.0,0.8541666666666666,7.763656570089215,4,61.0,0.43233323316946226,1,5.0,0.6662154198409065,4,16.0,0.5974800670369531,9,82.0
3165.0,2,11.0,0.2037037037037037,7.7558218267246835,0,24.0,0.504384034689487,1,12.0,0.5682199349816035,1,13.0,0.5093687260962824,2,49.0
3170.0,5,9.0,0.16981132075471697,7.456123729075336,3,25.0,0.3860722123273365,1,5.0,0.7140792631668927,1,3.0,0.4506248525397317,5,33.0
3175.0,11,53.0,0.9636363636363636,7.900913212916848,8,54.0,0.2781227505125093,2,15.0,0.7125068707739134,1,7.0,0.5252438109763863,11,76.0
3180.0,8,40.0,0.7142857142857143,7.749881306315337,7,63.0,0.28782315934330976,0,10.0,0.6686778299101238,1,12.0,0.6691162769183134,8,85.0
3185.0,3,22.0,0.4,9.236478387638861,1,37.0,0.49669159659596107,1,3.0,0.7583484520449577,1,17.0,0.7559968081992388,3,57.0
3190.0,6,18.0,0.3157894736842105,8.654411625434392,2,26.0,0.5651869813725084,3,8.0,0.5429509204678636,1,1.0,0.652063719845128,6,35.0
3195.0,10,59.0,1.0535714285714286,8.040784281898096,2,23.0,0.6396846274943575,5,26.0,0.4091211172413988,3,14.0,0.46145305610845755,10,63.0
3200.0,11,60.0,1.1320754716981132,6.356008343270963,3,31.0,0.5776714123135854,5,43.0,0.4159719327248063,3,21.0,0.23179034871409684,11,95.0
3205.0,2,10.0,0.18867924528301888,8.224217821286652,0,2.0,0.6731097532746597,2,45.0,0.5035859394939397,0,9.0,0.5805370914643984,2,56.0
3210.0,3,18.0,0.33962264150943394,10.034172479300214,2,10.0,0.6987096624849664,1,29.0,0.6698017158451323,0,0.0,0.7334121762859279,3,39.0
3215.0,2,15.0,0.2777777777777778,9.020535956931013,0,10.0,0.594469937448243,1,22.0,0.6621241309346444,1,0.0,0.6156619090968057,2,32.0
3220.0,5,31.0,0.62,9.060940090395569,1,0.0,0.6474728368341396,1,22.0,0.712706450848432,3,11.0,0.5750811229392386,5,33.0
3225.0,2,2.0,0.038461538461538464,7.838199498732276,1,0.0,0.6695110420444774,0,2.0,0.6586303373379997,1,13.0,0.39053591866017434,2,15.0
3230.0,4,10.0,0.17857142857142858,8.073907207920021,2,5.0,0.6308732499010775,2,9.0,0.6480637858885209,0,4.0,0.3685895326523321,4,18.0
3235.0,3,13.0,0.22033898305084745,9.000404661423817,2,13.0,0.6304443178871103,0,10.0,0.6877569750490641,1,0.0,0.48286474535538687,3,23.0
3240.0,5,32.0,0.5333333333333333,10.689424760305032,4,29.0,0.5787398041995298,0,2.0,0.8996579201865236,1,5.0,0.7216817160186865,5,36.0
3245.0,2,12.0,0.21052631578947367,9.875364604610446,1,22.0,0.6548959618198648,0,0.0,0.7172358028263359,1,10.0,0.7452592543402581,2,32.0
3250.0,7,35.0,0.6140350877192983,9.724590972291024,4,13.0,0.5649005128699154,2,9.0,0.6369442756722026,1,15.0,0.7084430209196622,7,37.0
3255.0,5,43.0,0.8775510204081632,9.795038518144397,2,15.0,0.5793208589352711,2,19.0,0.6561879881637215,1,20.0,0.7809233073751037,5,54.0
3260.0,4,27.0,0.574468085106383,9.430280401814509,1,5.0,0.6549038289722822,1,4.0,0.6733515162918449,2,26.0,0.6348243079286395,4,35.0
3265.0,3,11.0,0.23404255319148937,9.581567039837381,0,0.0,0.7641322695667565,2,11.0,0.668902079842415,1,6.0,0.47358825907438457,3,17.0
3270.0,7,23.0,0.4791666666666667,8.564752682048745,0,0.0,0.7113204428840065,1,11.0,0.6944599495623777,6,23.0,0.2527636599532588,7,34.0
3275.0,5,10.0,0.2127659574468085,9.33158441495964,1,2.0,0.8046242672885995,1,0.0,0.705537360710794,3,31.0,0.40644021454519047,5,33.0
3280.0,0,0.0,0.0,10.679469585585252,0,2.0,0.7568128551365476,0,2.0,0.7928630630915308,0,13.0,0.6910063988791156,0,17.0
3285.0,6,13.0,0.30952380952380953,8.96131712794087,2,5.0,0.5269393066896524,2,6.0,0.610863663631647,2,19.0,0.6038115898847043,6,30.0
3290.0,11,44.0,1.0232558139534884,6.894925840106775,0,8.0,0.5093128416010466,3,17.0,0.46010788065443875,8,40.0,0.40179477080195913,11,65.0
3295.0,5,17.0,0.38636363636363635,7.38551088275506,0,0.0,0.7292478216160057,0,10.0,0.5925775097360126,5,52.0,0.3464847431373543,5,62.0
3300.0,4,8.0,0.17777777777777778,8.614004416157417,1,0.0,0.7221867786904687,2,11.0,0.6579327635742882,1,27.0,0.350918014090032,4,38.0
3305.0,0,0.0,0.0,10.308236719553237,0,0.0,0.6858212821612585,0,9.0,0.8223801013544334,0,6.0,0.5514410234902148,0,15.0
3310.0,3,0.0,0.0,10.979856488069798,2,2.0,0.6930420027482616,0,2.0,0.8909974720784763,1,0.0,0.757614908439382,3,4.0
3315.0,1,0.0,0.0,11.34345220826948,0,2.0,0.8023164081995521,1,0.0,0.7991049782265529,0,0.0,0.816538962892988,1,2.0
3320.0,2,1.0,0.022727272727272728,10.400940356577188,1,3.0,0.5814466064963564,0,0.0,0.8453261685689378,1,0.0,0.7779768356136406,2,3.0
3325.0,3,3.0,0.07142857142857142,8.5222680949659,2,6.0,0.6191025176270564,0,0.0,0.7866102473754838,1,2.0,0.4241139458200234,3,8.0
3330.0,3,5.0,0.11904761904761904,8.356091802057064,1,2.0,0.641735538792699,1,5.0,0.49580357171631245,1,5.0,0.5062820260911914,3,12.0
3335.0,4,14.0,0.2978723404255319,9.516517307052924,1,6.0,0.6816293443942304,2,12.0,0.6608702742886282,1,1.0,0.5233269111491267,4,19.0
3340.0,4,6.0,0.12,8.574957640693434,4,6.0,0.48184039872393425,0,5.0,0.731959172007395,0,0.0,0.48196285844564335,4,11.0
3345.0,12,44.0,0.7857142857142857,7.499580081434308,8,33.0,0.2924683676350992,0,4.0,0.727363827498343,4,11.0,0.35919983006911527,12,48.0
3350.0,5,22.0,0.4230769230769231,7.180230496983392,5,53.0,0.3731131746275004,0,0.0,0.35877206359307895,0,9.0,0.5796110283864293,5,62.0
3355.0,3,2.0,0.0425531914893617,8.109090931686772,2,30.0,0.41528845908946327,0,4.0,0.7154795088428284,1,1.0,0.606877673167711,3,35.0
3360.0,4,19.0,0.38,9.624941921133018,2,15.0,0.5842702108131305,0,4.0,0.7979366843567512,2,9.0,0.5966657195952872,4,28.0
3365.0,4,23.0,0.45098039215686275,9.546094177997949,1,15.0,0.5033496370984654,0,4.0,0.8545748568773718,3,20.0,0.6182503263531663,4,39.0
3370.0,12,62.0,1.1923076923076923,7.142616591268302,6,28.0,0.24048931816331354,2,7.0,0.5494339188614162,4,36.0,0.5245028877956425,12,71.0
3375.0,6,16.0,0.32,5.169353294769373,4,40.0,0.24248961187466886,0,7.0,0.2742925240825545,2,27.0,0.4422349504939372,6,74.0
3380.0,7,18.0,0.33962264150943394,6.908168860157564,1,19.0,0.45023523323151915,0,2.0,0.4821965928967531,6,20.0,0.4160408342799774,7,41.0
3385.0,3,11.0,0.19298245614035087,8.875265969625591,0,2.0,0.7773145904097988,0,2.0,0.5903136215733199,3,33.0,0.48431301206052807,3,37.0
3390.0,3,7.0,0.1206896551724138,9.269217438270742,0,2.0,0.8169870060167065,1,9.0,0.7136418353764258,2,16.0,0.47340280895400116,3,27.0
3395.0,5,16.0,0.2807017543859649,8.457504574933653,0,0.0,0.817085916083138,2,12.0,0.6504184353507125,3,22.0,0.4055388832061633,5,34.0
3400.0,14,42.0,0.6885245901639344,6.985049894765948,1,0.0,0.652933744192221,2,5.0,0.5590578326354871,11,55.0,0.27232348973636095,14,60.0
3405.0,14,53.0,0.8412698412698413,6.643077936104628,2,3.0,0.5710680383734703,4,16.0,0.367077806172431,8,80.0,0.2766230835976335,14,99.0
3410.0,9,17.0,0.29310344827586204,6.781588061038664,1,1.0,0.6043239638254868,4,30.0,0.47227144986420977,4,65.0,0.2615953657137662,9,96.0
3415.0,9,27.0,0.46551724137931033,7.202881542963625,4,16.0,0.49680171790067956,3,24.0,0.4561183379416667,2,34.0,0.3913229087286461,9,74.0
3420.0,7,34.0,0.5666666666666667,8.657295972069337,2,20.0,0.47607951102432766,4,28.0,0.561866751589945,1,20.0,0.6991207839524665,7,68.0
3425.0,4,21.0,0.3442622950819672,9.46909661730537,2,8.0,0.6238109398714623,1,16.0,0.656737103992546,1,12.0,0.6871264074359574,4,36.0
3430.0,6,38.0,0.6129032258064516,8.438255900983195,1,5.0,0.4248906815788955,4,20.0,0.4822796926644772,1,17.0,0.7003825923330133,6,42.0
3435.0,11,54.0,0.8852459016393442,7.40874791362121,6,28.0,0.3904706528652789,2,25.0,0.3714617460439204,3,23.0,0.549416145453103,11,76.0
3440.0,6,8.0,0.14545454545454545,6.373905736027809,3,35.0,0.3755430986072844,1,12.0,0.32097120222744957,2,4.0,0.6081922136497113,6,51.0
3445.0,7,24.0,0.4528301886792453,7.828059124479256,3,15.0,0.4944237682039934,0,4.0,0.5367640217763199,4,20.0,0.4999251756850411,7,39.0
3450.0,3,5.0,0.08928571428571429,8.070599653909527,2,16.0,0.5214284732256074,0,4.0,0.5537111916797954,1,17.0,0.6230595667168585,3,37.0
3455.0,7,28.0,0.5,8.865108742333758,6,34.0,0.45272309620010603,1,9.0,0.7041970731778782,0,0.0,0.7713580398094566,7,43.0
3460.0,8,29.0,0.5272727272727272,7.151624896752078,6,44.0,0.31370424320754525,1,12.0,0.5984609098427092,1,0.0,0.6734772901045828,8,56.0
3465.0,5,21.0,0.3888888888888889,7.572519171052169,3,38.0,0.27752424695199673,1,17.0,0.6211400234023231,1,0.0,0.7470068109024385,5,55.0
3470.0,3,33.0,0.6111111111111112,9.08379569875617,2,34.0,0.45525950964492606,1,20.0,0.8017561973543323,0,0.0,0.748009871615508,3,54.0
3475.0,5,51.0,0.9444444444444444,9.478871051454334,3,30.0,0.5658770345686452,1,23.0,0.8253787206239949,1,3.0,0.67962123163541,5,56.0
3480.0,3,63.0,1.1886792452830188,9.641181576771245,2,36.0,0.6526751163308853,1,28.0,0.811223327728918,0,0.0,0.47230241762519337,3,64.0
3485.0,6,47.0,0.9038461538461539,8.553595257853374,0,0.0,0.5749321834322264,2,33.0,0.7022189708022204,4,14.0,0.5007750423714709,6,47.0
3490.0,8,57.0,1.163265306122449,7.590386672188387,6,18.0,0.42726678610783153,1,38.0,0.7491268754756956,1,15.0,0.4978424231459141,8,71.0
3495.0,10,61.0,1.326086956521739,6.5393062143661504,7,38.0,0.17564264997206458,1,45.0,0.6478446331299406,2,4.0,0.6597694073469126,10,87.0
3500.0,7,68.0,1.4782608695652173,7.5448782848138185,4,33.0,0.19163777611598032,2,56.0,0.6655752359087105,1,8.0,0.7384345816957724,7,97.0
3505.0,4,86.0,1.72,9.163785035871534,1,21.0,0.3721932985323948,2,66.0,0.7356379496472228,1,13.0,0.7359477488640701,4,100.0
3510.0,4,88.0,1.6296296296296295,9.621306704838716,2,18.0,0.6548826649488555,2,74.0,0.6593273178152925,0,0.0,0.6639378340009355,4,92.0
3515.0,7,114.0,2.111111111111111,8.945893379672363,1,21.0,0.6518613028758956,2,82.0,0.6315657551510394,4,11.0,0.45618571923523193,7,114.0
3520.0,8,130.0,2.7083333333333335,7.783417980068834,2,30.0,0.6773890793640606,3,92.0,0.4159228895840846,3,24.0,0.3859289955788484,8,146.0
3525.0,4,52.0,1.1304347826086956,8.364815132308483,2,40.0,0.6262413349522414,0,33.0,0.6461296258586982,2,17.0,0.43253646784425653,4,90.0
3530.0,6,75.0,1.6304347826086956,9.156648553785315,2,50.0,0.594457638356002,2,5.0,0.6168387029606793,2,22.0,0.5069025847895432,6,77.0
3535.0,7,67.0,1.3673469387755102,7.8984219665132285,2,60.0,0.43597754936427674,2,17.0,0.5764886054417943,3,0.0,0.3066312525441299,7,77.0
3540.0,5,21.0,0.4666666666666667,8.855193243779103,0,22.0,0.6715307084590568,2,12.0,0.5180442275001996,3,15.0,0.580902961093107,5,49.0
3545.0,2,16.0,0.37209302325581395,8.991935142988282,1,3.0,0.7118586590853667,1,13.0,0.6107566646089666,0,11.0,0.5857521468268613,2,27.0
3550.0,4,23.0,0.5476190476190477,8.320655726536211,0,0.0,0.7508841500933556,1,20.0,0.5530769764580009,3,7.0,0.5475633446111237,4,27.0
3555.0,4,18.0,0.43902439024390244,9.57014724530553,1,0.0,0.747977794478585,1,8.0,0.7662536099296791,2,15.0,0.6200922456213783,4,23.0
3560.0,3,33.0,0.75,10.128396635001108,0,0.0,0.7702094003885015,1,12.0,0.7750400157527654,2,25.0,0.5848787590848966,3,37.0
3565.0,5,54.0,1.2,9.223144770692253,0,0.0,0.749619865675331,3,23.0,0.5480446584811699,2,35.0,0.6544941787808328,5,58.0
3570.0,5,11.0,0.22916666666666666,7.243454478483511,1,0.0,0.7286684635015415,3,25.0,0.35582844545908787,1,1.0,0.4409923449262887,5,26.0
3575.0,7,20.0,0.40816326530612246,8.628164770621465,0,2.0,0.8143941727987553,1,19.0,0.57427992991121,6,19.0,0.4485153599945927,7,40.0
3580.0,0,0.0,0.0,9.048873293760629,0,2.0,0.8509690003007991,0,6.0,0.6573513967955491,0,21.0,0.5021949601728836,0,29.0
3585.0,2,5.0,0.1111111111111111,10.176010903495769,1,0.0,0.7631930527962095,1,8.0,0.8060805332013026,0,0.0,0.6570429211135266,2,8.0
3590.0,4,12.0,0.24489795918367346,9.990657533036241,1,1.0,0.6485776241748822,1,12.0,0.7954808095225515,2,1.0,0.6474724514463944,4,14.0
3595.0,6,37.0,0.6981132075471698,9.223787000469963,4,16.0,0.4507569952233582,1,17.0,0.7394567429787636,1,6.0,0.687738005431321,6,39.0
3600.0,8,39.0,0.7358490566037735,8.029676754374021,3,22.0,0.3432682004003902,2,20.0,0.7018915169456253,3,13.0,0.647752638069139,8,55.0
