step,system_total_stopped,system_total_waiting_time,system_mean_waiting_time,system_mean_speed,A0_stopped,A0_accumulated_waiting_time,A0_average_speed,B0_stopped,B0_accumulated_waiting_time,B0_average_speed,C0_stopped,C0_accumulated_waiting_time,C0_average_speed,agents_total_stopped,agents_total_accumulated_waiting_time
5.0,0,0.0,0.0,3.1020160600543027,0,0.0,0.25532408233607223,0,0.0,0.17241639688599633,0,0.0,1.0,0,0.0
10.0,0,0.0,0.0,8.611268425633897,0,0.0,0.8207889658567941,0,0.0,0.6492140093800984,0,0.0,0.3539162403592434,0,0.0
15.0,0,0.0,0.0,9.104819209749731,0,0.0,0.7212706041232317,0,0.0,0.4958000259837791,0,0.0,0.9113737185748536,0,0.0
20.0,2,5.0,1.0,7.855435110493218,0,0.0,0.9831750079120164,2,5.0,0.0006511791587290307,0,0.0,0.9422139070306446,2,5.0
25.0,1,1.0,0.125,6.245537510096545,1,1.0,0.20074189537976017,0,5.0,0.6324053609309377,0,2.0,0.5632169993821031,1,8.0
30.0,2,0.0,0.0,9.083277146010623,1,0.0,0.5613475703901339,0,0.0,0.8487139255389099,1,2.0,0.5787966639366748,2,2.0
35.0,1,2.0,0.14285714285714285,10.105631353016681,0,0.0,0.8922664154430513,0,0.0,0.8249967306193415,1,4.0,0.5772046195868951,1,4.0
40.0,2,8.0,0.5,9.247737585992994,0,0.0,0.6339640693909422,1,1.0,0.48733970517672337,1,9.0,0.6882222145604516,2,10.0
45.0,2,15.0,0.9375,8.083529644183372,1,3.0,0.606548232099292,0,0.0,0.16783363274504273,1,12.0,0.6119561737035002,2,15.0
50.0,5,19.0,1.1875,7.035146600341445,3,13.0,0.00043786613177062314,1,5.0,0.6086901739052194,1,3.0,0.5313501674117859,5,21.0
55.0,4,13.0,0.8666666666666667,5.729154148799474,0,12.0,0.1425476507165183,1,1.0,0.5429076641339896,3,12.0,0.22084182803198982,4,25.0
60.0,2,9.0,0.5,6.571542744479079,0,2.0,0.6216886726447941,1,8.0,0.6874864145589349,1,11.0,0.16936202098045494,2,21.0
65.0,1,11.0,0.5,10.261702535669995,0,2.0,0.7457056206898384,1,15.0,0.8093371021749053,0,3.0,0.6059719442363873,1,20.0
70.0,3,18.0,0.72,10.514647262754735,0,2.0,0.8333383958425364,2,20.0,0.6664843167715857,1,0.0,0.7073617049092538,3,22.0
75.0,3,29.0,1.0740740740740742,10.178660124375893,1,1.0,0.6462396078382676,2,28.0,0.6693274379675695,0,0.0,0.7603392275132349,3,29.0
80.0,4,48.0,1.8461538461538463,9.721821469022146,1,6.0,0.696316352981722,2,38.0,0.6004559040091022,1,4.0,0.766065791335449,4,48.0
85.0,4,25.0,0.8620689655172413,8.736426289646733,3,16.0,0.508042312934948,0,15.0,0.6183319099453879,1,9.0,0.6929958327076065,4,40.0
90.0,7,52.0,1.793103448275862,8.710511312441703,3,31.0,0.4544358132722544,3,7.0,0.5495402059209966,1,14.0,0.5627562608167834,7,52.0
95.0,4,24.0,0.8571428571428571,6.728061742731115,1,9.0,0.3399486088383766,1,11.0,0.4373742016000549,2,22.0,0.031610977466225196,4,42.0
100.0,4,15.0,0.5555555555555556,7.989416359725978,2,10.0,0.5399101248552237,2,7.0,0.23952581299057812,0,6.0,0.6548270473587653,4,23.0
105.0,2,2.0,0.07407407407407407,8.467469865592104,1,4.0,0.7399540968797675,1,3.0,0.24417288724752934,0,0.0,0.8573574448391097,2,7.0
110.0,4,21.0,0.84,9.648889179690862,1,6.0,0.7743705173399821,3,17.0,0.3782604779062108,0,0.0,0.7513266029413154,4,23.0
115.0,1,11.0,0.44,10.162964729293014,1,11.0,0.5806336795721388,0,18.0,0.6265224021672469,0,0.0,0.8502444406222839,1,29.0
120.0,3,20.0,0.8333333333333334,9.892843840601644,1,18.0,0.6424680803208112,1,5.0,0.6523502422556028,1,1.0,0.4858362858249854,3,24.0
125.0,4,39.0,1.6956521739130435,9.769604556392377,1,23.0,0.6148537271087098,2,12.0,0.558719676111926,1,6.0,0.7086366273926572,4,41.0
130.0,4,50.0,2.272727272727273,9.328710335162619,1,26.0,0.7694535640471896,2,22.0,0.47876945261861625,1,2.0,0.6069970002514955,4,50.0
135.0,7,75.0,3.5714285714285716,8.230332940551026,2,31.0,0.46651458338272533,2,32.0,0.0,3,12.0,0.49150337196496413,7,75.0
140.0,3,36.0,1.565217391304348,8.52038923895737,2,36.0,0.5780895579787195,1,17.0,0.10397945414063307,0,12.0,0.5494634928839334,3,65.0
145.0,1,2.0,0.09523809523809523,10.995288541293673,1,2.0,0.6945459491043271,0,2.0,0.7742283612427004,0,0.0,0.8157295616998091,1,4.0
150.0,3,11.0,0.55,9.96301878338574,2,7.0,0.44737994702995304,0,2.0,0.8964366944936918,1,4.0,0.6127933451588853,3,13.0
155.0,5,10.0,0.5,7.63291007867543,1,3.0,0.26859494763014713,0,2.0,0.8766682430200069,4,10.0,0.26080775177459203,5,15.0
160.0,3,22.0,1.2941176470588236,7.764021332864839,0,0.0,0.5054771531479393,0,2.0,0.6972990261976779,3,22.0,0.3935858640585217,3,24.0
165.0,2,0.0,0.0,7.979314511693657,1,0.0,0.7235526631148913,0,2.0,0.892560590092906,1,5.0,0.2556186139309898,2,7.0
170.0,3,5.0,0.23809523809523808,10.146575636232162,0,0.0,0.8879040648463448,0,4.0,0.8648211792874445,3,5.0,0.31732212171945773,3,9.0
175.0,2,15.0,0.6818181818181818,9.13960708776435,0,0.0,0.8404929942853725,0,2.0,0.6202946192659511,2,15.0,0.4559492460411975,2,17.0
180.0,3,8.0,0.32,9.793088213751988,0,0.0,0.6988719740284869,2,10.0,0.6788380169066235,1,0.0,0.6874203913981712,3,10.0
185.0,1,2.0,0.08,10.274144494893214,0,0.0,0.7069291422461447,0,6.0,0.7603914785910779,1,2.0,0.553752157120405,1,8.0
190.0,4,13.0,0.5,9.864524235530038,0,0.0,0.8433826799258296,0,0.0,0.834577197760275,4,15.0,0.40880210928488203,4,15.0
195.0,5,32.0,1.3333333333333333,8.982727053266688,0,0.0,0.911689981204841,0,0.0,0.8288613903841396,5,34.0,0.4298236712810158,5,34.0
200.0,3,17.0,0.68,9.268180957883725,0,0.0,0.7724727166090449,1,3.0,0.724460693318862,2,37.0,0.5627915355946955,3,40.0
205.0,1,8.0,0.3076923076923077,10.856999954766954,0,0.0,0.9336983462959304,1,10.0,0.7700276453917809,0,15.0,0.693670724193049,1,25.0
210.0,1,13.0,0.4642857142857143,10.817462846277703,0,0.0,0.227524901122403,1,15.0,0.8300736754073335,0,0.0,0.6302395315167535,1,15.0
215.0,2,18.0,0.6206896551724138,11.134806368229528,0,0.0,0.3393658198794686,1,20.0,0.7975476063206578,1,0.0,0.8087880546121247,2,20.0
220.0,2,24.0,0.8888888888888888,10.628818925947176,0,0.0,0.7415353182492191,1,23.0,0.758819784824252,1,1.0,0.6141053703941013,2,24.0
225.0,3,12.0,0.5,8.387896515825854,1,1.0,0.6226705599100614,0,0.0,0.4569053658047818,2,11.0,0.5917988730285201,3,12.0
230.0,6,18.0,0.6923076923076923,6.11364760601722,1,6.0,0.6731637130439749,5,12.0,0.019345210322042904,0,0.0,0.45175019138556055,6,18.0
235.0,6,25.0,0.8620689655172413,7.653832918790828,2,11.0,0.527260983266261,3,28.0,0.3206892990652331,1,0.0,0.532439114933129,6,39.0
240.0,2,16.0,0.5,10.09357240696788,2,18.0,0.6246039454790624,0,19.0,0.6519325991223823,0,2.0,0.7803467941532739,2,39.0
245.0,2,25.0,0.78125,11.190499884152135,2,27.0,0.683388877936551,0,2.0,0.8635849721276329,0,2.0,0.9472321732472146,2,31.0
250.0,0,0.0,0.0,10.111597520630836,0,2.0,0.6931898675886997,0,0.0,0.9723126529505705,0,2.0,0.7444934225698502,0,4.0
255.0,7,17.0,0.6538461538461539,6.750134671183272,3,11.0,0.41047463903264797,0,0.0,0.9664601742005672,4,10.0,0.28381788956664417,7,21.0
260.0,3,7.0,0.25925925925925924,5.00894229606191,2,19.0,0.17043657930574369,0,0.0,0.7584327540420405,1,13.0,0.4930875501929657,3,32.0
265.0,3,3.0,0.10344827586206896,7.931148763075562,0,6.0,0.4191967811850826,2,7.0,0.6318782725495442,1,3.0,0.5363018548958636,3,16.0
270.0,3,13.0,0.41935483870967744,9.99919847819109,1,1.0,0.5504377626846424,2,17.0,0.7541780082106286,0,0.0,0.6131444394922968,3,18.0
275.0,5,12.0,0.34285714285714286,8.632129495104843,2,6.0,0.28859322241496543,1,5.0,0.6964531171763834,2,5.0,0.2505749103753413,5,16.0
280.0,1,6.0,0.17647058823529413,10.048108459434829,0,2.0,0.7694559492055162,1,6.0,0.6800173197120181,0,5.0,0.672925598940151,1,13.0
285.0,4,11.0,0.3235294117647059,10.276594830874147,1,2.0,0.8073528553468534,2,13.0,0.6013893816713038,1,2.0,0.6761400736254757,4,17.0
290.0,1,1.0,0.03225806451612903,10.112881886714998,1,3.0,0.7435887646266418,0,2.0,0.6607331804174622,0,2.0,0.8482741159587078,1,7.0
295.0,2,11.0,0.36666666666666664,9.85878116850473,1,6.0,0.7212362139587017,1,7.0,0.7363674497813711,0,2.0,0.5477293612228382,2,15.0
300.0,8,33.0,1.1,7.038928658707133,2,13.0,0.4835703001084754,3,14.0,0.3810376296714722,3,10.0,0.31192843052734454,8,37.0
305.0,4,29.0,0.9666666666666667,6.494286301498641,2,23.0,0.5111068244975708,0,6.0,0.30588743119254924,2,17.0,0.39167631476499537,4,46.0
310.0,3,34.0,1.1724137931034482,9.555771239774987,2,35.0,0.5121717713842838,0,1.0,0.8347188729284865,1,7.0,0.6758767678830593,3,43.0
315.0,2,8.0,0.27586206896551724,9.425844936159994,0,5.0,0.8007069079028695,1,3.0,0.7347162517566743,1,8.0,0.5951356377153315,2,16.0
320.0,3,23.0,0.7931034482758621,9.587927606155626,0,2.0,0.8934754315743076,1,8.0,0.6469875194402572,2,18.0,0.47760813097061977,3,28.0
325.0,5,44.0,1.76,7.514449339381778,0,0.0,0.41914802061473166,3,19.0,0.4105725156472998,2,26.0,0.4319020239556227,5,45.0
330.0,1,0.0,0.0,8.145421947053833,1,0.0,0.0,0,14.0,0.4204633031672641,0,0.0,0.8633011826509934,1,14.0
335.0,3,8.0,0.36363636363636365,9.484178517346857,0,2.0,0.6449722794991394,2,6.0,0.4234410218637791,1,4.0,0.6486305716095273,3,12.0
340.0,2,16.0,0.8421052631578947,9.633105463972768,0,2.0,0.9365040480523164,2,16.0,0.3301510996342661,0,2.0,0.6119676027969296,2,20.0
345.0,0,0.0,0.0,10.68370083739996,0,0.0,0.7873991822373929,0,11.0,0.6288805838167787,0,2.0,0.8607089405154169,0,13.0
350.0,2,3.0,0.15789473684210525,8.75703747641441,1,3.0,0.3921279339272312,0,2.0,0.7782573854482386,1,4.0,0.6297297602655921,2,9.0
355.0,3,14.0,0.6666666666666666,8.409363915783231,1,8.0,0.5715477034154698,0,2.0,0.7050003823381242,2,10.0,0.4159873072131769,3,20.0
360.0,4,16.0,0.8,6.127302282810954,3,15.0,0.22906581402031514,0,2.0,0.35497731822183715,1,9.0,0.42108526893491965,4,26.0
365.0,2,2.0,0.08333333333333333,7.027421815510343,0,0.0,0.5460396839581565,0,2.0,0.47229516565630886,2,5.0,0.3226122458596023,2,7.0
370.0,2,4.0,0.16,8.635988996687223,0,1.0,0.6927234836742524,2,6.0,0.5836781510796399,0,0.0,0.3227211861120715,2,7.0
375.0,3,12.0,0.5454545454545454,9.540202133734224,1,2.0,0.7833255529922541,2,11.0,0.35329823460134496,0,0.0,0.9686007595243847,3,13.0
380.0,2,7.0,0.30434782608695654,9.076835746981862,1,7.0,0.6828972934029561,1,5.0,0.45171147435505643,0,0.0,0.8259119479349314,2,12.0
385.0,2,17.0,0.7391304347826086,10.027182285980658,1,11.0,0.6393512762438431,1,8.0,0.6734759052415477,0,0.0,0.6485519484935942,2,19.0
390.0,2,27.0,1.35,10.484508242156885,1,16.0,0.6444387731501438,1,13.0,0.6828638450736815,0,0.0,0.6853364177111783,2,29.0
395.0,3,22.0,1.1,7.8187259228031305,2,22.0,0.00030699896690836615,0,0.0,0.6623211265693338,1,0.0,0.567360166126576,3,22.0
400.0,2,0.0,0.0,9.184021830220905,0,6.0,0.4928677933031889,0,0.0,0.9592801847504522,2,0.0,0.5906274305084023,2,6.0
405.0,4,2.0,0.07407407407407407,10.031767955940131,1,2.0,0.6886976416186931,1,1.0,0.6372197874293228,2,1.0,0.6634104253889286,4,4.0
410.0,4,17.0,0.7391304347826086,8.376350911893418,0,2.0,0.8394944077663493,3,11.0,0.0031165322161831625,1,6.0,0.5978518856815541,4,19.0
415.0,2,2.0,0.08695652173913043,5.082595050010601,0,0.0,0.5514661203820823,0,8.0,0.19870593058098449,2,7.0,0.2288099549003123,2,15.0
420.0,4,16.0,0.64,8.17371062436733,1,4.0,0.5690893152220579,0,2.0,0.8278155626773449,3,16.0,0.41905996018034924,4,22.0
425.0,2,7.0,0.25,9.151892747051383,2,9.0,0.5244170239249394,0,2.0,0.886001250439363,0,8.0,0.5674819424062321,2,19.0
430.0,3,17.0,0.5862068965517241,10.675001205875546,2,14.0,0.6816210026759761,0,2.0,0.8002596516090437,1,7.0,0.7386737372140021,3,23.0
435.0,4,28.0,1.0769230769230769,5.890957079427124,1,17.0,0.35408215900831447,0,2.0,0.5028532159365344,3,13.0,0.12597391416459489,4,32.0
440.0,8,42.0,1.6153846153846154,6.080043070499495,3,31.0,0.5054445609030066,5,13.0,0.24274726286192094,0,5.0,0.351191868050722,8,49.0
445.0,5,50.0,1.7857142857142858,7.973798450380433,3,46.0,0.42764585352495715,1,20.0,0.6035046328974852,1,0.0,0.5479695371817768,5,66.0
450.0,5,63.0,2.032258064516129,9.608317153623442,4,65.0,0.5172469003334884,1,6.0,0.7237605158498334,0,2.0,0.8562645401866382,5,73.0
455.0,1,1.0,0.03225806451612903,9.778163800919293,0,24.0,0.5500952258042439,0,2.0,0.8834347860710625,1,3.0,0.7850313074680338,1,29.0
460.0,4,9.0,0.3,8.495770396803396,2,10.0,0.6436069999176688,1,1.0,0.3774746323522675,1,2.0,0.5630565015824397,4,13.0
465.0,4,14.0,0.4666666666666667,8.280671707209395,0,10.0,0.44930157649978164,4,14.0,0.27642407603053026,0,0.0,0.7921749932001522,4,24.0
470.0,2,5.0,0.17857142857142858,8.90440484178409,1,5.0,0.7206362772069287,0,13.0,0.6653822928151181,1,0.0,0.3468906687787457,2,18.0
475.0,2,4.0,0.12903225806451613,10.288549626772532,1,3.0,0.6345325120319515,0,2.0,0.833109908474384,1,5.0,0.6737163579297866,2,10.0
480.0,2,14.0,0.42424242424242425,10.02965239765395,1,8.0,0.6738413235085313,0,2.0,0.6441506763459016,1,10.0,0.6505097450565408,2,20.0
485.0,4,19.0,0.6785714285714286,7.822712389468237,0,2.0,0.5445172028595747,1,3.0,0.4232355509749772,3,18.0,0.49326130055191275,4,23.0
490.0,5,15.0,0.5769230769230769,7.391244607359503,1,3.0,0.32411775234440954,3,15.0,0.511460809207296,1,11.0,0.2861905588695135,5,29.0
495.0,9,41.0,1.5769230769230769,7.261229620318763,1,1.0,0.3314832724564844,4,30.0,0.44479324750503463,4,14.0,0.20536124430972677,9,45.0
500.0,1,6.0,0.25,8.666483326446071,1,6.0,0.4370236538245431,0,24.0,0.42617797928441553,0,10.0,0.5259226211669017,1,40.0
505.0,1,11.0,0.5,9.253780463776913,1,11.0,0.5530205128841412,0,4.0,0.6032946184495205,0,2.0,0.677510568948413,1,17.0
510.0,2,3.0,0.125,9.132087103096032,1,0.0,0.5605736218640202,1,5.0,0.6776577318047758,0,2.0,0.689035393346242,2,7.0
515.0,3,17.0,0.68,9.735055771492789,0,0.0,0.5968534706816336,1,10.0,0.6747149192615794,2,11.0,0.7143215587149914,3,21.0
520.0,2,3.0,0.1111111111111111,8.221289070690856,1,1.0,0.6122593934997932,1,4.0,0.4417738439690898,0,7.0,0.5211740959532993,2,12.0
525.0,6,18.0,0.5625,7.908176894698311,3,6.0,0.39363637084249076,3,16.0,0.39264660116979977,0,0.0,0.6090805441500085,6,22.0
530.0,6,35.0,1.09375,8.436339724698893,0,0.0,0.5684708212126703,4,34.0,0.4854873888836095,2,5.0,0.4939661366243005,6,39.0
535.0,4,16.0,0.5161290322580645,8.43094097928279,1,0.0,0.5017861672888853,1,25.0,0.4911003767574302,2,15.0,0.5528407440320221,4,40.0
540.0,2,10.0,0.37037037037037035,8.60431503672721,0,2.0,0.6861195427314405,2,10.0,0.4969133386685009,0,3.0,0.6083015869301434,2,15.0
545.0,3,25.0,0.8928571428571429,9.559400415747529,1,7.0,0.6156342883359488,2,22.0,0.6241677843614266,0,2.0,0.5794410377250232,3,31.0
550.0,4,44.0,1.5714285714285714,10.265168315905774,2,16.0,0.6557965745456673,2,32.0,0.6362765455220482,0,0.0,0.8647456497400098,4,48.0
555.0,0,0.0,0.0,9.859808987828316,0,7.0,0.5735734767299738,0,2.0,0.7699246706196489,0,0.0,0.7949173675640112,0,9.0
560.0,3,7.0,0.2413793103448276,10.02562339788572,0,0.0,0.8053851539858657,2,6.0,0.46266967004829296,1,7.0,0.7943168787212983,3,13.0
565.0,2,2.0,0.06896551724137931,8.0528163563147,0,0.0,0.6466989923434932,1,10.0,0.5378172155447776,1,2.0,0.255562855364466,2,12.0
570.0,5,17.0,0.5483870967741935,9.133031695957012,3,9.0,0.466495762955575,0,2.0,0.7537504546678571,2,12.0,0.4148192100984008,5,23.0
575.0,5,27.0,0.9642857142857143,8.840409983160699,0,7.0,0.8045176585519869,2,5.0,0.48406716479874,3,24.0,0.4924514160806928,5,36.0
580.0,3,18.0,0.6923076923076923,9.226187266917332,0,2.0,0.7154494321342623,3,18.0,0.00011812697312402728,0,7.0,0.7230772345154491,3,27.0
585.0,6,36.0,1.5,7.704497080104944,1,0.0,0.5225637117996469,4,35.0,0.19343531453711413,1,3.0,0.6456583762034622,6,38.0
590.0,2,9.0,0.375,9.198180700647706,0,0.0,0.6443527297370737,0,16.0,0.688473757636066,2,9.0,0.4645513606704029,2,25.0
595.0,3,5.0,0.2,9.694717151761328,1,2.0,0.6513664311240138,0,2.0,0.7861654062989201,2,3.0,0.32412230880741466,3,7.0
600.0,5,22.0,0.8461538461538461,8.249542018283437,2,12.0,0.37673894610950526,1,1.0,0.5607251538614499,2,9.0,0.4434134580096922,5,22.0
605.0,4,6.0,0.25,6.934217422489776,1,9.0,0.5141613434381501,1,6.0,0.0,2,4.0,0.5607066272901462,4,19.0
610.0,3,14.0,0.5384615384615384,8.83356452873707,0,0.0,0.6339509629104635,1,12.0,0.537873244947273,2,3.0,0.5808576208153892,3,15.0
615.0,4,34.0,1.2592592592592593,10.077093858351763,1,5.0,0.5811133181836644,1,17.0,0.8084907122968714,2,13.0,0.59781495105481,4,35.0
620.0,2,22.0,0.7857142857142857,8.66853369882573,0,2.0,0.5235022467683936,2,23.0,0.7335685254740336,0,0.0,0.42866484159491597,2,25.0
625.0,5,44.0,1.6296296296296295,9.093488256097578,1,4.0,0.32044772381963255,2,32.0,0.5762628397006097,2,8.0,0.561469194453667,5,44.0
630.0,3,43.0,1.7916666666666667,7.816619232545739,0,0.0,0.5190424399327412,2,42.0,0.44527314415472186,1,3.0,0.5815960896617532,3,45.0
635.0,4,59.0,2.4583333333333335,8.891778148454078,0,0.0,0.7625252413079344,3,56.0,0.5398178534085861,1,6.0,0.6401056665348446,4,62.0
640.0,1,0.0,0.0,9.07628601144029,1,0.0,0.6668371696475924,0,27.0,0.7078904526644966,0,0.0,0.5351785541612086,1,27.0
645.0,3,8.0,0.25,9.73585767443119,0,0.0,0.9286225902939151,0,3.0,0.6454480129078011,3,8.0,0.48371216229037745,3,11.0
650.0,5,27.0,1.0384615384615385,8.051490501953849,0,0.0,0.6912249803077888,0,0.0,0.604326212746694,5,27.0,0.47305064423411974,5,27.0
655.0,2,14.0,0.56,9.434187049583036,0,0.0,0.9498340615568447,0,0.0,0.8485068571260991,2,36.0,0.49990288692496954,2,36.0
660.0,1,4.0,0.14814814814814814,10.215150040887247,0,0.0,0.8361701243902001,0,1.0,0.8716073300033443,1,21.0,0.5214613739095566,1,22.0
665.0,3,3.0,0.1,8.709928710497755,0,0.0,0.782591042363981,2,2.0,0.6092542841711897,1,11.0,0.46146242150885797,3,13.0
670.0,7,27.0,0.9,8.501949789730467,1,1.0,0.27597280424783005,2,11.0,0.6376292657788158,4,25.0,0.396815112775191,7,37.0
675.0,3,16.0,0.5517241379310345,6.56211491887865,2,11.0,0.18248356908318644,0,8.0,0.2506437109985822,1,20.0,0.5126881273682926,3,39.0
680.0,2,3.0,0.10344827586206896,9.418531067636708,1,0.0,0.6761752246765316,1,5.0,0.5606277184400814,0,2.0,0.6965115044513188,2,7.0
685.0,3,10.0,0.2777777777777778,10.37961257683164,0,0.0,0.758241180433469,2,14.0,0.6825949468348216,1,2.0,0.7003874039641271,3,16.0
690.0,4,1.0,0.024390243902439025,9.284466826106872,1,0.0,0.6767780047863412,1,9.0,0.5857486267854748,2,1.0,0.6551388757509552,4,10.0
695.0,7,22.0,0.5238095238095238,8.448524174405232,3,10.0,0.4653137705213213,2,8.0,0.5392343955394419,2,8.0,0.6263172128838966,7,26.0
700.0,3,3.0,0.075,6.5518400560491274,2,10.0,0.37485338303981647,0,4.0,0.36122013608111603,1,11.0,0.42803055358053405,3,25.0
705.0,6,12.0,0.27906976744186046,7.779391903990399,1,2.0,0.5939458286694793,2,4.0,0.5490572933213396,3,13.0,0.3268385086577979,6,19.0
710.0,4,16.0,0.37209302325581395,8.76370002730666,0,2.0,0.7079846309790774,1,9.0,0.7459360325319514,3,21.0,0.32919305692667156,4,32.0
715.0,7,36.0,0.7659574468085106,8.24653846861194,0,0.0,0.7457404466509133,3,19.0,0.5891643666616393,4,27.0,0.35707554840500977,7,46.0
720.0,4,5.0,0.10416666666666667,7.942400692813192,0,0.0,0.6369860149548326,1,13.0,0.6223294340176166,3,25.0,0.38811999119035095,4,38.0
725.0,8,34.0,0.6666666666666666,8.358569085777859,3,11.0,0.41503205856348796,2,9.0,0.5011884072874611,3,19.0,0.49635310526503595,8,39.0
730.0,6,10.0,0.2127659574468085,5.966816176913631,1,9.0,0.4482070642409683,4,12.0,0.2029344835080219,1,16.0,0.41037522261301823,6,37.0
735.0,7,32.0,0.7111111111111111,7.601886525070253,2,9.0,0.637633823481294,3,28.0,0.4097194922641506,2,5.0,0.6164784441133009,7,42.0
740.0,5,25.0,0.5,8.058186488919247,3,24.0,0.5587234003724952,1,17.0,0.5513208798465151,1,4.0,0.5394176806063802,5,45.0
745.0,12,69.0,1.38,8.213551687263449,4,44.0,0.5856496511862694,5,20.0,0.3535100628043399,3,15.0,0.5265765017135636,12,79.0
750.0,4,16.0,0.3404255319148936,5.815814913028673,0,29.0,0.3381247374699502,3,30.0,0.30208713242672397,1,16.0,0.3517692849665618,4,75.0
755.0,8,22.0,0.4782608695652174,7.060784852123322,7,21.0,0.3193888431414984,0,27.0,0.4931951695529367,1,6.0,0.4572289445425824,8,54.0
760.0,6,17.0,0.3617021276595745,8.859764806299097,2,29.0,0.49238707872331267,2,19.0,0.6469747672105588,2,8.0,0.672564054772566,6,56.0
765.0,5,26.0,0.5777777777777777,9.907924204117645,0,3.0,0.6081695461189488,2,13.0,0.7485748636247457,3,17.0,0.7124872059963844,5,33.0
770.0,5,49.0,0.98,10.292637896561263,1,3.0,0.745791512281869,2,21.0,0.6784275831175822,2,27.0,0.6893871963967407,5,51.0
775.0,5,45.0,0.8490566037735849,9.814269168435764,1,8.0,0.6975560067061084,1,14.0,0.637949100253492,3,37.0,0.6153654372009602,5,59.0
780.0,12,76.0,1.3571428571428572,8.175958103265385,3,18.0,0.5087074736606582,4,11.0,0.5037586427156746,5,49.0,0.445276114644396,12,78.0
785.0,9,39.0,0.75,6.968447130584787,2,13.0,0.47166510854403165,6,37.0,0.2529145481798547,1,6.0,0.5734947673424968,9,56.0
790.0,14,53.0,1.06,5.96496598707682,5,23.0,0.14977998681448543,5,51.0,0.14355152148632436,4,14.0,0.43899837868855135,14,88.0
795.0,2,6.0,0.13333333333333333,7.22180244024784,0,24.0,0.4970416445653785,1,35.0,0.32937116745716505,1,14.0,0.536446540903175,2,73.0
800.0,4,11.0,0.2391304347826087,9.636931245484307,1,2.0,0.763081396931439,3,24.0,0.5793860863801674,0,3.0,0.6837052578354702,4,29.0
805.0,2,21.0,0.42,10.568183021902987,0,2.0,0.7903889268249638,2,25.0,0.673317218070812,0,2.0,0.725403153959238,2,29.0
810.0,1,2.0,0.038461538461538464,10.40598986124845,0,0.0,0.8772451863236297,0,9.0,0.6563715456739428,1,2.0,0.6395804378405026,1,11.0
815.0,4,4.0,0.0784313725490196,8.996338577846146,1,0.0,0.6135405097880076,2,7.0,0.5807626087533594,1,1.0,0.5315165039216055,4,8.0
820.0,6,22.0,0.43137254901960786,8.294466174794021,1,5.0,0.5877796203886849,1,6.0,0.3927933364323174,4,14.0,0.28633061610583427,6,25.0
825.0,3,24.0,0.5333333333333333,8.37052929422436,1,12.0,0.6474782606322637,1,8.0,0.4914163551234155,1,22.0,0.4578683645024352,3,42.0
830.0,4,38.0,0.926829268292683,9.709752636222419,2,22.0,0.6824674180877585,2,20.0,0.6365800806361834,0,8.0,0.6770818831914208,4,50.0
835.0,5,8.0,0.18181818181818182,8.106661473975223,2,11.0,0.5191699296469129,1,4.0,0.5627919746205473,2,7.0,0.6643863225272522,5,22.0
840.0,8,36.0,0.7346938775510204,7.833229180217418,5,19.0,0.3786651808875665,2,11.0,0.44718984524649574,1,10.0,0.5979642073382639,8,40.0
845.0,10,51.0,1.0625,6.73256796314167,8,51.0,0.31026893294243624,0,8.0,0.2645408925987361,2,2.0,0.47887496973628585,10,61.0
850.0,9,37.0,0.7872340425531915,7.140715943011796,5,61.0,0.4168621455919209,0,0.0,0.5758779062941544,4,19.0,0.44289693480718245,9,80.0
855.0,5,19.0,0.41304347826086957,7.149707998583923,3,36.0,0.48475193941114286,1,5.0,0.5626510101162719,1,19.0,0.43820253319691166,5,60.0
860.0,6,15.0,0.29411764705882354,7.639685079265721,4,32.0,0.4003071330182101,1,12.0,0.7594900832212865,1,12.0,0.5728596535145549,6,56.0
865.0,11,34.0,0.6181818181818182,7.21898063400045,8,56.0,0.268075276209856,1,4.0,0.6769126679644646,2,10.0,0.49122569071484845,11,70.0
870.0,19,58.0,1.0545454545454545,5.718317547568004,10,71.0,0.21791361386825747,1,6.0,0.5649387353049734,8,32.0,0.2244346855706613,19,109.0
875.0,5,20.0,0.39215686274509803,6.029489724338742,3,60.0,0.33259492048672745,0,8.0,0.48917002090620837,2,32.0,0.3666387235877318,5,100.0
880.0,6,32.0,0.6153846153846154,8.381327939820032,3,39.0,0.46410724759984856,3,13.0,0.6008733934681536,0,2.0,0.596488508296332,6,54.0
885.0,4,40.0,0.7017543859649122,9.575681062531803,3,41.0,0.5914830089509456,0,13.0,0.7562586607962425,1,4.0,0.6312589526400039,4,58.0
890.0,5,60.0,1.0,9.669629703238119,3,53.0,0.5944345782774433,0,4.0,0.7135449419042518,2,9.0,0.6336709632863475,5,66.0
895.0,7,24.0,0.41379310344827586,7.819082180607354,1,22.0,0.4137996513502858,4,15.0,0.45847603425948186,2,13.0,0.6517614418657721,7,50.0
900.0,14,55.0,0.9482758620689655,5.653617568959271,5,17.0,0.29441985973418466,4,26.0,0.32022756846521544,5,27.0,0.3310117277552801,14,70.0
905.0,6,16.0,0.27586206896551724,6.14382018326732,3,31.0,0.40441394626003124,2,22.0,0.3093257849362875,1,24.0,0.5492646112176821,6,77.0
910.0,5,19.0,0.3220338983050847,8.138616907153697,2,19.0,0.4775533379361194,1,17.0,0.42009536392692937,2,15.0,0.670004837498831,5,51.0
915.0,5,22.0,0.38596491228070173,7.974663868208146,0,12.0,0.5416291710500115,3,20.0,0.48899667001565744,2,22.0,0.597350568714519,5,54.0
920.0,10,31.0,0.5081967213114754,7.466115936453571,5,21.0,0.3962866268554446,3,10.0,0.49007411186157335,2,21.0,0.5684210043448428,10,52.0
925.0,12,42.0,0.711864406779661,6.279806942163483,5,28.0,0.3252837549039839,6,35.0,0.3580443009207283,1,14.0,0.4573371428195659,12,77.0
930.0,12,42.0,0.7241379310344828,5.813418988419128,0,19.0,0.3014791242702194,5,51.0,0.3783276037403278,7,22.0,0.2842645362444912,12,92.0
935.0,4,15.0,0.2542372881355932,8.228226921595086,1,10.0,0.5374780855798892,1,38.0,0.5703377946908187,2,31.0,0.42915537121995606,4,79.0
940.0,2,8.0,0.14035087719298245,8.773505718213524,1,9.0,0.6517457217368652,1,27.0,0.49311711258593555,0,10.0,0.6087545702461927,2,46.0
945.0,9,34.0,0.5573770491803278,8.334252729046026,1,14.0,0.650147015078247,6,46.0,0.376296343548185,2,3.0,0.5544602560377364,9,63.0
950.0,6,37.0,0.6379310344827587,8.403340423318813,1,17.0,0.6452959323777062,3,46.0,0.44456920425766916,2,10.0,0.5442611167735774,6,73.0
955.0,3,23.0,0.38333333333333336,8.051766773433428,2,24.0,0.583529740792768,1,24.0,0.43599315423368956,0,9.0,0.6272578406512298,3,57.0
960.0,4,6.0,0.0967741935483871,8.437310020045306,1,2.0,0.657003050495098,2,13.0,0.3736414321325161,1,5.0,0.6191736614251326,4,20.0
965.0,4,10.0,0.1694915254237288,8.662961711399287,1,5.0,0.7215940447989763,1,10.0,0.3427133698620834,2,11.0,0.5638065617676967,4,26.0
970.0,5,23.0,0.4423076923076923,8.047644424866473,0,3.0,0.6074299739940905,1,15.0,0.5146112453305409,4,17.0,0.5056416223033287,5,35.0
975.0,5,48.0,0.8275862068965517,9.045018576305171,0,0.0,0.6655535490506416,2,23.0,0.6324119901426748,3,32.0,0.5645239078900487,5,55.0
980.0,3,3.0,0.047619047619047616,8.297629271720544,1,0.0,0.6815967661130256,1,17.0,0.581505899778254,1,26.0,0.40990281732437234,3,43.0
985.0,11,38.0,0.5846153846153846,7.447094568880731,1,4.0,0.6700697368159864,6,27.0,0.3183984636441099,4,15.0,0.3647540282686324,11,46.0
990.0,21,112.0,1.7230769230769232,6.550647984325833,1,0.0,0.5764382634155614,12,74.0,0.14768061582676156,8,45.0,0.3662813004294707,21,119.0
995.0,16,90.0,1.5254237288135593,5.078932963340445,2,5.0,0.5505939604759004,10,105.0,0.13070145792240076,4,52.0,0.2465651411079235,16,162.0
1000.0,12,57.0,1.0178571428571428,6.49401485657441,4,23.0,0.4526314905841727,6,102.0,0.33983156890727273,2,36.0,0.4867896668910476,12,161.0
1005.0,14,62.0,1.1071428571428572,6.260472715162684,6,48.0,0.42268780839091596,3,101.0,0.41333114405465643,5,34.0,0.37656360852893983,14,183.0
1010.0,13,77.0,1.3275862068965518,6.526990808093216,3,56.0,0.39309912946055436,5,120.0,0.2702049916264707,5,56.0,0.34927496288461807,13,232.0
1015.0,9,20.0,0.37037037037037035,6.172781482477766,1,32.0,0.42482944618639473,5,115.0,0.23710967449093984,3,51.0,0.36870338638689026,9,198.0
1020.0,2,5.0,0.09433962264150944,8.609050164842525,0,5.0,0.7238204114303604,1,60.0,0.4948730231172074,1,19.0,0.5358116499199689,2,84.0
1025.0,4,9.0,0.15,8.381974052531795,0,2.0,0.733485271467746,1,61.0,0.4197606314397449,3,11.0,0.6315334081292364,4,74.0
1030.0,9,26.0,0.40625,7.67339024775041,1,4.0,0.7579577463133206,5,80.0,0.35304363364321817,3,6.0,0.5169397445727477,9,90.0
1035.0,10,31.0,0.484375,5.850284813925847,3,2.0,0.4887512596967069,3,79.0,0.21407724220503707,4,20.0,0.41194362976105986,10,101.0
1040.0,14,46.0,0.7796610169491526,5.653656500972311,6,24.0,0.4714214368981601,5,58.0,0.24390680869463993,3,28.0,0.38436350407687486,14,110.0
1045.0,9,33.0,0.559322033898305,6.206734105540634,2,27.0,0.49150742080848137,4,46.0,0.3312261593533693,3,24.0,0.48481290011502814,9,97.0
1050.0,9,62.0,0.96875,8.487188903842029,1,5.0,0.6643275030990795,5,55.0,0.4829283836492198,3,20.0,0.6242637506721743,9,80.0
1055.0,8,100.0,1.4492753623188406,8.696226587305674,1,8.0,0.6177439998302028,4,67.0,0.5068123666655542,3,31.0,0.5758512575401088,8,106.0
1060.0,9,76.0,1.0555555555555556,7.9930473088543295,3,19.0,0.4757000737977677,2,41.0,0.4361142096345946,4,51.0,0.5695763414279181,9,111.0
1065.0,14,100.0,1.408450704225352,7.2294634411357634,1,13.0,0.529343446942987,7,33.0,0.3333666187757106,6,78.0,0.4153098171596881,14,124.0
1070.0,12,35.0,0.5147058823529411,5.678537284802081,2,6.0,0.3380541227483434,8,56.0,0.2330076534624528,2,62.0,0.3604799785344578,12,124.0
1075.0,12,38.0,0.5846153846153846,5.736248806902925,2,16.0,0.4365317300045517,4,64.0,0.1654794760062983,6,20.0,0.3206391209016115,12,100.0
1080.0,8,49.0,0.8032786885245902,7.249018271611056,2,17.0,0.5857962697899224,3,54.0,0.3342552688287881,3,32.0,0.4864353623229988,8,103.0
1085.0,8,37.0,0.5873015873015873,7.083493549440632,4,23.0,0.5421168500642785,1,48.0,0.3722806627926707,3,20.0,0.5475021538173434,8,91.0
1090.0,9,57.0,0.8382352941176471,7.177466920294113,3,35.0,0.5281060693756043,6,43.0,0.339782408710534,0,14.0,0.6376856947045506,9,92.0
1095.0,8,21.0,0.29577464788732394,5.924712019947271,0,21.0,0.4349889258030767,5,53.0,0.26007225924616234,3,9.0,0.4004085654246998,8,83.0
1100.0,9,25.0,0.36231884057971014,6.534210948628996,4,15.0,0.5088294384453557,3,39.0,0.20120684795481855,2,18.0,0.4703864621895934,9,72.0
1105.0,7,21.0,0.31343283582089554,6.075651094836013,3,28.0,0.3339049581117454,2,48.0,0.2861457857526373,2,14.0,0.5661979376244133,7,90.0
1110.0,16,78.0,1.1470588235294117,6.651342462162414,4,34.0,0.39405982499644954,8,69.0,0.3736479186396486,4,21.0,0.48266261490436335,16,124.0
1115.0,17,95.0,1.3380281690140845,5.543561090666979,3,25.0,0.4376655562715562,12,124.0,0.1875906947453546,2,23.0,0.4019283547253309,17,172.0
1120.0,23,121.0,1.635135135135135,5.472099134454634,6,25.0,0.36681782958626363,13,154.0,0.10355779278337589,4,21.0,0.3510519091109219,23,200.0
1125.0,15,87.0,1.2794117647058822,6.04336261611496,1,26.0,0.4678181169641687,7,131.0,0.21014162132773445,7,55.0,0.4033739172698504,15,212.0
1130.0,11,41.0,0.640625,7.13532243595038,1,4.0,0.6633323959729089,5,102.0,0.3811543051280279,5,55.0,0.40420956463876473,11,161.0
1135.0,5,8.0,0.12121212121212122,7.508984464344726,0,0.0,0.6683636976882356,4,103.0,0.3523176017532529,1,22.0,0.5908104375187437,5,125.0
1140.0,10,46.0,0.6052631578947368,7.7226522731547895,1,5.0,0.550196962731097,8,124.0,0.3638607798986972,1,8.0,0.637247663094337,10,137.0
1145.0,12,45.0,0.5555555555555556,7.205596730879557,2,10.0,0.5902617269543061,5,124.0,0.3215635078649368,5,14.0,0.49247418510281543,12,148.0
1150.0,8,25.0,0.30864197530864196,6.630048680037519,1,3.0,0.6708455361604534,5,92.0,0.24141198169806416,2,9.0,0.5126455585111783,8,104.0
1155.0,13,73.0,0.8588235294117647,7.162729461700313,2,9.0,0.6410030945085611,7,78.0,0.2395145155367194,4,22.0,0.5566909490380044,13,109.0
1160.0,11,53.0,0.6463414634146342,6.722822790713206,1,11.0,0.6493747707875308,3,76.0,0.2835296216536666,7,47.0,0.4604619638630645,11,134.0
1165.0,13,53.0,0.6708860759493671,5.979891456775843,1,6.0,0.574951415500981,7,71.0,0.2834032676362124,5,49.0,0.27635022145006427,13,126.0
1170.0,22,113.0,1.4487179487179487,6.100025875921781,4,14.0,0.4982848463396011,14,125.0,0.22373364263749468,4,44.0,0.2770975819290619,22,183.0
1175.0,21,140.0,1.8666666666666667,6.237811931178077,4,31.0,0.46367337601890585,12,152.0,0.23096511117030377,5,43.0,0.3813558479653268,21,226.0
1180.0,6,25.0,0.3424657534246575,6.27265953978796,0,19.0,0.6536458511150559,6,130.0,0.2236115725957505,0,28.0,0.45393522879004766,6,177.0
1185.0,13,48.0,0.6486486486486487,7.400778938839376,2,8.0,0.701778733866959,6,86.0,0.2722737928501509,5,26.0,0.4926769568726512,13,120.0
1190.0,9,25.0,0.36764705882352944,6.366595544327151,3,8.0,0.545407190015012,3,87.0,0.30061407445417637,3,32.0,0.4463472333811475,9,127.0
1195.0,10,34.0,0.5074626865671642,6.585714239541875,1,7.0,0.6347952266213323,6,119.0,0.24754984323614634,3,25.0,0.47582994802506723,10,151.0
1200.0,10,41.0,0.5857142857142857,6.554241567263605,2,11.0,0.5358859765709384,6,128.0,0.2905103070816703,2,15.0,0.4924038016129264,10,154.0
1205.0,5,26.0,0.37681159420289856,7.359903689029886,0,2.0,0.6935747890739421,4,109.0,0.37461607022261556,1,18.0,0.6226125326623423,5,129.0
1210.0,6,42.0,0.56,8.00953369254197,2,8.0,0.6021498130475118,3,85.0,0.3758812933864401,1,22.0,0.7769988378681648,6,115.0
1215.0,6,53.0,0.7361111111111112,8.113079904860607,1,12.0,0.6000585925112062,2,78.0,0.44381295328444803,3,27.0,0.7193071342821196,6,117.0
1220.0,10,82.0,1.1714285714285715,7.406974014180256,4,13.0,0.4804965386127248,4,65.0,0.4755134085305571,2,37.0,0.6494652645536939,10,115.0
1225.0,9,54.0,0.6923076923076923,7.00331067815023,2,10.0,0.4658806346540761,3,39.0,0.42652039999490204,4,47.0,0.6040038123947168,9,96.0
1230.0,17,112.0,1.3658536585365855,6.897986409267286,5,21.0,0.36898651347531364,9,65.0,0.3351684735679347,3,57.0,0.568308527553473,17,143.0
1235.0,15,47.0,0.5875,5.573494734429924,4,30.0,0.30615444489601606,10,89.0,0.1969439069313017,1,20.0,0.5255968319910382,15,139.0
1240.0,13,37.0,0.4868421052631579,6.1601868363986165,2,19.0,0.415106132803365,6,84.0,0.2325634088680573,5,12.0,0.5150471661438801,13,115.0
1245.0,6,41.0,0.5540540540540541,6.786294641661454,2,17.0,0.5785112923799515,2,56.0,0.28696988843913196,2,18.0,0.469004593132873,6,91.0
1250.0,8,72.0,0.9473684210526315,7.3868697090720445,3,28.0,0.617819781031638,3,59.0,0.40186307262239196,2,15.0,0.49251137205289974,8,102.0
1255.0,14,124.0,1.5696202531645569,7.690258620097559,5,44.0,0.6071765710452572,3,59.0,0.44152813612699565,6,29.0,0.507678316226654,14,132.0
1260.0,9,80.0,0.9411764705882353,7.54939295073767,1,18.0,0.5311267863725889,6,78.0,0.43826203916694495,2,28.0,0.525852450444682,9,124.0
1265.0,16,132.0,1.5903614457831325,7.284141491127677,6,22.0,0.3914898652582527,6,98.0,0.500948986775539,4,14.0,0.44837036598503177,16,134.0
1270.0,16,86.0,1.048780487804878,5.79394130775515,11,68.0,0.24247138854146838,1,51.0,0.3696375014189561,4,24.0,0.3684422746292618,16,143.0
1275.0,21,79.0,1.025974025974026,4.93599957547979,10,96.0,0.2023361563934074,6,26.0,0.3003480830162352,5,29.0,0.30169691516180774,21,151.0
1280.0,9,28.0,0.36363636363636365,5.725381840964643,3,71.0,0.30113235056570437,4,36.0,0.3656687104325151,2,31.0,0.34157466718563945,9,138.0
1285.0,12,40.0,0.49382716049382713,6.663608365762826,2,72.0,0.3865560258708399,4,31.0,0.437805673288317,6,55.0,0.4012818254884265,12,158.0
1290.0,22,131.0,1.617283950617284,6.694709832985404,7,96.0,0.3981156067559459,4,40.0,0.3280505586329063,11,102.0,0.342715350704268,22,238.0
1295.0,23,135.0,1.9285714285714286,4.3251001368878415,7,103.0,0.2647922522251146,5,55.0,0.2344857702378061,11,133.0,0.22158722329924002,23,291.0
1300.0,14,74.0,1.0724637681159421,4.735932274022305,6,78.0,0.2746239573832907,2,58.0,0.4714674687156188,6,108.0,0.180349946553633,14,244.0
1305.0,15,74.0,0.9736842105263158,7.146578600285861,4,57.0,0.4031512946367264,5,40.0,0.608176266224754,6,90.0,0.3110742083404387,15,187.0
1310.0,9,35.0,0.4375,8.187258797895211,2,46.0,0.42345535397577133,2,36.0,0.6590636421294126,5,84.0,0.429888822729107,9,166.0
1315.0,12,66.0,0.8148148148148148,7.745671028019709,7,59.0,0.3652193208918789,3,31.0,0.47810981902993793,2,79.0,0.5200561507558912,12,169.0
1320.0,12,79.0,1.0128205128205128,7.865253767036743,6,70.0,0.45919160497484035,3,42.0,0.5873423664275006,3,75.0,0.49412810537425744,12,187.0
1325.0,5,4.0,0.05333333333333334,6.75208215571716,2,37.0,0.4054972544511294,3,19.0,0.4189231274402147,0,43.0,0.5033147574275288,5,99.0
1330.0,14,47.0,0.618421052631579,6.3205164950759665,2,38.0,0.3390021554839981,7,31.0,0.41142213513177406,5,52.0,0.4087934216163132,14,121.0
1335.0,17,59.0,0.7662337662337663,4.721214905715964,8,63.0,0.2717475368882944,4,45.0,0.3053235632615378,5,63.0,0.14741585893004736,17,171.0
1340.0,18,109.0,1.3625,5.925440937150103,14,121.0,0.2860523288127218,2,33.0,0.41209844093185244,2,50.0,0.39106933104370056,18,204.0
1345.0,23,117.0,1.481012658227848,5.746458197915872,13,150.0,0.2816727574525776,5,39.0,0.4667233317423952,5,51.0,0.3653341945448296,23,240.0
1350.0,19,118.0,1.475,5.582889323715595,7,118.0,0.28557697746446864,6,57.0,0.48285266310117764,6,76.0,0.29536960225188,19,251.0
1355.0,21,130.0,1.5853658536585367,5.416292319088366,5,98.0,0.29500759383701597,4,60.0,0.47942356549295106,12,123.0,0.216657238008832,21,281.0
1360.0,19,124.0,1.4252873563218391,5.761709026394196,5,70.0,0.38519369203927484,3,44.0,0.41785015055401387,11,149.0,0.14925074114515466,19,263.0
1365.0,17,92.0,1.0823529411764705,6.330404998665192,1,41.0,0.4881546366018967,7,44.0,0.40432102390704405,9,134.0,0.2049156116474654,17,219.0
1370.0,19,90.0,1.0588235294117647,5.812317439199305,7,44.0,0.30375412567573823,4,47.0,0.35902900790492553,8,148.0,0.26852999552680834,19,239.0
1375.0,23,87.0,1.0116279069767442,4.782788566825284,7,60.0,0.21704605948953448,7,38.0,0.2554065123339889,9,194.0,0.26279071101966844,23,292.0
1380.0,23,105.0,1.2804878048780488,5.16977356526848,4,48.0,0.4260053304961751,10,67.0,0.3387356265857352,9,202.0,0.2506754271297719,23,317.0
1385.0,14,73.0,0.8202247191011236,6.007121973500812,2,31.0,0.6269307984802153,8,86.0,0.3303335112807262,4,171.0,0.25905827343488247,14,288.0
1390.0,13,48.0,0.5161290322580645,6.844510591656434,3,20.0,0.48014800792086987,7,91.0,0.43606546987276934,3,112.0,0.29532665952110426,13,223.0
1395.0,16,79.0,0.8404255319148937,6.473661460510985,8,51.0,0.34441074312502135,6,99.0,0.3676523502092742,2,114.0,0.3417056206295128,16,264.0
1400.0,26,134.0,1.5227272727272727,5.033903922877774,8,71.0,0.2769117501401247,10,106.0,0.19958126190496372,8,135.0,0.24139427971660363,26,312.0
1405.0,25,177.0,2.2125,4.213558318996866,4,60.0,0.23685636869493282,14,155.0,0.23615109188133612,7,140.0,0.18541136101508865,25,355.0
1410.0,20,127.0,1.5119047619047619,4.509699860438404,4,65.0,0.23306596298562757,9,177.0,0.2713441997725242,7,107.0,0.2332527064622647,20,349.0
1415.0,20,70.0,0.7954545454545454,5.758582020552893,11,88.0,0.328333227511979,5,145.0,0.3022101265057577,4,97.0,0.37139344612787245,20,330.0
1420.0,23,145.0,1.6111111111111112,6.3878842852995845,14,145.0,0.38558788976831243,3,82.0,0.4238030201017075,6,118.0,0.3184652038702613,23,345.0
1425.0,24,137.0,1.5747126436781609,5.246776898134043,13,165.0,0.27444693436469886,3,53.0,0.5154937132588983,8,117.0,0.27315658494387307,24,335.0
1430.0,16,52.0,0.5909090909090909,4.968811626407571,11,125.0,0.24205965696557705,1,29.0,0.5949463021593588,4,65.0,0.25802314864274484,16,219.0
1435.0,12,35.0,0.3684210526315789,5.756133932865087,3,141.0,0.25542808324011373,5,26.0,0.5766027521842676,4,38.0,0.29189353426727616,12,205.0
1440.0,13,36.0,0.35294117647058826,5.656990887997769,7,146.0,0.22090717359407122,2,27.0,0.5149571580356886,4,45.0,0.2878074025540678,13,218.0
1445.0,17,64.0,0.6530612244897959,5.394033126528472,9,144.0,0.19841371550948675,1,13.0,0.465499429013878,7,64.0,0.32413708867915203,17,221.0
1450.0,22,125.0,1.4204545454545454,4.933729316635122,6,120.0,0.20450286150937413,2,17.0,0.5243290040636965,14,120.0,0.18429581181362864,22,257.0
1455.0,26,132.0,1.4666666666666666,4.691976965585902,7,94.0,0.28245683972706587,2,15.0,0.4480161699188834,17,164.0,0.13506934588818273,26,273.0
1460.0,23,151.0,1.641304347826087,5.699770581246156,8,91.0,0.2639057398161191,4,25.0,0.5655400409104911,11,170.0,0.21820671615264178,23,286.0
1465.0,12,67.0,0.7127659574468085,6.044895337139486,4,92.0,0.3319030085745714,2,25.0,0.4908574020404284,6,147.0,0.29272756869507366,12,264.0
1470.0,14,39.0,0.41935483870967744,5.899994515659993,6,88.0,0.2613113810126014,4,16.0,0.40084835326026036,4,128.0,0.38182366213326757,14,232.0
1475.0,24,133.0,1.4615384615384615,5.620622710678467,13,114.0,0.2603377767104905,4,34.0,0.42484051141003737,7,147.0,0.34273289518613714,24,295.0
1480.0,29,155.0,1.6666666666666667,4.232317806792916,16,145.0,0.1545488914612265,4,54.0,0.3894743540025136,9,153.0,0.24510009711907793,29,352.0
1485.0,28,155.0,1.7032967032967032,4.622680301095727,14,162.0,0.2746569640601601,4,78.0,0.5276041886203395,10,115.0,0.20493131296857042,28,355.0
1490.0,10,54.0,0.5510204081632653,4.982393399099529,7,142.0,0.21665148859893082,1,50.0,0.5870208340826448,2,134.0,0.2112076245333355,10,326.0
1495.0,11,31.0,0.2980769230769231,5.770499204174127,2,134.0,0.2997626206940478,1,5.0,0.6999945430577904,8,144.0,0.18629862030904706,11,283.0
1500.0,23,68.0,0.6666666666666666,5.0383019821054225,9,138.0,0.25603717895457423,1,2.0,0.5329543037085703,13,152.0,0.1387507648522538,23,292.0
1505.0,27,88.0,0.9166666666666666,3.9466043627036878,8,145.0,0.23830311915172325,5,17.0,0.32594448954198174,14,130.0,0.17305338228871806,27,292.0
1510.0,17,46.0,0.4791666666666667,4.350179539802714,7,123.0,0.27016370037442183,3,26.0,0.4841695054242791,7,151.0,0.19030039825578288,17,300.0
1515.0,18,71.0,0.6698113207547169,5.6269509197077365,6,81.0,0.27854853131951274,2,21.0,0.730711918048184,10,161.0,0.16372277552788606,18,263.0
1520.0,23,112.0,1.0566037735849056,5.037745886665048,6,78.0,0.2885532501560233,3,29.0,0.42234070466914436,14,215.0,0.1633912887851677,23,322.0
1525.0,24,111.0,1.088235294117647,3.9342284739728597,8,84.0,0.22647394647461905,1,24.0,0.2851497716376295,15,242.0,0.16079199717905662,24,350.0
1530.0,25,95.0,0.9405940594059405,3.9910347872921537,10,109.0,0.23413167221214468,0,4.0,0.5267560400760511,15,233.0,0.17188949934902978,25,346.0
1535.0,28,118.0,1.102803738317757,4.511201418770955,9,113.0,0.22643325086954477,0,5.0,0.6503743467332649,19,213.0,0.1568079186363743,28,331.0
1540.0,26,119.0,1.072072072072072,5.1325018415541095,10,108.0,0.25998759980109937,4,18.0,0.5747177540264082,12,261.0,0.16795587192544922,26,387.0
1545.0,15,65.0,0.5909090909090909,4.996205289277815,3,105.0,0.25559273749379613,3,27.0,0.49921512936804674,9,281.0,0.1866814170040684,15,413.0
1550.0,16,54.0,0.4909090909090909,4.823404255993667,8,99.0,0.28741116743821427,1,20.0,0.3919162595186118,7,281.0,0.18077586813414823,16,400.0
1555.0,18,61.0,0.5865384615384616,4.665270146151351,8,103.0,0.32244517682468765,2,13.0,0.547059429279604,8,251.0,0.1954539571940299,18,367.0
1560.0,16,66.0,0.6285714285714286,4.930602748124066,7,89.0,0.26639941673455364,2,8.0,0.5833461904503944,7,221.0,0.20863046993197776,16,318.0
1565.0,17,56.0,0.47863247863247865,4.752438918335966,5,87.0,0.2234398270001074,5,20.0,0.5531593286779972,7,213.0,0.1979264538591501,17,320.0
1570.0,19,73.0,0.6239316239316239,4.722839037065852,7,93.0,0.21396392911789158,3,27.0,0.33065264995123766,9,220.0,0.22279258129990093,19,340.0
1575.0,27,137.0,1.2232142857142858,4.096681744360758,14,139.0,0.19860941988903993,3,27.0,0.3169435642670559,10,232.0,0.1938189887122624,27,398.0
1580.0,32,134.0,1.1964285714285714,3.4259580655749664,16,177.0,0.16332604903910478,5,38.0,0.35554173598725963,11,216.0,0.1855974217819218,32,431.0
1585.0,31,129.0,1.1120689655172413,3.7606971571097096,15,185.0,0.14715126856695207,7,48.0,0.4558575624444406,9,242.0,0.14523922341306786,31,475.0
1590.0,23,97.0,0.8151260504201681,4.094831260071078,10,218.0,0.15661605217627153,3,52.0,0.3990358614224668,10,239.0,0.15484848381451774,23,509.0
1595.0,27,104.0,0.896551724137931,4.113065910428666,14,248.0,0.19271355387417985,3,36.0,0.39529780930982716,10,244.0,0.18055893897315517,27,528.0
1600.0,29,93.0,0.8157894736842105,3.2849585452191374,11,270.0,0.16563836076398292,4,49.0,0.2963614947756952,14,216.0,0.12462595561228981,29,535.0
1605.0,29,105.0,0.9210526315789473,3.4874781272212494,14,256.0,0.13278389757071746,8,70.0,0.387245417301893,7,234.0,0.1330336456120289,29,560.0
1610.0,30,94.0,0.7899159663865546,3.577674821173931,11,291.0,0.1866058116322125,7,80.0,0.27286466008619703,12,260.0,0.14283744865036843,30,631.0
1615.0,27,102.0,0.85,3.752098522422032,10,304.0,0.2225219782828072,8,67.0,0.18919348821065324,9,257.0,0.15686818666841956,27,628.0
1620.0,26,138.0,1.15,3.9044900560882025,15,354.0,0.16982410877501142,5,79.0,0.29077521224769654,6,206.0,0.14824649448026178,26,639.0
1625.0,31,155.0,1.3247863247863247,3.5051861914239253,20,384.0,0.08765387612399528,8,95.0,0.2773103782110868,3,196.0,0.16865196913936445,31,675.0
1630.0,34,149.0,1.3070175438596492,3.5699003751565406,18,330.0,0.101338337687975,8,109.0,0.2825438950637926,8,222.0,0.17335955513902562,34,661.0
1635.0,22,86.0,0.7818181818181819,3.732483361902281,8,374.0,0.20650580793776394,5,92.0,0.2992479715071833,9,220.0,0.19189431370363236,22,686.0
1640.0,30,97.0,0.8584070796460177,3.704348672804247,16,410.0,0.1756892992728577,6,103.0,0.2875452738478428,8,177.0,0.18091672217823637,30,690.0
1645.0,31,105.0,0.9292035398230089,3.7863390337273146,15,419.0,0.13592603899685712,9,114.0,0.31211005020527505,7,185.0,0.198580653212478,31,718.0
1650.0,30,101.0,0.8859649122807017,4.074870786920611,11,333.0,0.19082830085265956,9,132.0,0.31086122782503495,10,213.0,0.15175085535656208,30,678.0
1655.0,21,61.0,0.5398230088495575,3.7632968010570327,6,359.0,0.2426799489657227,6,102.0,0.2990208635967214,9,205.0,0.14759719463499235,21,666.0
1660.0,25,76.0,0.6608695652173913,3.633183737212039,11,395.0,0.18941829798795143,7,103.0,0.24015900980692467,7,157.0,0.16770131328715965,25,655.0
1665.0,19,78.0,0.6666666666666666,3.9308277840573527,8,378.0,0.14470949550553308,7,104.0,0.28530580940406625,4,175.0,0.1669308084030798,19,657.0
1670.0,27,89.0,0.7739130434782608,3.6112226201138355,9,280.0,0.12761343449471108,8,108.0,0.27922131414298285,10,201.0,0.1750892446355854,27,589.0
1675.0,25,136.0,1.1428571428571428,3.790512895013834,5,302.0,0.23696710299468177,6,85.0,0.26559806727709245,14,266.0,0.19013630968723286,25,653.0
1680.0,32,135.0,1.08,3.6995499592456973,10,319.0,0.2229450388525963,5,70.0,0.2459475004721171,17,285.0,0.18649188874271125,32,674.0
1685.0,40,197.0,1.5511811023622046,3.959979614783847,16,382.0,0.16385102045951305,7,77.0,0.3639327300037058,17,269.0,0.11571735185079633,40,728.0
1690.0,43,299.0,2.373015873015873,3.76822932057004,21,474.0,0.11788087863763999,10,117.0,0.32476941587272035,12,309.0,0.11497842272992685,43,900.0
1695.0,41,279.0,2.25,3.645334362811469,22,502.0,0.11945924092233344,6,121.0,0.29954264391022184,13,335.0,0.14631418180138828,41,958.0
1700.0,37,203.0,1.677685950413223,3.422708100002089,20,466.0,0.16183624727333812,5,69.0,0.33537585281801624,12,348.0,0.17246894813276128,37,883.0
1705.0,35,184.0,1.4603174603174602,4.124901943912305,20,401.0,0.16406392307441814,2,76.0,0.43889702904228367,13,316.0,0.1774618069768205,35,793.0
1710.0,33,173.0,1.3307692307692307,4.600882872554296,20,388.0,0.20185241171258506,7,87.0,0.388142178796337,6,315.0,0.17702777142067183,33,790.0
1715.0,30,117.0,0.9069767441860465,4.2369098707344115,13,408.0,0.22385125692047164,8,97.0,0.22132814627997033,9,317.0,0.19694169960940616,30,822.0
1720.0,28,107.0,0.856,4.043524067454881,8,414.0,0.30302282405088665,9,85.0,0.18721366390204128,11,305.0,0.160240081878085,28,804.0
1725.0,32,132.0,1.0731707317073171,4.113274852953222,14,439.0,0.2667277095321314,8,99.0,0.24018921223693354,10,262.0,0.1613355700936714,32,800.0
1730.0,28,118.0,0.9516129032258065,3.6674763324638753,16,452.0,0.17125193323838067,7,112.0,0.27322815058754235,5,287.0,0.17432451296064527,28,851.0
1735.0,28,118.0,0.959349593495935,3.590559057676423,14,407.0,0.14905009795115945,6,118.0,0.27525608891628983,8,292.0,0.13094900718651253,28,817.0
1740.0,31,95.0,0.7723577235772358,2.8583925362509213,11,429.0,0.2013213348654057,8,113.0,0.17841585122445852,12,286.0,0.09374918289376066,31,828.0
1745.0,32,154.0,1.2622950819672132,3.913874579560497,10,456.0,0.22289362823967115,12,131.0,0.20620047599853555,10,248.0,0.163098019598225,32,835.0
1750.0,27,163.0,1.314516129032258,3.3451599897317834,11,444.0,0.13217363864523068,10,169.0,0.2698280338441903,6,272.0,0.1802231621905546,27,885.0
1755.0,31,143.0,1.1721311475409837,3.540417448098336,14,379.0,0.13578969735581087,5,165.0,0.3408436407348818,12,285.0,0.16583191017125787,31,829.0
1760.0,30,89.0,0.7063492063492064,3.605615795289652,11,391.0,0.15471939899476558,5,93.0,0.29598717829174614,14,285.0,0.11903772776813189,30,769.0
1765.0,26,91.0,0.7398373983739838,3.6809580069899157,11,406.0,0.15209221998566325,5,109.0,0.28332191683120167,10,239.0,0.14199085172926726,26,754.0
1770.0,32,131.0,1.048,3.7884616306206755,16,465.0,0.1672087482544531,7,116.0,0.24511768231759226,9,269.0,0.2198017981057777,32,850.0
1775.0,33,185.0,1.5040650406504066,3.7297695642674813,16,467.0,0.14020419088569333,7,124.0,0.24870789199275917,10,295.0,0.22883182668301735,33,886.0
1780.0,30,118.0,0.9752066115702479,3.141505680340067,15,413.0,0.15016723210993113,5,106.0,0.3465079315651396,10,283.0,0.1454350348963243,30,802.0
1785.0,28,97.0,0.782258064516129,3.498509419879893,11,423.0,0.1464385798566732,6,76.0,0.39053966064987716,11,223.0,0.13860390693012492,28,722.0
1790.0,27,84.0,0.6461538461538462,3.9892434577637212,13,452.0,0.17136278495237103,7,88.0,0.32697887530248565,7,257.0,0.15637480467083875,27,797.0
1795.0,29,102.0,0.8031496062992126,3.7356517443778694,12,444.0,0.15061914008363955,9,95.0,0.22640322590818995,8,276.0,0.1808405178950152,29,815.0
1800.0,29,132.0,1.0819672131147542,3.6060757670721766,11,374.0,0.18051420270192303,10,120.0,0.2986535468937897,8,263.0,0.1418391158092909,29,757.0
1805.0,25,88.0,0.704,3.612934142657094,9,379.0,0.15878796511699123,5,113.0,0.433511701599498,11,213.0,0.15636603351435446,25,705.0
1810.0,18,58.0,0.4393939393939394,4.0746441686859205,9,389.0,0.16782808830093315,3,78.0,0.40924421455370386,6,206.0,0.18452759167014457,18,673.0
1815.0,31,140.0,1.0769230769230769,3.946513195987752,15,436.0,0.14445172056549443,6,75.0,0.3142565440260606,10,222.0,0.14646480382129048,31,733.0
1820.0,37,163.0,1.2936507936507937,2.968331120495361,17,435.0,0.14805657411753012,8,89.0,0.1986779831536633,12,221.0,0.14531256337514284,37,745.0
1825.0,33,140.0,1.1382113821138211,3.275487544105395,18,373.0,0.13176711171016187,4,83.0,0.32923096205922575,11,191.0,0.1708357386601057,33,647.0
1830.0,28,86.0,0.6615384615384615,3.5332812725687934,14,401.0,0.11653659804623154,7,66.0,0.39792450784877703,7,215.0,0.15116129582094404,28,682.0
1835.0,27,103.0,0.7803030303030303,3.887243215092525,12,444.0,0.15744517294798574,2,70.0,0.30954342291087505,13,237.0,0.13947743572433852,27,751.0
1840.0,32,114.0,0.9047619047619048,2.8777051115777583,15,446.0,0.1393790667512925,5,75.0,0.20652512739828732,12,254.0,0.11655528940396855,32,775.0
1845.0,32,111.0,0.9173553719008265,2.959347933534351,13,394.0,0.14424421969053658,9,99.0,0.27784206472213696,10,227.0,0.13254261974940532,32,720.0
1850.0,23,83.0,0.6535433070866141,3.5071076052300105,7,421.0,0.12717362719543904,8,109.0,0.3217930452403119,8,256.0,0.16551010603097957,23,786.0
1855.0,25,107.0,0.8106060606060606,3.81745767044667,9,428.0,0.15640298052782586,6,113.0,0.2720264477730384,10,291.0,0.15240530116221274,25,832.0
1860.0,30,109.0,0.872,2.9356260528824922,12,420.0,0.15743437174732244,8,116.0,0.133829925162623,10,296.0,0.12548241915042366,30,832.0
1865.0,29,104.0,0.8739495798319328,3.01515750426748,12,341.0,0.1528238233222072,7,133.0,0.3385982457002919,10,254.0,0.1272558711268337,29,728.0
1870.0,21,67.0,0.5234375,3.5318109909826587,7,331.0,0.16651751269049975,6,125.0,0.36028181403921505,8,271.0,0.1540928865457877,21,727.0
1875.0,23,87.0,0.6692307692307692,3.9843750162903846,8,331.0,0.14747470501010715,5,137.0,0.3614135381580003,10,292.0,0.1661396279218082,23,760.0
1880.0,28,93.0,0.75,3.122696383783501,9,319.0,0.1781390617209753,9,138.0,0.14703193465610565,10,286.0,0.15841605476948348,28,743.0
1885.0,26,92.0,0.7479674796747967,3.1969304278411874,10,269.0,0.1612371953709735,3,127.0,0.4180865368224224,13,246.0,0.12440400498901587,26,642.0
1890.0,14,38.0,0.2900763358778626,3.925676211253065,5,243.0,0.16730191193717478,3,99.0,0.4500790646913567,6,274.0,0.16079930397473707,14,616.0
1895.0,26,86.0,0.6187050359712231,4.238688031904639,9,238.0,0.15545454573682643,5,89.0,0.2918702996758286,12,300.0,0.1773500398789254,26,627.0
1900.0,36,203.0,1.5378787878787878,3.9356945204249496,13,273.0,0.19047867556160955,7,83.0,0.1716841800857633,16,370.0,0.1593254696157652,36,726.0
1905.0,42,249.0,1.992,2.828243988296292,15,289.0,0.13118211832885937,8,89.0,0.2378670950091106,19,393.0,0.10943874741024756,42,771.0
1910.0,38,192.0,1.5609756097560976,2.8173701920639376,16,265.0,0.1130302185746006,6,91.0,0.36749550719239094,16,361.0,0.1171303028236737,38,717.0
1915.0,38,133.0,1.0,3.2252703609319058,15,312.0,0.13160217901279953,8,80.0,0.35018032654110237,15,401.0,0.10059703414895961,38,793.0
1920.0,44,190.0,1.3669064748201438,3.8812111396344835,17,368.0,0.1345142557770339,5,79.0,0.35517415196143476,22,477.0,0.12073328883219554,44,924.0
1925.0,48,310.0,2.3846153846153846,3.834093329319986,17,434.0,0.11770364176289143,9,100.0,0.28109152266184845,22,579.0,0.14472686026892126,48,1113.0
1930.0,48,345.0,2.899159663865546,2.6869625783390205,17,461.0,0.11085382545160978,9,112.0,0.10675635724891747,22,686.0,0.10607049472349596,48,1259.0
1935.0,46,289.0,2.4491525423728815,2.7307916638689522,16,423.0,0.16511922346300062,6,100.0,0.3000546456057147,24,715.0,0.08562010816304809,46,1238.0
1940.0,34,202.0,1.6974789915966386,3.3068074586131857,11,456.0,0.16619843793757172,3,70.0,0.4564887333526221,20,658.0,0.10424819700357202,34,1184.0
1945.0,34,184.0,1.4603174603174602,4.28684659478278,12,497.0,0.1467781363717451,2,61.0,0.4665093284325577,20,560.0,0.1301221342860723,34,1118.0
1950.0,42,224.0,1.8666666666666667,4.3195588884275065,19,561.0,0.13824164701712516,5,60.0,0.4030111360512949,18,539.0,0.18085411297115747,42,1160.0
1955.0,33,162.0,1.4086956521739131,3.4957050767752196,17,576.0,0.1285404113196121,7,74.0,0.36460427354232794,9,541.0,0.22889701633304696,33,1191.0
1960.0,30,141.0,1.205128205128205,3.9999981365624486,16,527.0,0.14542128610704524,6,86.0,0.34856246482886216,8,568.0,0.2558431001694044,30,1181.0
1965.0,29,146.0,1.226890756302521,4.174296742933173,14,439.0,0.16315929133092028,6,75.0,0.36190415701149903,9,546.0,0.2065387749794414,29,1060.0
1970.0,32,156.0,1.3109243697478992,4.484768263096589,11,468.0,0.17706297123378373,10,99.0,0.381768120475082,11,480.0,0.1990180896904272,32,1047.0
1975.0,32,193.0,1.6637931034482758,4.11542364919128,12,477.0,0.14500683622726568,15,160.0,0.23874502133226363,5,468.0,0.19089395754252217,32,1105.0
1980.0,36,229.0,1.991304347826087,4.020646948928798,17,523.0,0.14141163430092746,10,174.0,0.08656668360041123,9,485.0,0.2030815933582225,36,1182.0
1985.0,33,194.0,1.8130841121495327,4.015031891640089,13,526.0,0.20775617129867474,5,136.0,0.23333963933380789,15,545.0,0.22266374925860524,33,1207.0
1990.0,25,130.0,1.2380952380952381,4.3107089955349815,8,440.0,0.267784843366404,1,62.0,0.526272743885869,16,540.0,0.17042795765130914,25,1042.0
1995.0,27,107.0,0.9469026548672567,4.669169463970019,8,337.0,0.27214349062488563,3,61.0,0.551037144690447,16,466.0,0.16771360681608113,27,864.0
2000.0,32,105.0,0.875,4.325319284237013,10,362.0,0.23039942220979634,8,86.0,0.40147356933008516,14,494.0,0.13980305536788679,32,942.0
2005.0,30,121.0,1.0,4.0524414643165265,10,388.0,0.16179703958862046,6,88.0,0.27245798963415724,14,555.0,0.14474625534232663,30,1031.0
2010.0,30,154.0,1.3628318584070795,3.96009941192444,14,451.0,0.215500647605171,2,53.0,0.2442710784666767,14,549.0,0.17004648907763092,30,1053.0
2015.0,29,140.0,1.2844036697247707,4.1517578116174825,13,449.0,0.20972451004443504,5,31.0,0.4097562557279623,11,458.0,0.1951355115296342,29,938.0
2020.0,19,53.0,0.4774774774774775,3.931653295503812,11,374.0,0.15046739976868997,3,36.0,0.43040896411889096,5,401.0,0.1991559242557704,19,811.0
2025.0,25,105.0,0.8974358974358975,4.6841718521348055,10,313.0,0.17456889967682568,8,43.0,0.4289138436036852,7,424.0,0.16806744118029165,25,780.0
2030.0,22,115.0,0.9913793103448276,4.492657660171535,9,271.0,0.22295199861514148,5,53.0,0.33844939137269375,8,391.0,0.14643130690241246,22,715.0
2035.0,16,74.0,0.6851851851851852,4.387198496458344,8,287.0,0.21512241609879923,2,33.0,0.3221828863280293,6,291.0,0.221263222501456,16,611.0
2040.0,21,67.0,0.6036036036036037,4.420155756228523,12,307.0,0.2568285866370343,4,32.0,0.3680825176231969,5,275.0,0.1633848419123542,21,614.0
2045.0,26,111.0,1.0277777777777777,4.233311467992903,10,299.0,0.19912909759190217,7,51.0,0.2945862214237367,9,302.0,0.12929581413118854,26,652.0
2050.0,23,92.0,0.9019607843137255,3.9425281942518104,7,245.0,0.18948378587360548,7,65.0,0.29302805383342484,9,294.0,0.12511540246631617,23,604.0
2055.0,21,67.0,0.6568627450980392,4.028545860250931,10,265.0,0.22294559506106312,5,56.0,0.4008853606301288,6,206.0,0.17387241645651275,21,527.0
2060.0,22,109.0,1.028301886792453,5.009819926915175,11,284.0,0.26085484487436333,6,54.0,0.488737955177287,5,205.0,0.21924539426471212,22,543.0
2065.0,25,147.0,1.4,3.8800369472521865,15,346.0,0.17983567276038342,2,51.0,0.3785708025926682,8,235.0,0.13399541462328854,25,632.0
2070.0,24,136.0,1.3203883495145632,3.250693823457075,15,357.0,0.12300167527349846,3,27.0,0.30240005528395036,6,227.0,0.11841380385077686,24,611.0
2075.0,21,83.0,0.8137254901960784,4.06493269338705,12,310.0,0.15920755820304822,5,43.0,0.29014094809005503,4,149.0,0.17917782978164914,21,502.0
2080.0,16,85.0,0.8333333333333334,4.8909214649650705,9,339.0,0.18928894508984923,5,50.0,0.42604731852921995,2,95.0,0.2793617677267392,16,484.0
2085.0,18,58.0,0.5420560747663551,4.863840487888718,13,382.0,0.21836235343599492,2,41.0,0.5533218484405356,3,87.0,0.23153485428395543,18,510.0
2090.0,25,87.0,0.8365384615384616,4.326117633882869,15,391.0,0.11851873896707468,2,18.0,0.361789817435365,8,113.0,0.21760945484209027,25,522.0
2095.0,22,87.0,0.90625,3.592830860349757,11,354.0,0.11863889037382158,2,24.0,0.36251091206545566,9,128.0,0.18343336555217377,22,506.0
2100.0,17,95.0,0.979381443298969,4.777345634310583,8,287.0,0.24441843166291385,2,22.0,0.5859356675477929,7,117.0,0.19233306983226178,17,426.0
2105.0,16,77.0,0.7264150943396226,5.7077759844896105,5,292.0,0.2942452208916775,3,27.0,0.67915415509469,8,94.0,0.25565371079959837,16,413.0
2110.0,12,34.0,0.3090909090909091,5.311916528060906,8,283.0,0.27862525861980114,2,7.0,0.5021137779313595,2,90.0,0.2530159649022745,12,380.0
2115.0,22,76.0,0.7037037037037037,4.776354146981879,9,272.0,0.23725537687831888,6,28.0,0.2439944447414174,7,91.0,0.20855596041263116,22,391.0
2120.0,24,77.0,0.7623762376237624,4.009147710727825,7,222.0,0.21391732408110115,6,53.0,0.2228662973057746,11,112.0,0.14496726347744088,24,387.0
2125.0,17,47.0,0.4519230769230769,5.039801658678149,5,199.0,0.2724583764630459,4,40.0,0.508533061320672,8,110.0,0.2687622959323591,17,349.0
2130.0,19,93.0,0.8230088495575221,6.2257724072829035,9,213.0,0.279154280769894,3,25.0,0.6401020355117975,7,99.0,0.32526932790743274,19,337.0
2135.0,17,70.0,0.6363636363636364,4.845406675237188,10,205.0,0.21920645121320337,4,38.0,0.4340761590510088,3,94.0,0.2846845454967709,17,337.0
2140.0,23,68.0,0.6355140186915887,4.25539365472403,10,176.0,0.18338223462477113,1,32.0,0.5029209881100493,12,104.0,0.22909638447726483,23,312.0
2145.0,25,117.0,1.054054054054054,4.506344961197273,9,155.0,0.205245413709376,3,12.0,0.5710785406604877,13,129.0,0.15250581329856383,25,296.0
2150.0,27,180.0,1.651376146788991,5.0449484846491295,11,173.0,0.23999227539869247,4,26.0,0.6283999640782444,12,131.0,0.14824055628059457,27,330.0
2155.0,24,169.0,1.4955752212389382,5.292697110534845,8,178.0,0.25135949033439065,5,46.0,0.5627827916085775,11,138.0,0.20849353439310578,24,362.0
2160.0,16,62.0,0.5391304347826087,4.938816024116228,8,151.0,0.22078634855525148,2,45.0,0.4118050091070709,6,144.0,0.20370874094729127,16,340.0
2165.0,21,56.0,0.5,4.692176300335207,9,156.0,0.2598774232750826,3,20.0,0.31273239784036894,9,154.0,0.20320828563803425,21,330.0
2170.0,22,85.0,0.794392523364486,4.9584335397453625,8,134.0,0.2749255121487257,5,26.0,0.39757009620017786,9,170.0,0.2624825124860274,22,330.0
2175.0,20,53.0,0.4818181818181818,4.705241591647198,6,133.0,0.2349571256358939,4,29.0,0.40494718168280674,10,161.0,0.2630774094127011,20,323.0
2180.0,25,74.0,0.6271186440677966,4.5253263517653854,9,108.0,0.18739306268437533,8,34.0,0.379697205047233,8,171.0,0.17619372948109235,25,313.0
2185.0,28,96.0,0.8275862068965517,3.917677264784107,12,135.0,0.1380323687104963,5,51.0,0.31939875555248504,11,170.0,0.16567750818485585,28,356.0
2190.0,26,102.0,0.9107142857142857,4.0246498460431885,11,141.0,0.23229174618228846,5,47.0,0.39476038639909206,10,182.0,0.1657433268742207,26,370.0
2195.0,21,60.0,0.5263157894736842,3.7925222089223194,4,125.0,0.24906548399599243,5,45.0,0.3821872885784443,12,167.0,0.14942966596408658,21,337.0
2200.0,26,85.0,0.7024793388429752,4.353646167586198,7,97.0,0.21777588544348941,8,64.0,0.42404344903291225,11,196.0,0.14345568296963074,26,357.0
2205.0,36,206.0,1.73109243697479,4.366961888873668,14,138.0,0.1516093496302284,10,110.0,0.23905360310289514,12,212.0,0.14351801958556323,36,460.0
2210.0,37,185.0,1.6666666666666667,2.8286511528248717,16,176.0,0.12684688753913778,10,130.0,0.09423775679695373,11,220.0,0.08960061716851972,37,526.0
2215.0,29,120.0,1.1538461538461537,3.6583868994044555,13,179.0,0.1717832319777549,3,104.0,0.39634398340627985,13,196.0,0.17397168938357774,29,479.0
2220.0,22,106.0,0.9906542056074766,4.3425665885783555,9,194.0,0.18427297747648433,4,90.0,0.461657145804958,9,182.0,0.197939661750835,22,466.0
2225.0,27,93.0,0.8303571428571429,4.324705001073425,13,236.0,0.15458183351460306,7,104.0,0.334102084145194,7,187.0,0.19104835906224027,27,527.0
2230.0,36,177.0,1.6090909090909091,3.77846848746769,19,311.0,0.11707266645441378,8,106.0,0.1517430094254562,9,174.0,0.16553208175832224,36,591.0
2235.0,32,215.0,2.087378640776699,4.102266335554697,15,344.0,0.1849800274770506,3,77.0,0.2832707478352915,14,235.0,0.1880951682006783,32,656.0
2240.0,29,162.0,1.6363636363636365,4.195232236353884,10,302.0,0.23323105590519708,4,51.0,0.47488497503408394,15,264.0,0.2068022863561772,29,617.0
2245.0,25,109.0,1.058252427184466,4.799278938572438,11,231.0,0.20482466765180443,2,40.0,0.5836557241721632,12,243.0,0.21594413395321252,25,514.0
2250.0,18,66.0,0.5945945945945946,4.993756360376461,5,237.0,0.19235805716003357,3,31.0,0.6530852604384854,10,242.0,0.18309657182290742,18,510.0
2255.0,22,72.0,0.6428571428571429,4.974578035349514,8,235.0,0.1679869510276976,2,22.0,0.4236713120533051,12,291.0,0.21585174004358326,22,548.0
2260.0,28,96.0,0.897196261682243,4.263200929605843,9,239.0,0.25641484970773876,4,19.0,0.28387325642818934,15,317.0,0.19673235869043326,28,575.0
2265.0,20,64.0,0.6274509803921569,4.532827002373041,8,202.0,0.30112482425186415,2,22.0,0.39975309838956513,10,278.0,0.19767382563859764,20,502.0
2270.0,18,58.0,0.5471698113207547,5.231523263920424,7,168.0,0.26548876022294327,5,19.0,0.5544617009971744,6,274.0,0.15415738351815272,18,461.0
2275.0,18,87.0,0.8055555555555556,5.577768109148424,7,163.0,0.2451931935514036,2,22.0,0.5286756261470957,9,273.0,0.18321919344954582,18,458.0
2280.0,17,48.0,0.4485981308411215,4.679731032929969,4,137.0,0.30828518038582065,5,24.0,0.3415447316586882,8,270.0,0.1645302528383315,17,431.0
2285.0,19,88.0,0.8380952380952381,5.235860083399006,5,114.0,0.35075988231416605,5,43.0,0.427654531230075,9,232.0,0.215992056828895,19,389.0
2290.0,14,83.0,0.7757009345794392,4.8476325000115645,4,99.0,0.29760629990144066,7,73.0,0.3763232707201679,3,220.0,0.22942202771898382,14,392.0
2295.0,21,88.0,0.8301886792452831,4.245028956227699,8,90.0,0.19309241196039784,4,71.0,0.37151320391416054,9,224.0,0.18962451152186424,21,385.0
2300.0,24,109.0,0.9819819819819819,4.452682015914268,8,93.0,0.1872099764153835,4,48.0,0.38753286187405755,12,227.0,0.15054643794472838,24,368.0
2305.0,21,86.0,0.8037383177570093,4.24934971767283,4,96.0,0.17091125748500857,3,60.0,0.4611360226732722,14,183.0,0.12045596800663465,21,339.0
2310.0,19,65.0,0.6074766355140186,4.558271713115555,4,83.0,0.30543408769427305,5,63.0,0.3404840839800782,10,224.0,0.193286413936759,19,370.0
2315.0,19,87.0,0.8285714285714286,4.675139434719441,7,88.0,0.30891818342055577,3,58.0,0.39859695535409195,9,232.0,0.16383350064472482,19,378.0
2320.0,25,95.0,0.9047619047619048,3.498833077644819,8,91.0,0.21331364793157376,5,40.0,0.23127801495302863,12,249.0,0.11584823753178741,25,380.0
2325.0,27,100.0,0.9345794392523364,4.130445866551961,9,98.0,0.20447079077143623,6,59.0,0.32156400955340014,12,228.0,0.15580311050348492,27,385.0
2330.0,23,97.0,0.8981481481481481,4.435205542306421,10,103.0,0.23625486159101913,5,60.0,0.4580325712351624,8,248.0,0.1796374448462505,23,411.0
2335.0,21,101.0,0.9099099099099099,4.62773480711413,6,115.0,0.27506040441746227,7,79.0,0.44337566688933117,8,244.0,0.16635235166953138,21,438.0
2340.0,24,134.0,1.2407407407407407,4.2041648793779105,4,109.0,0.2992395528888256,4,72.0,0.18974311657925316,16,287.0,0.11410632166611429,24,468.0
2345.0,25,120.0,1.2,3.1263145418509386,4,115.0,0.16952994483653988,6,54.0,0.126003571318592,15,304.0,0.12009984097314297,25,473.0
2350.0,26,101.0,1.01,3.6549388732156354,8,115.0,0.1920734022813304,5,73.0,0.34475037916932144,13,275.0,0.13532900068448006,26,463.0
2355.0,23,86.0,0.8269230769230769,4.49741336725988,3,112.0,0.29180585882467114,4,66.0,0.5571809508135657,16,344.0,0.14791895362106436,23,522.0
2360.0,26,124.0,1.1272727272727272,4.62546637170602,4,105.0,0.25895995306875513,5,74.0,0.38880327381410007,17,409.0,0.13987052532086802,26,588.0
2365.0,26,90.0,0.8653846153846154,3.342537940818946,4,107.0,0.25686812595958036,4,65.0,0.1638320073850458,18,429.0,0.09892136277177502,26,601.0
2370.0,27,87.0,0.8613861386138614,3.6482836189016417,6,103.0,0.174176243802792,6,40.0,0.4439934910119052,15,399.0,0.1191037958277438,27,542.0
2375.0,26,132.0,1.2452830188679245,4.214566697512873,7,93.0,0.1928399437509307,5,51.0,0.5825429527693788,14,449.0,0.1181541736300651,26,593.0
2380.0,18,66.0,0.6055045871559633,4.237884118563806,4,84.0,0.23425655987378846,1,42.0,0.505341780185711,13,487.0,0.09947264671487187,18,613.0
2385.0,21,76.0,0.7169811320754716,4.143296039118156,6,78.0,0.23878432792133103,2,14.0,0.4867991322173953,13,481.0,0.12495273839193977,21,573.0
2390.0,21,98.0,0.9702970297029703,4.3388161494965,7,91.0,0.32293319479029897,3,29.0,0.4848579828748455,11,398.0,0.11562860141318934,21,518.0
2395.0,18,65.0,0.6435643564356436,3.738777001686705,8,105.0,0.23791639421535268,2,17.0,0.37472912282157606,8,404.0,0.15993855791896208,18,526.0
2400.0,24,91.0,0.8921568627450981,4.0971830413229995,9,112.0,0.22712751285522753,3,21.0,0.4372326256697558,12,430.0,0.12757566187574665,24,563.0
2405.0,21,75.0,0.7281553398058253,3.354234989646621,8,139.0,0.16479206036880217,5,29.0,0.29471944150073714,8,415.0,0.1030227292181038,21,583.0
2410.0,29,97.0,0.9509803921568627,3.7988646383358424,13,183.0,0.21272239524134476,8,47.0,0.3175735476850697,8,352.0,0.150994710309413,29,582.0
2415.0,14,49.0,0.48514851485148514,3.913287534856489,8,198.0,0.24401479716806934,0,31.0,0.4006652931915869,6,371.0,0.17333986002367174,14,600.0
2420.0,17,55.0,0.5339805825242718,3.9613636539993085,6,180.0,0.21560261240385822,1,19.0,0.3982989945259274,10,381.0,0.1309311114962156,17,580.0
2425.0,19,66.0,0.6285714285714286,4.298804955241989,6,149.0,0.25728542968833806,3,22.0,0.44748123856655597,10,363.0,0.11104183763669148,19,534.0
2430.0,19,69.0,0.6831683168316832,3.9818607341685452,4,150.0,0.25690734606639226,5,46.0,0.4678802935576634,10,305.0,0.1441199160167437,19,501.0
2435.0,18,101.0,0.9805825242718447,4.280435013289097,6,170.0,0.2282311695757709,6,73.0,0.4737401105330693,6,300.0,0.15018568908382857,18,543.0
2440.0,18,62.0,0.62,3.527501155183502,5,169.0,0.20623739802773922,3,54.0,0.2989750887669309,10,325.0,0.10838545339202398,18,548.0
2445.0,24,125.0,1.2626262626262625,3.7222390670334633,3,141.0,0.26187188808140965,7,36.0,0.3042686614403791,14,383.0,0.09611529888886107,24,560.0
2450.0,21,110.0,1.134020618556701,3.6208163067204544,4,129.0,0.2252636638278034,3,48.0,0.38866250102357336,14,387.0,0.10234811626794421,21,564.0
2455.0,25,98.0,0.9702970297029703,3.645367440763719,6,150.0,0.2024329647913581,6,44.0,0.28873352054438134,13,329.0,0.157916445986309,25,523.0
2460.0,24,86.0,0.8269230769230769,3.873214790299016,5,142.0,0.23162146511465506,5,53.0,0.36036224849010473,14,252.0,0.14049031834614537,24,447.0
2465.0,19,81.0,0.7570093457943925,5.192537146898255,2,97.0,0.290820335988853,5,63.0,0.5003321095859995,12,232.0,0.17986653016732684,19,392.0
2470.0,17,84.0,0.8,5.852082337822954,2,55.0,0.31236548731005165,7,75.0,0.48454832523837155,8,244.0,0.24063209450343423,17,374.0
2475.0,18,93.0,0.9029126213592233,4.7783198815351255,4,39.0,0.2175187331578962,5,81.0,0.3309719500335098,9,266.0,0.23222770526943634,18,386.0
2480.0,13,41.0,0.4270833333333333,4.641832718152102,1,40.0,0.33224329362087773,3,52.0,0.3318125889520006,9,266.0,0.2208147368864248,13,358.0
2485.0,15,38.0,0.38,5.049994738362794,6,37.0,0.35918878633943296,2,57.0,0.3442185066200193,7,232.0,0.2340890124145573,15,326.0
2490.0,16,97.0,0.97,5.1985770662235415,6,58.0,0.41640063159694135,6,78.0,0.2816163439220948,4,171.0,0.22393581742171956,16,307.0
2495.0,21,78.0,0.7878787878787878,4.204091418777923,9,76.0,0.26476614054315795,6,87.0,0.29276793450782745,6,179.0,0.1840408015068794,21,342.0
2500.0,18,64.0,0.6336633663366337,4.417501714870474,8,85.0,0.2371735320027732,3,63.0,0.2859636286918539,7,179.0,0.25599389516400434,18,327.0
2505.0,21,94.0,0.9038461538461539,4.415518915928543,8,97.0,0.2797017267884789,5,37.0,0.36398818311285863,8,176.0,0.20162714797079703,21,310.0
2510.0,16,92.0,0.8598130841121495,4.415197740294537,8,114.0,0.3135424372306026,2,42.0,0.370091716429698,6,158.0,0.18685818392700382,16,314.0
2515.0,21,120.0,1.0810810810810811,4.462761239686431,6,130.0,0.3328551878694914,7,56.0,0.3033239655920282,8,170.0,0.14274750970962577,21,356.0
2520.0,18,69.0,0.6448598130841121,4.028791688847152,1,98.0,0.32506497303186643,6,66.0,0.1905410717941272,11,200.0,0.11028928148571011,18,364.0
2525.0,21,77.0,0.7129629629629629,4.115185699192242,6,69.0,0.32110818453717244,5,50.0,0.1325064709524989,10,213.0,0.14450818084006006,21,332.0
2530.0,20,63.0,0.6116504854368932,4.434014014645528,7,83.0,0.3458697451656974,5,66.0,0.31509559506728246,8,171.0,0.12391745838074411,20,320.0
2535.0,24,88.0,0.8627450980392157,4.886135498006449,5,79.0,0.2858859737495543,10,95.0,0.35883636479991443,9,146.0,0.19536123783625162,24,320.0
2540.0,24,133.0,1.2912621359223302,4.700506862634375,4,71.0,0.2545021517259556,16,159.0,0.23544234230590672,4,140.0,0.21761681489681514,24,370.0
2545.0,26,171.0,1.6764705882352942,3.968771952950271,3,71.0,0.2973486131148675,14,199.0,0.1407541133091478,9,167.0,0.20283412549078497,26,437.0
2550.0,24,151.0,1.495049504950495,4.105575188057353,3,72.0,0.4210614058158156,13,207.0,0.15227984277209405,8,175.0,0.21557374113802824,24,454.0
2555.0,19,123.0,1.2058823529411764,4.87709499084646,5,63.0,0.4264064799590792,8,180.0,0.26537400237535114,6,150.0,0.2447243644607678,19,393.0
2560.0,16,100.0,0.9523809523809523,4.474116581690043,8,90.0,0.3799528164784158,7,196.0,0.25872694420495035,1,127.0,0.20373110719774246,16,413.0
2565.0,31,182.0,1.6851851851851851,3.831576417573192,14,140.0,0.21329890645830044,11,236.0,0.20394594945525402,6,141.0,0.13867358398589483,31,517.0
2570.0,34,184.0,1.7358490566037736,2.8185878163789844,18,181.0,0.14671273644294122,10,243.0,0.1657199361026715,6,139.0,0.13425625378866263,34,563.0
2575.0,32,215.0,1.9724770642201834,3.4681853430659166,21,229.0,0.19365494478430972,8,199.0,0.24194308817420757,3,104.0,0.22124927144061696,32,532.0
2580.0,22,205.0,1.7672413793103448,5.015229809079674,15,273.0,0.24245791024947508,6,158.0,0.366901997422424,1,60.0,0.3126308494868521,22,491.0
2585.0,21,183.0,1.5508474576271187,4.928282082941449,15,273.0,0.21681642683542673,5,127.0,0.382056513603608,1,36.0,0.29011709770659805,21,436.0
2590.0,21,125.0,1.0683760683760684,4.465265028729605,13,320.0,0.17056641529308683,3,118.0,0.3091456595268096,5,34.0,0.2989919798751962,21,472.0
2595.0,28,163.0,1.38135593220339,5.001988011704636,15,359.0,0.11045608460346845,7,114.0,0.32962960494060367,6,60.0,0.3579905467260127,28,533.0
2600.0,27,109.0,0.9478260869565217,4.468447861445681,14,391.0,0.0874860025518766,9,126.0,0.2020055632478875,4,51.0,0.3782656196809278,27,568.0
2605.0,26,95.0,0.9047619047619048,4.167335036293009,12,380.0,0.18918041895676369,6,112.0,0.17573399628743103,8,36.0,0.3195121670427314,26,528.0
2610.0,19,57.0,0.5533980582524272,3.5812259312588974,7,390.0,0.23090241430146524,4,122.0,0.17233609386983195,8,67.0,0.22131431300471238,19,579.0
2615.0,21,75.0,0.7075471698113207,3.6204264767032024,9,394.0,0.16053329035932426,6,151.0,0.16292726522039505,6,64.0,0.17562095841971387,21,609.0
2620.0,27,127.0,1.2095238095238094,3.8989526464766167,16,453.0,0.09639582919058316,8,156.0,0.15955962522731928,3,46.0,0.3396466661575981,27,655.0
2625.0,25,112.0,1.087378640776699,3.9284943559943124,17,476.0,0.10883584074558948,7,111.0,0.1627769081539629,1,42.0,0.45037993805616966,25,629.0
2630.0,21,101.0,1.01,4.442317939014369,11,426.0,0.20296220096288028,3,84.0,0.26703355410231855,7,68.0,0.3288808087493218,21,578.0
2635.0,20,91.0,0.9381443298969072,4.203484491264859,9,339.0,0.22052678800109624,2,64.0,0.337788125903164,9,89.0,0.22863271148292513,20,492.0
2640.0,15,44.0,0.44,4.541259419533566,5,349.0,0.18341028820817523,6,77.0,0.30501583088206174,4,74.0,0.23516966158486977,15,500.0
2645.0,18,54.0,0.5454545454545454,4.675423571143841,10,363.0,0.14606799528191858,5,82.0,0.20870146120653327,3,41.0,0.3619664043764481,18,486.0
2650.0,12,41.0,0.43617021276595747,4.912849214289434,7,356.0,0.16769698255787172,4,61.0,0.19879635774509763,1,32.0,0.5259510244572082,12,449.0
2655.0,7,34.0,0.3655913978494624,6.060869015376819,2,278.0,0.29127355434559105,2,58.0,0.37730288008527074,3,33.0,0.5062798231784574,7,369.0
2660.0,7,25.0,0.2631578947368421,6.261774413362879,2,209.0,0.3671606543858188,2,45.0,0.4124548326967628,3,34.0,0.4113672005863265,7,288.0
2665.0,12,61.0,0.6354166666666666,6.571473280125692,0,128.0,0.37962665614648383,4,43.0,0.45705078119550824,8,49.0,0.3130173384560396,12,220.0
2670.0,14,79.0,0.8229166666666666,6.736522414746264,3,83.0,0.4196892785992612,2,41.0,0.6533782902377012,9,75.0,0.22735216203667336,14,199.0
2675.0,12,46.0,0.4946236559139785,6.273573427416279,2,65.0,0.47302734646030364,2,24.0,0.5403378519515776,8,76.0,0.21353031813325127,12,165.0
2680.0,15,61.0,0.6354166666666666,6.0402044289186705,4,55.0,0.5165552465587584,8,35.0,0.3298078692583699,3,65.0,0.23160305821548,15,155.0
2685.0,22,107.0,1.1505376344086022,5.173727075239921,1,30.0,0.39559934073807557,15,89.0,0.22555639968843985,6,87.0,0.217279490449132,22,206.0
2690.0,33,204.0,2.3181818181818183,3.776151254234399,5,37.0,0.27092947706686604,19,172.0,0.10050063725427763,9,102.0,0.18119937341974332,33,311.0
2695.0,39,342.0,4.071428571428571,3.585019187884202,11,81.0,0.17132022557708984,25,285.0,0.14973720901036405,3,75.0,0.20615423801223845,39,441.0
2700.0,33,316.0,3.761904761904762,3.0991653973167623,9,107.0,0.16289963758578804,20,351.0,0.07359229475245994,4,92.0,0.22520102767104525,33,550.0
2705.0,27,194.0,2.255813953488372,4.168477313309907,7,92.0,0.30704618562956554,12,317.0,0.1611851577168466,8,123.0,0.25705203818607186,27,532.0
2710.0,17,101.0,1.1348314606741574,5.428286491083747,4,64.0,0.4274712625969624,5,274.0,0.340380950220451,8,133.0,0.27560408763340116,17,471.0
2715.0,8,16.0,0.17777777777777778,5.0261650287485935,0,62.0,0.4334662087318866,2,286.0,0.3258581387143967,6,105.0,0.21568350311402665,8,453.0
2720.0,19,68.0,0.7157894736842105,4.465561406194089,6,77.0,0.22837799989873805,8,314.0,0.2331331841989287,5,70.0,0.2494238396931103,19,461.0
2725.0,18,78.0,0.8210526315789474,4.510643488136562,5,81.0,0.2447706572477879,9,308.0,0.2076574486735471,4,59.0,0.3408386538729343,18,448.0
2730.0,9,19.0,0.19791666666666666,5.080087249699525,2,63.0,0.3514912559671792,6,243.0,0.2668370660198037,1,42.0,0.3286476022853361,9,348.0
2735.0,16,36.0,0.3673469387755102,5.632830677781786,4,58.0,0.3772130800859698,6,154.0,0.2414304134440924,6,45.0,0.385875317858428,16,257.0
2740.0,12,46.0,0.4842105263157895,6.08587712538823,4,70.0,0.34786627363677725,4,75.0,0.2771579863584676,4,55.0,0.42223378377459503,12,200.0
2745.0,9,49.0,0.5444444444444444,5.636555319165352,3,64.0,0.2983213261775947,4,58.0,0.45772803104806165,2,34.0,0.3378978623478916,9,156.0
2750.0,7,22.0,0.2391304347826087,6.163510640724156,2,50.0,0.33280750380014096,2,38.0,0.5119480570413603,3,29.0,0.35313961552388357,7,117.0
2755.0,11,61.0,0.6630434782608695,6.859703560580317,1,24.0,0.35757146197404305,7,46.0,0.377776160003711,3,33.0,0.48315149572124644,11,103.0
2760.0,17,90.0,0.9782608695652174,6.311899281361958,3,23.0,0.35894390418322686,10,73.0,0.33219256433131533,4,45.0,0.4575293391807351,17,141.0
2765.0,9,50.0,0.5434782608695652,6.219365941170588,3,35.0,0.4243996279480159,5,71.0,0.27835958865339994,1,38.0,0.475564147513215,9,144.0
2770.0,12,95.0,1.0674157303370786,6.787443230935616,3,50.0,0.46644756540069165,3,57.0,0.2917984592230982,6,29.0,0.43687336007105143,12,136.0
2775.0,8,46.0,0.5287356321839081,6.447213636089301,2,18.0,0.5128654972070369,2,49.0,0.3138688382898984,4,41.0,0.40723648277124086,8,108.0
2780.0,4,16.0,0.19753086419753085,6.93273640674538,4,18.0,0.4633458896351581,0,37.0,0.41229466086678757,0,18.0,0.5126898466903025,4,73.0
2785.0,14,37.0,0.4567901234567901,5.4426657938690335,6,31.0,0.1931327935937463,6,38.0,0.3295575186701793,2,8.0,0.5679995566376191,14,77.0
2790.0,17,52.0,0.6341463414634146,5.508723931814944,7,48.0,0.17989486893358012,8,63.0,0.2939968702151849,2,4.0,0.5557522404895823,17,115.0
2795.0,12,65.0,0.8125,6.2035247170215175,5,65.0,0.4166543033211893,6,62.0,0.2408767754009323,1,8.0,0.5498132097219657,12,135.0
2800.0,10,78.0,0.9629629629629629,6.425970864291627,4,74.0,0.43401664593624933,3,60.0,0.2148886810789624,3,16.0,0.6390447768464845,10,150.0
2805.0,14,115.0,1.4743589743589745,5.645365948804152,5,93.0,0.4980114056687183,8,79.0,0.16679807227958815,1,9.0,0.3837699824292903,14,181.0
2810.0,13,49.0,0.6533333333333333,5.007971221123717,1,59.0,0.4442753517881491,9,99.0,0.1511135890580208,3,7.0,0.39489917819583664,13,165.0
2815.0,15,43.0,0.5657894736842105,5.5464231417170495,6,30.0,0.38990925097222806,6,92.0,0.18167452115486035,3,6.0,0.5123740760639922,15,128.0
2820.0,14,54.0,0.7012987012987013,6.204280816085628,5,33.0,0.4259190439119693,4,78.0,0.21033652191297605,5,25.0,0.541923963475428,14,136.0
2825.0,4,24.0,0.3333333333333333,7.459355430917319,3,29.0,0.4979866698326423,1,60.0,0.3841471479188168,0,19.0,0.6870763642114989,4,108.0
2830.0,6,42.0,0.5675675675675675,8.552736340416974,2,29.0,0.6395689388152461,2,42.0,0.48227578570048085,2,2.0,0.6730669857872917,6,73.0
2835.0,6,44.0,0.5789473684210527,8.187712694369726,1,9.0,0.5404368510913907,3,40.0,0.6068244897638375,2,8.0,0.6439336874142811,6,57.0
2840.0,14,94.0,1.205128205128205,7.555696016216921,9,34.0,0.3613445953611411,3,53.0,0.6339776022492207,2,18.0,0.6259797149488397,14,105.0
2845.0,11,64.0,0.8205128205128205,7.136802064614774,8,64.0,0.3015145113704606,1,17.0,0.5472469394911428,2,28.0,0.6240628209286265,11,109.0
2850.0,14,75.0,1.0,6.530533719144725,6,64.0,0.2228248736167853,6,28.0,0.4043617216884172,2,38.0,0.6570294457587169,14,130.0
2855.0,17,81.0,1.0657894736842106,6.060951260159994,2,45.0,0.3313080154183896,13,77.0,0.2419461665614605,2,2.0,0.4671769571332735,17,124.0
2860.0,20,96.0,1.263157894736842,6.529232574536349,0,28.0,0.5395688829240702,14,124.0,0.2667386966259041,6,22.0,0.26273290606011673,20,174.0
2865.0,10,41.0,0.5774647887323944,7.090664125287437,1,15.0,0.6504692040108065,8,128.0,0.26324124126043047,1,27.0,0.46858303437976107,10,170.0
2870.0,3,6.0,0.08823529411764706,6.533226621205272,1,17.0,0.4450176310782742,2,133.0,0.2690549373777003,0,6.0,0.7593085808392557,3,156.0
2875.0,15,50.0,0.7142857142857143,5.705786205590202,7,39.0,0.3034162775211269,7,164.0,0.2355800210352605,1,0.0,0.7390817235554568,15,203.0
2880.0,16,48.0,0.7164179104477612,4.449393745901742,7,56.0,0.15891156775465456,8,171.0,0.21122030840600342,1,2.0,0.5395142974151416,16,229.0
2885.0,9,31.0,0.484375,5.75188024753936,2,39.0,0.3735821729945628,6,145.0,0.2102194996005873,1,9.0,0.7738421569726931,9,193.0
2890.0,9,51.0,0.796875,7.131201373216496,3,29.0,0.5913392123459479,4,97.0,0.2257994237601641,2,16.0,0.7155926599964968,9,142.0
2895.0,5,47.0,0.7121212121212122,8.042377336876037,1,8.0,0.6418604179389512,2,68.0,0.34972812187889685,2,24.0,0.7177889636113274,5,100.0
2900.0,10,83.0,1.2028985507246377,8.268843070893915,5,24.0,0.5116077375936635,3,53.0,0.49601409583304845,2,34.0,0.6132939932090867,10,111.0
2905.0,9,96.0,1.4328358208955223,8.374929943822766,3,31.0,0.41973202435049756,3,49.0,0.6093935726776096,3,44.0,0.6647279004017649,9,124.0
2910.0,8,114.0,1.7014925373134329,8.192230539571826,3,17.0,0.37992872005994927,3,59.0,0.6224918144156846,2,54.0,0.6463860318178443,8,130.0
2915.0,6,73.0,1.0735294117647058,7.137702447039168,1,10.0,0.320382717037015,2,14.0,0.4816667131392663,3,68.0,0.6448708759265998,6,92.0
2920.0,15,135.0,1.9285714285714286,6.623856579741073,6,33.0,0.22305829764454302,6,29.0,0.34762370246581353,3,83.0,0.5963695227976187,15,145.0
2925.0,11,36.0,0.5454545454545454,5.352671523610742,6,49.0,0.25931145764207153,5,44.0,0.27789113508386754,0,12.0,0.44720979624511753,11,105.0
2930.0,14,31.0,0.49206349206349204,6.045243070630004,5,42.0,0.30845712210175785,3,37.0,0.38128766759890365,6,20.0,0.32681658908844585,14,99.0
2935.0,5,26.0,0.4126984126984127,7.280082173483098,2,29.0,0.4224512820726071,1,24.0,0.47513410950878754,2,32.0,0.48648643964411054,5,85.0
2940.0,4,37.0,0.5441176470588235,8.260445732941099,2,27.0,0.43982625416351856,2,29.0,0.5460399364921417,0,13.0,0.602243575776409,4,69.0
2945.0,4,30.0,0.45454545454545453,8.905652740987238,2,31.0,0.5043446001111078,1,12.0,0.6353138849911497,1,0.0,0.6402725998232514,4,43.0
2950.0,9,23.0,0.34328358208955223,7.828976718052829,1,5.0,0.4339124018198544,5,25.0,0.4102344476866846,3,6.0,0.5501612699640474,9,36.0
2955.0,10,40.0,0.5970149253731343,6.379605300541852,6,29.0,0.2052114473325282,3,32.0,0.2722639606466239,1,4.0,0.5215652237272093,10,65.0
2960.0,12,32.0,0.5517241379310345,6.856333510623803,6,47.0,0.28300887669211566,1,24.0,0.36202711102375484,5,16.0,0.5466156047576535,12,87.0
2965.0,4,8.0,0.13793103448275862,7.153274403113914,2,32.0,0.38508644423142746,1,13.0,0.5738130160997251,1,18.0,0.4387579762233518,4,63.0
2970.0,5,21.0,0.3888888888888889,8.263281497846954,2,23.0,0.38394045838815166,1,15.0,0.6592009844651814,2,12.0,0.5636824068888096,5,50.0
2975.0,8,55.0,0.9821428571428571,8.815247559885872,2,22.0,0.5214627337753973,4,29.0,0.5285763301128656,2,19.0,0.5732065022437273,8,70.0
2980.0,9,72.0,1.2203389830508475,8.48402794093886,2,32.0,0.5994541904635124,3,34.0,0.40573716252034775,4,31.0,0.5301759371835847,9,97.0
2985.0,5,47.0,0.7966101694915254,9.152984461358068,2,42.0,0.6273253562100858,1,25.0,0.5743048901522144,2,22.0,0.5478960206390981,5,89.0
2990.0,5,68.0,1.2830188679245282,10.130082504424339,2,52.0,0.669373174310632,0,11.0,0.7457761479011633,3,20.0,0.5964937033521704,5,83.0
2995.0,4,2.0,0.04,8.305083023369384,2,1.0,0.5012135254150742,0,4.0,0.6273405439540126,2,14.0,0.48465296962460963,4,19.0
3000.0,8,26.0,0.5531914893617021,8.063403358539286,5,12.0,0.3860345148570966,1,8.0,0.6467974780602173,2,10.0,0.5313759249102756,8,30.0
3005.0,9,67.0,1.425531914893617,8.303451850283043,5,37.0,0.3618145117912844,0,4.0,0.7993801596763714,4,32.0,0.6118632161052903,9,73.0
3010.0,5,9.0,0.16666666666666666,7.0693869990997555,3,37.0,0.3242961388320513,1,9.0,0.5386404270997567,1,19.0,0.5597042676303511,5,65.0
3015.0,4,15.0,0.2777777777777778,8.208674879008381,1,14.0,0.4772130661787037,0,4.0,0.6311957218439582,3,12.0,0.4593963014560371,4,30.0
3020.0,4,17.0,0.34,8.209083775036888,1,14.0,0.6486095060593784,1,4.0,0.6099878399564016,2,20.0,0.37468703193921293,4,38.0
3025.0,6,27.0,0.5625,8.855679053877523,1,3.0,0.6597902242997863,3,18.0,0.6665354377864038,2,20.0,0.41906422997039156,6,41.0
3030.0,6,39.0,0.8297872340425532,8.326065164511764,4,19.0,0.4708664360119411,0,8.0,0.6119935636533976,2,24.0,0.5027294020590922,6,51.0
3035.0,12,59.0,1.2553191489361701,6.700662747378605,8,50.0,0.1721059026562188,2,10.0,0.4556228347666907,2,5.0,0.567443425542674,12,65.0
3040.0,12,50.0,1.1904761904761905,6.17924252940998,8,69.0,0.20317345554385569,1,13.0,0.4386479390070302,3,18.0,0.5378794297585956,12,100.0
3045.0,3,3.0,0.07142857142857142,7.136915709504938,1,44.0,0.4443341962644857,1,7.0,0.6167020141181772,1,10.0,0.4591903168015907,3,61.0
3050.0,4,8.0,0.1702127659574468,9.22355205967495,3,14.0,0.5633623196897457,1,9.0,0.7037808831354277,0,2.0,0.6201418898250913,4,25.0
3055.0,4,23.0,0.46938775510204084,10.854848717891386,2,13.0,0.6977956355990702,2,17.0,0.7574562384380152,0,0.0,0.7307229198618082,4,30.0
3060.0,3,25.0,0.5,9.861503251005347,2,23.0,0.6248508926765511,0,4.0,0.6572189966289311,1,2.0,0.6215741451963764,3,29.0
3065.0,4,11.0,0.22448979591836735,9.180619532412939,1,13.0,0.6136479601254501,0,0.0,0.6126396419556744,3,12.0,0.5962256129178193,4,25.0
3070.0,6,29.0,0.6041666666666666,9.36646537801853,3,10.0,0.588161135112559,1,1.0,0.5038197705229412,2,22.0,0.7367211488838527,6,33.0
3075.0,4,36.0,0.72,9.475073463594555,1,7.0,0.6718990914388012,1,6.0,0.649730371280582,2,32.0,0.6159084421076046,4,45.0
3080.0,2,1.0,0.02040816326530612,8.81297970712041,0,2.0,0.6826976543717213,1,3.0,0.5502657460740298,1,16.0,0.6075151531316155,2,21.0
3085.0,12,31.0,0.5961538461538461,8.246668933302487,2,4.0,0.6565973923858364,5,19.0,0.47057776986252803,5,12.0,0.40675210026976216,12,35.0
3090.0,7,23.0,0.42592592592592593,7.282993686880243,1,9.0,0.6056725010849008,3,33.0,0.32472861199930636,3,21.0,0.3293736192581055,7,63.0
3095.0,2,9.0,0.18,8.995529104476875,0,2.0,0.735716874114394,1,19.0,0.46246969993329307,1,12.0,0.5430982954359068,2,33.0
3100.0,4,19.0,0.37254901960784315,10.227548416492406,3,7.0,0.5159055786861535,1,16.0,0.7039527320590475,0,6.0,0.7506790552588626,4,29.0
3105.0,2,2.0,0.04,8.865795088639407,1,10.0,0.5282262471219321,0,2.0,0.6539440152427932,1,8.0,0.5693180389670078,2,20.0
3110.0,11,36.0,0.7346938775510204,6.568038119721315,0,0.0,0.42538580739052534,4,16.0,0.3805561283346774,7,30.0,0.3096002078237594,11,46.0
3115.0,8,20.0,0.43478260869565216,5.6983028707197345,1,0.0,0.4616386044699638,1,22.0,0.39757567282054274,6,48.0,0.19980224201263994,8,70.0
3120.0,4,8.0,0.15384615384615385,8.483172014735006,3,10.0,0.5091167113156637,0,6.0,0.5942312532354014,1,34.0,0.4130850324263819,4,50.0
3125.0,0,0.0,0.0,11.20786673208265,0,12.0,0.7109649969046413,0,2.0,0.8762410943365972,0,10.0,0.7361355786520264,0,24.0
3130.0,2,2.0,0.0425531914893617,11.018131203726226,0,2.0,0.7215342207188146,1,4.0,0.7412657132972643,1,2.0,0.8118998829925198,2,8.0
3135.0,1,5.0,0.09803921568627451,11.233378099032848,1,5.0,0.6639431968004141,0,2.0,0.7894618219421464,0,0.0,0.8908495266328467,1,7.0
3140.0,4,18.0,0.35294117647058826,10.65950325215234,2,10.0,0.6968580070709628,2,10.0,0.6497842786551415,0,0.0,0.7702153651487288,4,20.0
3145.0,3,3.0,0.061224489795918366,8.853408528685142,0,0.0,0.535098234770883,2,13.0,0.49676709329630664,1,0.0,0.5928369057010043,3,13.0
3150.0,5,16.0,0.3333333333333333,9.145981580669945,3,12.0,0.5326192499359861,1,11.0,0.4574462827126351,1,1.0,0.6682973165767897,5,24.0
3155.0,7,35.0,0.9210526315789473,7.468749932916296,5,32.0,0.45556054315498495,2,11.0,0.25590748964798177,0,0.0,0.9685296727548349,7,43.0
3160.0,12,42.0,1.135135135135135,4.274343905292307,3,30.0,0.26518298088296066,9,43.0,0.0417697252761945,0,0.0,0.5757610550411097,12,73.0
3165.0,6,29.0,0.7073170731707317,5.839306325869045,0,3.0,0.42619481015456867,6,66.0,0.22904276123670111,0,0.0,0.3817203183148165,6,69.0
3170.0,3,4.0,0.08888888888888889,10.111087116689795,1,2.0,0.6879570607396329,1,39.0,0.5937426424086171,1,2.0,0.681334042678017,3,43.0
3175.0,3,6.0,0.13043478260869565,11.40133188918623,2,6.0,0.7207477823109021,0,17.0,0.7702345412658187,1,4.0,0.7676470658218878,3,27.0
3180.0,2,2.0,0.0425531914893617,10.323889071484071,0,6.0,0.7188486004288205,0,2.0,0.8693600839332424,2,4.0,0.6465967602095927,2,12.0
3185.0,9,24.0,0.4897959183673469,8.306005343560471,3,12.0,0.5086177945934359,1,0.0,0.6299278710479338,5,16.0,0.5550859657360845,9,28.0
3190.0,4,6.0,0.125,5.785459390224017,2,16.0,0.3543749469884739,1,2.0,0.45545962221736597,1,14.0,0.3354361921091527,4,32.0
3195.0,7,20.0,0.4,7.192274188067756,1,3.0,0.4162212665587036,4,21.0,0.5296195148718422,2,4.0,0.3810915082760416,7,28.0
3200.0,1,8.0,0.1568627450980392,9.773508611919931,0,0.0,0.610609830622604,0,17.0,0.7952133740093377,1,8.0,0.5678223634789676,1,25.0
3205.0,2,14.0,0.2641509433962264,11.155554275315136,0,2.0,0.789977951060036,1,3.0,0.7889368258343287,1,15.0,0.7259633966712137,2,20.0
3210.0,3,21.0,0.42,10.129193606112295,0,2.0,0.7685754651680416,1,4.0,0.6354738735635176,2,21.0,0.6744899781174301,3,27.0
3215.0,9,24.0,0.4897959183673469,8.36411236254907,1,0.0,0.7711176408566269,7,25.0,0.37202312368683055,1,3.0,0.6034948117192489,9,28.0
3220.0,15,79.0,1.7954545454545454,6.7090557597265335,1,0.0,0.6471827623809465,10,68.0,0.2923481398002776,4,15.0,0.29738862120032844,15,83.0
3225.0,9,54.0,1.35,5.27118616733128,1,1.0,0.41998858586598614,6,89.0,0.2901599197532553,2,23.0,0.2971594992591458,9,113.0
3230.0,2,8.0,0.18604651162790697,7.621199391757835,1,8.0,0.5432274802101918,1,62.0,0.3664208710045553,0,10.0,0.5477416903962042,2,80.0
3235.0,3,5.0,0.11363636363636363,8.101701844945664,0,5.0,0.7065607785322496,2,69.0,0.3714087936873218,1,2.0,0.7042485204257046,3,76.0
3240.0,8,33.0,0.7333333333333333,8.002123114663638,1,2.0,0.7805207306237515,7,99.0,0.35335925992523765,0,2.0,0.7873758097997126,8,103.0
3245.0,8,30.0,0.6666666666666666,7.658237651705682,0,0.0,0.7694632910743208,8,106.0,0.31363727269082836,0,0.0,0.8664251471790809,8,106.0
3250.0,2,5.0,0.10638297872340426,8.105009746894757,0,2.0,0.7974327675636712,2,70.0,0.3075605301834496,0,2.0,0.7472596313433462,2,74.0
3255.0,3,1.0,0.0196078431372549,8.267128866695641,2,3.0,0.6149655203179341,0,28.0,0.3515302821641497,1,2.0,0.7703102656741091,3,33.0
3260.0,4,14.0,0.27450980392156865,8.54746163914914,3,14.0,0.4955246739065892,0,8.0,0.5136660618720612,1,2.0,0.8144931062090366,4,24.0
3265.0,4,15.0,0.28846153846153844,8.245743595993302,2,21.0,0.5104398976205599,0,0.0,0.6692359433210642,2,7.0,0.6250622754009251,4,28.0
3270.0,1,0.0,0.0,8.804723510689538,0,11.0,0.5350801409841852,0,2.0,0.7512571956540872,1,3.0,0.6247886216356737,1,16.0
3275.0,7,16.0,0.27586206896551724,8.612363442226092,2,5.0,0.5848473262957841,0,2.0,0.8308390359584321,5,11.0,0.4002867243293105,7,18.0
3280.0,3,16.0,0.26229508196721313,8.26490450901463,1,10.0,0.6025650006834565,0,2.0,0.7790186070228818,2,19.0,0.2988850509135911,3,31.0
3285.0,4,16.0,0.26666666666666666,8.844103432635285,2,15.0,0.6625254186532913,0,2.0,0.8031566186441644,2,12.0,0.3674106308327847,4,29.0
3290.0,1,20.0,0.32786885245901637,9.947363270987834,1,20.0,0.6351970488104541,0,2.0,0.7546390264140154,0,3.0,0.6957671372473804,1,25.0
3295.0,3,33.0,0.515625,9.713713385922217,2,30.0,0.667280664901172,1,5.0,0.6299657446436657,0,1.0,0.7272866808857116,3,36.0
3300.0,7,21.0,0.328125,7.766810364224822,1,0.0,0.4486491698973603,5,19.0,0.3420464458008141,1,4.0,0.6658374219646287,7,23.0
3305.0,10,43.0,0.7166666666666667,7.164845342049265,5,21.0,0.27925891314152274,4,31.0,0.24256051646370017,1,9.0,0.7333252352227055,10,61.0
3310.0,7,29.0,0.5471698113207547,7.369090236081231,2,33.0,0.3939433098367229,3,30.0,0.3601295191537055,2,16.0,0.6107380700142703,7,79.0
3315.0,4,14.0,0.2857142857142857,8.738985371272017,2,9.0,0.5445587991843595,2,32.0,0.5575911231409157,0,2.0,0.7239261551198929,4,43.0
3320.0,4,31.0,0.6078431372549019,10.270669675608238,0,0.0,0.7630416786635971,2,31.0,0.6795407596781228,2,9.0,0.6477634472396511,4,40.0
3325.0,3,34.0,0.6938775510204082,9.765693945759761,1,0.0,0.721157034105923,2,36.0,0.6239967109819206,0,7.0,0.6021577104307997,3,43.0
3330.0,2,6.0,0.125,10.36063177975518,1,3.0,0.737198846998021,0,4.0,0.6537282921767411,1,3.0,0.7031507159148116,2,10.0
3335.0,6,22.0,0.4489795918367347,9.345955719506659,2,8.0,0.6758817000824654,3,10.0,0.42959310978123005,1,8.0,0.5900051622981819,6,26.0
3340.0,6,36.0,0.7346938775510204,9.079536364574054,1,13.0,0.6263041130927218,4,20.0,0.4857160094275523,1,13.0,0.6210845449052016,6,46.0
3345.0,5,21.0,0.4375,8.991089515951332,3,3.0,0.5014692538064851,0,18.0,0.561198724887986,2,20.0,0.668806348045799,5,41.0
3350.0,7,18.0,0.4090909090909091,8.794704645248935,5,17.0,0.5262496871086048,1,6.0,0.501782410704401,1,3.0,0.7103182740459254,7,26.0
3355.0,2,7.0,0.175,8.897846401523372,0,11.0,0.5807034052669847,0,0.0,0.8004005659761616,2,9.0,0.5959470956611221,2,20.0
3360.0,2,3.0,0.07142857142857142,9.87231240620078,2,3.0,0.6218706577294794,0,2.0,0.7828117739374891,0,7.0,0.6746421997046727,2,12.0
3365.0,2,3.0,0.06976744186046512,10.455990608214812,1,1.0,0.6313376908228626,1,6.0,0.7717790220358615,0,0.0,0.7238204689869815,2,7.0
3370.0,7,26.0,0.5652173913043478,8.997844323558441,5,15.0,0.3941676078869851,1,9.0,0.7769032152025993,1,4.0,0.6193484920409463,7,28.0
3375.0,6,16.0,0.3404255319148936,8.541366262730024,3,26.0,0.3490980761438807,1,3.0,0.6816421617410477,2,9.0,0.6542187284678929,6,38.0
3380.0,4,25.0,0.5208333333333334,8.717134088111953,0,8.0,0.43551636313611064,3,15.0,0.4846075976125888,1,14.0,0.6469642727155247,4,37.0
3385.0,8,55.0,1.25,9.19220021887879,1,0.0,0.5893102783740486,6,40.0,0.47695492794479266,1,19.0,0.7287678390288351,8,59.0
3390.0,5,17.0,0.38636363636363635,8.463526252230752,1,2.0,0.5006837795353829,4,41.0,0.5116775114925054,0,0.0,0.8413618888690414,5,43.0
3395.0,6,24.0,0.5454545454545454,7.889711627629715,4,21.0,0.44457123731538745,1,26.0,0.4768938517018316,1,2.0,0.6029808416179988,6,49.0
3400.0,6,17.0,0.4146341463414634,6.591611881980508,3,33.0,0.4746203885575713,2,16.0,0.3259309284229723,1,5.0,0.6178246257863417,6,54.0
3405.0,7,24.0,0.5581395348837209,7.057318931424301,1,24.0,0.45435967577739306,6,39.0,0.3383565487668149,0,0.0,0.776854547518784,7,63.0
3410.0,6,18.0,0.391304347826087,6.979743790204895,1,16.0,0.3679455020320098,5,53.0,0.4267307843122767,0,0.0,0.6777939547219802,6,69.0
3415.0,7,18.0,0.391304347826087,7.611562618993658,6,36.0,0.3016471014934424,0,26.0,0.5675654896311763,1,2.0,0.7658055364198343,7,64.0
3420.0,6,16.0,0.3333333333333333,7.6372509580411725,6,52.0,0.38325645894865135,0,6.0,0.4980667101196496,0,2.0,0.7841917668547823,6,60.0
3425.0,4,15.0,0.30612244897959184,9.309755269228903,2,37.0,0.49311834195400717,1,6.0,0.7256107274939891,1,7.0,0.8254407531380805,4,50.0
3430.0,2,11.0,0.21153846153846154,9.018104353890276,0,21.0,0.5198636388119257,1,3.0,0.6531546639340458,1,10.0,0.6736411808919698,2,34.0
3435.0,6,26.0,0.45614035087719296,9.30624987175417,1,7.0,0.6138239337961638,3,13.0,0.5964950665738422,2,15.0,0.6652188369102479,6,35.0
3440.0,4,29.0,0.5087719298245614,9.368935411375785,0,3.0,0.7069091367415508,3,21.0,0.5521100820867264,1,20.0,0.7551547398989582,4,44.0
3445.0,3,7.0,0.1320754716981132,9.35873220715183,1,6.0,0.7160510880189931,1,17.0,0.5874216802020352,1,1.0,0.7281956518738183,3,24.0
3450.0,7,30.0,0.5555555555555556,8.978704387691758,1,9.0,0.6979436755060133,2,13.0,0.6277526132437498,4,11.0,0.5487918793311192,7,33.0
3455.0,3,34.0,0.6415094339622641,8.854779974261536,1,14.0,0.7264161610896089,2,22.0,0.6902616348185396,0,11.0,0.5051586184654377,3,47.0
3460.0,3,5.0,0.09433962264150944,7.5141872079149055,2,6.0,0.552878135985266,1,3.0,0.4624651633790987,0,0.0,0.5949263816021725,3,9.0
3465.0,14,56.0,1.0,6.708347713766864,7,34.0,0.3044971775218659,6,26.0,0.38917468422324036,1,0.0,0.598201130299704,14,60.0
3470.0,17,84.0,1.5,6.379509022784792,6,48.0,0.3446032635979369,10,63.0,0.3033144589440297,1,4.0,0.6971517278132631,17,115.0
3475.0,8,41.0,0.7192982456140351,7.029756527358451,0,23.0,0.4807894493709605,7,83.0,0.2922242794276545,1,9.0,0.6628065502514074,8,115.0
3480.0,2,18.0,0.3050847457627119,8.27040418424392,0,6.0,0.6565930273774133,1,56.0,0.40420452667367124,1,16.0,0.6683867833734266,2,78.0
3485.0,4,31.0,0.5344827586206896,9.646555259805853,1,2.0,0.7085231395164852,2,29.0,0.5906565780006383,1,21.0,0.725065207896108,4,52.0
3490.0,4,48.0,0.9230769230769231,9.891810198156625,0,2.0,0.8396845888800151,2,24.0,0.6831135216675523,2,28.0,0.6207204484624569,4,54.0
3495.0,5,73.0,1.46,9.424258776677664,0,0.0,0.7915947879196774,2,32.0,0.6661702493958758,3,41.0,0.594337114929064,5,73.0
3500.0,3,42.0,0.7636363636363637,9.409846657856518,0,0.0,0.7931994196744843,2,42.0,0.6927681818374167,1,8.0,0.5771312695112443,3,50.0
3505.0,6,59.0,1.0350877192982457,9.452165670469405,1,0.0,0.7886043805281826,2,52.0,0.6532502309781345,3,7.0,0.6092507906564751,6,59.0
3510.0,4,66.0,1.2,8.685578217289892,0,0.0,0.6880671901729303,2,62.0,0.5915403120528923,2,15.0,0.5344056198591275,4,77.0
3515.0,7,85.0,1.6346153846153846,8.174483940109019,4,10.0,0.5130193352480552,2,74.0,0.6418818356931539,1,9.0,0.5353752036684427,7,93.0
3520.0,5,94.0,1.8076923076923077,7.696713283470306,1,17.0,0.4179816962414055,2,84.0,0.6417281744310406,2,8.0,0.5122132065910868,5,109.0
3525.0,4,106.0,2.0,8.62689776373037,0,4.0,0.5182665325774721,2,96.0,0.7438735797356544,2,14.0,0.5076594422252652,4,114.0
3530.0,3,104.0,1.9259259259259258,8.928171289781298,0,0.0,0.529699400188522,2,104.0,0.6956627055094404,1,6.0,0.5364973724334953,3,110.0
3535.0,7,131.0,2.381818181818182,8.403607088168533,1,4.0,0.7528310577409115,3,116.0,0.6498737969809315,3,13.0,0.3526771823420649,7,133.0
3540.0,8,150.0,2.830188679245283,7.518105329318681,1,9.0,0.706433070992369,3,129.0,0.5226681692741569,4,25.0,0.3259861609068219,8,163.0
3545.0,5,20.0,0.4,8.492103630820488,2,14.0,0.7702007030885801,0,11.0,0.5869766455957274,3,27.0,0.43851697984416266,5,52.0
3550.0,4,28.0,0.5833333333333334,9.56608029149392,1,19.0,0.6684720985437698,3,10.0,0.6539900614550248,0,14.0,0.5311047543887102,4,43.0
3555.0,4,3.0,0.06,8.586952433362592,1,1.0,0.3629633403146443,2,14.0,0.6391301915113857,1,7.0,0.6187310153043446,4,22.0
3560.0,5,17.0,0.3269230769230769,10.003291430357857,4,14.0,0.44945710882765333,0,2.0,0.7534131537659506,1,5.0,0.7716360944347235,5,21.0
3565.0,3,3.0,0.061224489795918366,7.590889191268139,0,14.0,0.5632741008734645,1,1.0,0.3240911099066072,2,4.0,0.5229203269637114,3,19.0
3570.0,13,47.0,1.0,7.642140763541315,1,3.0,0.7038666787974056,7,25.0,0.30070649024063506,5,23.0,0.339711104793482,13,51.0
3575.0,8,30.0,0.7142857142857143,6.239830962713427,1,8.0,0.6619504270424644,3,40.0,0.2687753314896566,4,34.0,0.12365052260469983,8,82.0
3580.0,4,25.0,0.6097560975609756,8.545456897248664,1,15.0,0.7331777760907292,2,27.0,0.5699930405115927,1,19.0,0.434810837180778,4,61.0
3585.0,4,28.0,0.6666666666666666,9.27641148098111,1,20.0,0.6856624380374485,2,9.0,0.6710695995779452,1,11.0,0.6343080989252241,4,40.0
3590.0,8,54.0,1.2,9.588863635846558,1,23.0,0.7594444921334509,4,22.0,0.5629374212934753,3,18.0,0.577624967811891,8,63.0
3595.0,5,61.0,1.4878048780487805,8.463248305462036,1,28.0,0.4909727175264184,1,12.0,0.4530133550361457,3,31.0,0.5923247001109915,5,71.0
3600.0,5,84.0,1.9090909090909092,9.33026427922902,2,40.0,0.5983570671137284,0,2.0,0.5632941194727585,3,48.0,0.5750327446996268,5,90.0
