step,system_total_stopped,system_total_waiting_time,system_mean_waiting_time,system_mean_speed,A0_stopped,A0_accumulated_waiting_time,A0_average_speed,B0_stopped,B0_accumulated_waiting_time,B0_average_speed,C0_stopped,C0_accumulated_waiting_time,C0_average_speed,agents_total_stopped,agents_total_accumulated_waiting_time
5.0,0,0.0,0.0,3.6174923184793446,0,0.0,0.2629630571905952,0,0.0,1.0,0,0.0,1.0,0,0.0
10.0,0,0.0,0.0,6.771757425235245,0,0.0,0.6199821266112816,0,0.0,0.12910283764537056,0,0.0,1.0,0,0.0
15.0,1,0.0,0.0,6.523800129173621,1,0.0,0.4057460078271945,0,0.0,0.6366947733169374,0,0.0,0.5449972669263801,1,0.0
20.0,2,8.0,0.8,7.116826394817236,2,8.0,0.3836456571666381,0,0.0,0.6084467227938402,0,0.0,0.7063476068230042,2,8.0
25.0,3,18.0,1.2857142857142858,8.0504362199304,3,18.0,0.42972609577553744,0,0.0,1.0,0,0.0,0.764588102601945,3,18.0
30.0,2,28.0,1.6470588235294117,9.192601335929185,2,28.0,0.5860420549432955,0,0.0,0.6508030658364148,0,0.0,0.6592549844862072,2,28.0
35.0,2,38.0,2.533333333333333,9.370353536830995,2,38.0,0.47338548481600345,0,0.0,0.9609453672044279,0,0.0,0.7535357888736758,2,38.0
40.0,3,1.0,0.0625,8.312351085352228,2,2.0,0.27461082179434737,1,1.0,0.7861086461550383,0,0.0,0.9719527470181363,3,3.0
45.0,1,6.0,0.2857142857142857,8.70826885334029,0,0.0,0.4384757125406778,1,6.0,0.6264898784202476,0,0.0,0.7507967263274612,1,6.0
50.0,1,11.0,0.5238095238095238,10.204402353936283,0,0.0,0.6119920683756745,1,11.0,0.7638727042136157,0,0.0,0.8155743689582458,1,11.0
55.0,3,4.0,0.21052631578947367,8.225404505369765,2,3.0,0.33502262242761643,0,0.0,0.6088011584804534,1,1.0,0.7452910410269883,3,4.0
60.0,4,11.0,0.5238095238095238,7.346707000071774,0,3.0,0.5567572686664657,2,3.0,0.25236959867281006,2,8.0,0.4328783045595411,4,14.0
65.0,0,0.0,0.0,8.445082139947118,0,0.0,0.8173475930008847,0,6.0,0.392859928543509,0,1.0,0.3595255437183695,0,7.0
70.0,0,0.0,0.0,10.94172703398122,0,2.0,0.944241702279915,0,2.0,0.9157346456728902,0,0.0,0.5517807270183825,0,4.0
75.0,1,1.0,0.05,10.091519199997801,0,2.0,0.8037633812947664,0,2.0,0.7381762045926494,1,1.0,0.5450047680969929,1,5.0
80.0,0,0.0,0.0,10.108685714211127,0,2.0,0.624123625835364,0,2.0,0.8574574951526707,0,0.0,0.7536033682067755,0,4.0
85.0,5,9.0,0.42857142857142855,6.346619617991182,3,10.0,0.2888380195395929,1,3.0,0.1617172011525794,1,0.0,0.4889009190247102,5,13.0
90.0,3,12.0,0.6,6.982765770092229,0,9.0,0.42522254686180977,3,14.0,0.249359643301315,0,0.0,0.5475360600462492,3,23.0
95.0,2,5.0,0.2631578947368421,8.855368125019819,0,0.0,0.7076527258480453,1,7.0,0.6188577384655838,1,5.0,0.5753515649713008,2,12.0
100.0,0,0.0,0.0,10.807404019664164,0,2.0,0.7615897580161048,0,2.0,0.8337185335249276,0,2.0,0.8300613576983266,0,6.0
105.0,1,1.0,0.045454545454545456,10.38897634206857,0,2.0,0.7014592990501246,0,2.0,0.746710259689708,1,3.0,0.7143536000172162,1,7.0
110.0,1,1.0,0.05555555555555555,8.211252365772433,0,2.0,0.920238237324865,1,3.0,0.35670331089790347,0,2.0,0.7026543343950044,1,7.0
115.0,4,15.0,0.75,9.009735478606366,0,0.0,0.6714828181704168,4,21.0,0.5507883102692694,0,0.0,0.6344705270701447,4,21.0
120.0,1,7.0,0.35,9.22501942806627,0,0.0,0.6722383459580978,1,25.0,0.6049591925990612,0,0.0,0.775427076386999,1,25.0
125.0,1,3.0,0.14285714285714285,10.242617934046944,0,0.0,0.6517441580825645,1,12.0,0.686652842011048,0,2.0,0.8693675965531081,1,14.0
130.0,2,8.0,0.36363636363636365,10.614507408228855,0,0.0,0.813856940426617,2,8.0,0.4762545617047102,0,2.0,0.8377608517507977,2,10.0
135.0,1,2.0,0.1,10.618014002037008,1,2.0,0.7887442064544908,0,0.0,0.8671453344653358,0,2.0,0.757421068235337,1,4.0
140.0,3,5.0,0.23809523809523808,8.912184470614433,1,2.0,0.5002463915735992,2,3.0,0.4985294303052213,0,0.0,0.8731067754580044,3,5.0
145.0,6,15.0,0.7142857142857143,6.919656864146429,4,13.0,0.15820188467230709,1,1.0,0.6876521055502987,1,1.0,0.39443454558987867,6,15.0
150.0,4,12.0,0.5217391304347826,7.031038011207005,1,16.0,0.4543033789267323,1,6.0,0.31590682688486704,2,8.0,0.46419176867012657,4,30.0
155.0,2,16.0,0.64,9.769237536955252,0,2.0,0.801503790251254,2,18.0,0.4810560987425422,0,2.0,0.6768053318545783,2,22.0
160.0,4,26.0,1.0833333333333333,10.325743476704284,1,2.0,0.809213235117987,3,28.0,0.4997782158697608,0,2.0,0.8678875159657952,4,32.0
165.0,3,36.0,1.7142857142857142,8.7591293228078,0,2.0,0.6251021623090143,2,38.0,0.6497249605453922,1,0.0,0.4721497668656543,3,40.0
170.0,3,9.0,0.391304347826087,6.494300845721805,2,10.0,0.2403499114546039,1,21.0,0.3995095070094617,0,0.0,0.5389839209587877,3,31.0
175.0,3,10.0,0.43478260869565216,7.776948710077287,0,6.0,0.63463587563365,2,11.0,0.14315041683454216,1,1.0,0.6265572585853058,3,18.0
180.0,6,36.0,1.6363636363636365,8.767813702560355,0,0.0,0.6558310576358257,5,32.0,0.271008520517746,1,6.0,0.6425679195059458,6,38.0
185.0,2,16.0,0.8421052631578947,7.380548837916405,0,0.0,0.786590413014502,2,36.0,0.3983884005456528,0,0.0,0.25736187846647013,2,36.0
190.0,1,2.0,0.1111111111111111,9.54117249844806,1,2.0,0.5198377890901513,0,19.0,0.7074330022541961,0,2.0,0.8077388643554749,1,23.0
195.0,3,7.0,0.3181818181818182,7.641696389390577,2,7.0,0.5021102317027621,0,10.0,0.46085435142702497,1,2.0,0.6766628564207829,3,19.0
200.0,3,9.0,0.36,7.878658577285105,0,0.0,0.5189598764834531,3,19.0,0.40218118637464473,0,2.0,0.7464221078027942,3,21.0
205.0,3,4.0,0.14285714285714285,8.540690741004713,2,4.0,0.5994150280035002,1,13.0,0.5351770910005607,0,0.0,0.7147022397709527,3,17.0
210.0,4,18.0,0.6206896551724138,10.121943836281606,3,16.0,0.5602697025403979,0,2.0,0.8951351454231999,1,4.0,0.7093566740771348,4,22.0
215.0,4,35.0,1.09375,8.404168886322715,4,35.0,0.3029905344344323,0,2.0,0.7856856770908509,0,3.0,0.646102024178565,4,40.0
220.0,2,7.0,0.21212121212121213,8.452382438633009,0,25.0,0.5850777829437943,0,0.0,0.44934178015473636,2,9.0,0.6000578110329955,2,34.0
225.0,5,13.0,0.43333333333333335,6.413396710526842,1,1.0,0.30162655854349607,4,12.0,0.1524602388151269,0,6.0,0.3664620520537368,5,19.0
230.0,2,6.0,0.23076923076923078,8.150170956422832,0,6.0,0.47874011561774604,0,13.0,0.5563482244947972,2,6.0,0.3773886054434798,2,25.0
235.0,2,16.0,0.6956521739130435,10.845034259070474,0,2.0,0.8995822544576634,0,2.0,0.8135599941296476,2,16.0,0.38768687312670147,2,20.0
240.0,1,1.0,0.04,10.411301447962442,1,3.0,0.606585195561441,0,2.0,0.8055641669833322,0,9.0,0.691725441175033,1,14.0
245.0,3,10.0,0.4166666666666667,9.493338359961578,1,8.0,0.534829004778489,2,6.0,0.2591341106432806,0,0.0,0.8743123881656668,3,14.0
250.0,3,4.0,0.19047619047619047,7.576853622744473,0,0.0,0.47443152801295674,2,10.0,0.26130129642923905,1,1.0,0.6814317860556133,3,11.0
255.0,1,6.0,0.2857142857142857,10.618292731024024,0,2.0,0.7543115776298533,0,3.0,0.8392313042152327,1,6.0,0.5639261588479167,1,11.0
260.0,4,0.0,0.0,8.91464223618886,2,2.0,0.6068173402184212,1,0.0,0.6911783250705054,1,0.0,0.5215971174351043,4,2.0
265.0,3,9.0,0.3,10.352247431009319,1,1.0,0.6975523858278103,1,3.0,0.7895421447923586,1,5.0,0.6866702372048132,3,9.0
270.0,2,8.0,0.24242424242424243,7.388507273226199,0,0.0,0.6013322836108074,1,8.0,0.3711483269067846,1,0.0,0.4534744951594934,2,8.0
275.0,4,14.0,0.42424242424242425,9.232530258407861,3,10.0,0.6322462605277143,0,4.0,0.4448585844927902,1,4.0,0.6675625169107624,4,18.0
280.0,3,15.0,0.4838709677419355,8.211231290728895,0,12.0,0.3976906717683562,1,7.0,0.6488745146639021,2,10.0,0.4143174130538384,3,29.0
285.0,2,15.0,0.5172413793103449,7.471175769091219,1,5.0,0.3259248341173417,1,12.0,0.7408140013007558,0,7.0,0.2789314588724,2,24.0
290.0,4,21.0,0.7,9.356346505017804,1,10.0,0.5465012605219448,1,1.0,0.8017863079223346,2,10.0,0.3382057012340674,4,21.0
295.0,3,21.0,0.6774193548387096,9.854615428635718,1,16.0,0.5982398805688355,2,6.0,0.5748750185598007,0,5.0,0.7634988389628291,3,27.0
300.0,1,11.0,0.34375,10.339318037569223,0,2.0,0.7454246776128586,1,13.0,0.6112295334344727,0,2.0,0.8182896357630405,1,17.0
305.0,4,20.0,0.625,9.970012573433246,2,5.0,0.5822457491779582,1,18.0,0.748978563825037,1,2.0,0.8107017458823326,4,25.0
310.0,0,0.0,0.0,8.712761498832894,0,2.0,0.4419303637277068,0,2.0,0.7872184434895954,0,0.0,0.663238790835512,0,4.0
315.0,3,10.0,0.29411764705882354,9.085205670727577,0,0.0,0.8321570893552951,1,6.0,0.5213052919779051,2,8.0,0.5328746383653274,3,14.0
320.0,3,3.0,0.09090909090909091,7.836843492247763,0,0.0,0.6743987947981704,1,6.0,0.5930448011545145,2,12.0,0.15830524088894907,3,18.0
325.0,3,8.0,0.26666666666666666,9.16288013658502,1,2.0,0.6318599361758521,1,6.0,0.6756708937562,1,7.0,0.3314514227165084,3,15.0
330.0,6,25.0,0.8064516129032258,9.365860078512203,4,9.0,0.5648339531485791,1,10.0,0.7769551911348166,1,10.0,0.5063845195722626,6,29.0
335.0,5,29.0,0.8529411764705882,8.71358901138497,2,12.0,0.6086722487776812,2,15.0,0.555609558124131,1,15.0,0.7131163205025597,5,42.0
340.0,4,43.0,1.162162162162162,8.487688744290999,0,1.0,0.5457204072400479,2,25.0,0.6525602421598433,2,20.0,0.5396566956680126,4,46.0
345.0,5,11.0,0.2972972972972973,8.10835959409119,3,7.0,0.5437926195769521,2,15.0,0.3767591046666776,0,0.0,0.8829621628665885,5,22.0
350.0,8,49.0,1.2564102564102564,8.667848196922519,5,32.0,0.45930936597359456,3,20.0,0.4880034449204129,0,0.0,0.4085286900068043,8,52.0
355.0,3,12.0,0.375,7.011427578731093,2,30.0,0.22843788014676802,1,18.0,0.25042288638110266,0,2.0,0.7221451809720355,3,50.0
360.0,2,6.0,0.20689655172413793,9.002817866499857,1,7.0,0.35351965990213274,1,8.0,0.7786699313525366,0,0.0,0.7463420671186991,2,15.0
365.0,1,11.0,0.3793103448275862,10.755537398506531,0,4.0,0.708436832398758,1,13.0,0.7942220109587211,0,0.0,0.8027363365180361,1,17.0
370.0,1,3.0,0.1,9.850019436569418,0,2.0,0.8893844559463222,0,2.0,0.7274114673375849,1,3.0,0.5491327377000924,1,7.0
375.0,4,11.0,0.4074074074074074,5.785527665263569,1,3.0,0.5064283937766508,3,12.0,0.3939055516596217,0,2.0,0.3423793872416928,4,17.0
380.0,5,15.0,0.5555555555555556,7.1976230610365475,4,16.0,0.32113891587699567,1,11.0,0.548923372231544,0,0.0,0.8438063361287335,5,27.0
385.0,2,0.0,0.0,7.97994541458539,1,14.0,0.4600540485491024,1,3.0,0.5513032357281766,0,2.0,0.6621970779402515,2,19.0
390.0,1,4.0,0.12121212121212122,10.66101550425356,0,2.0,0.7444500651172864,0,4.0,0.7544562085948002,1,6.0,0.7658981152145733,1,12.0
395.0,2,10.0,0.29411764705882354,9.091740316256661,0,0.0,0.6259960434553399,1,5.0,0.6113839453240394,1,11.0,0.6641796112818199,2,16.0
400.0,7,33.0,0.8918918918918919,8.449829791429726,1,0.0,0.7451386911622568,4,18.0,0.31217317078775914,2,19.0,0.5190153611274917,7,37.0
405.0,3,7.0,0.21212121212121213,7.663814620042516,0,0.0,0.7221421069809161,3,22.0,0.347427129926718,0,0.0,0.5523501808381731,3,22.0
410.0,4,12.0,0.36363636363636365,8.274872928088284,2,7.0,0.5244638564896947,1,12.0,0.43702298763497455,1,7.0,0.6365010262932288,4,26.0
415.0,3,3.0,0.0967741935483871,6.442827025264173,2,11.0,0.42774598936387326,1,11.0,0.26302603719722883,0,4.0,0.6204929122628634,3,26.0
420.0,7,28.0,0.9333333333333333,8.210934563134334,0,5.0,0.6855008768787652,6,36.0,0.35172127418759397,1,6.0,0.6053106596436812,7,47.0
425.0,8,57.0,1.8387096774193548,5.757714217243151,2,8.0,0.36254623959876087,6,66.0,0.39491287991857793,0,2.0,0.36028645241156737,8,76.0
430.0,9,36.0,1.125,5.187455375135954,6,32.0,0.2619332031949851,0,56.0,0.4351229848591102,3,11.0,0.23767181457581338,9,99.0
435.0,3,14.0,0.4375,6.353074953024386,3,44.0,0.3991726333890813,0,2.0,0.5423145400333486,0,13.0,0.37574250278893956,3,59.0
440.0,2,8.0,0.25806451612903225,9.804863848005912,1,22.0,0.6862260967448659,0,2.0,0.5597774077281125,1,7.0,0.7232481619120936,2,31.0
445.0,4,15.0,0.42857142857142855,8.380063413481391,2,24.0,0.4417449854107287,0,2.0,0.7982847902553347,2,12.0,0.6181614136830409,4,38.0
450.0,6,26.0,0.7027027027027027,8.262737569833368,6,45.0,0.28750902766047387,0,2.0,0.8777570660091085,0,2.0,0.7531613944749629,6,49.0
455.0,7,22.0,0.6666666666666666,5.786518762374788,4,51.0,0.29204562686656316,0,0.0,0.6819226421977663,3,8.0,0.30053186891915584,7,59.0
460.0,5,9.0,0.3103448275862069,6.85505671288715,3,23.0,0.34999394792050253,0,2.0,0.9193211598624609,2,10.0,0.4391022720378274,5,35.0
465.0,3,6.0,0.1935483870967742,7.951110602820384,3,22.0,0.12327532911353556,0,4.0,0.9461537107522758,0,3.0,0.54707188984654,3,29.0
470.0,7,37.0,1.15625,8.22526160334225,6,48.0,0.22405293856250402,0,4.0,0.8589177361036487,1,5.0,0.48189878371390815,7,57.0
475.0,5,25.0,0.8620689655172413,7.088059117860588,1,38.0,0.41232018325256276,2,9.0,0.5029151662131751,2,13.0,0.37358451332721243,5,60.0
480.0,5,41.0,1.28125,7.756118591831344,0,7.0,0.5552276767077424,3,24.0,0.38903246637353595,2,23.0,0.4838747802388151,5,54.0
485.0,0,0.0,0.0,9.412594005334018,0,0.0,0.7750026938861799,0,14.0,0.6304926435477767,0,11.0,0.7098686574988149,0,25.0
490.0,1,2.0,0.06666666666666667,10.730260230574816,1,4.0,0.8029471502833002,0,2.0,0.8084155539143586,0,2.0,0.5202232450452513,1,8.0
495.0,4,9.0,0.3333333333333333,9.756815390323945,2,9.0,0.6566062529025349,1,2.0,0.7148491783610657,1,3.0,0.6011673083025781,4,14.0
500.0,5,24.0,0.9230769230769231,9.082638661005138,3,19.0,0.5636915955507312,2,9.0,0.622556113633115,0,0.0,0.7344488408564734,5,28.0
505.0,2,1.0,0.038461538461538464,8.45357863355194,1,12.0,0.46974430869968725,1,3.0,0.495303917320774,0,0.0,0.7526733541343322,2,15.0
510.0,2,11.0,0.39285714285714285,9.796212241741559,0,0.0,0.4854589220560304,2,15.0,0.646469637276042,0,0.0,0.7130870256403964,2,15.0
515.0,1,0.0,0.0,8.995552274140048,0,0.0,0.660742988561118,0,10.0,0.782641081719605,1,0.0,0.3851539709556415,1,10.0
520.0,6,13.0,0.40625,9.473312165108595,0,0.0,0.7772558550839909,2,4.0,0.6738023513534966,4,13.0,0.45822637479957695,6,17.0
525.0,3,14.0,0.42424242424242425,8.216816691100137,0,0.0,0.7036960218288274,2,9.0,0.4105402988203358,1,17.0,0.4796487268117078,3,26.0
530.0,2,7.0,0.23333333333333334,8.831487964424529,2,7.0,0.4797134531622987,0,2.0,0.557846312024465,0,7.0,0.7592809969978876,2,16.0
535.0,3,7.0,0.22580645161290322,7.721207752940726,0,5.0,0.263172539509662,1,7.0,0.6928314638805928,2,9.0,0.3650565106024032,3,21.0
540.0,6,29.0,1.0740740740740742,8.080422771665454,0,0.0,0.5547197447690324,1,14.0,0.675262491914685,5,26.0,0.24453235475743115,6,40.0
545.0,3,14.0,0.5185185185185185,7.825622612707277,0,0.0,0.6208312972750881,0,2.0,0.9303086894960658,3,30.0,0.24698978494262025,3,32.0
550.0,1,3.0,0.1111111111111111,10.653987029123073,0,0.0,0.8566125687797633,0,2.0,0.9442100924702026,1,22.0,0.5045922636307406,1,24.0
555.0,1,0.0,0.0,9.757292178914076,0,0.0,0.9456990938467993,1,2.0,0.6077072290988604,0,13.0,0.5528485081058805,1,15.0
560.0,2,9.0,0.3103448275862069,10.33026193619525,0,0.0,0.6501707868289935,0,2.0,0.822964342236076,2,22.0,0.6278055415849096,2,24.0
565.0,3,1.0,0.03571428571428571,7.655390399832642,0,0.0,0.5665550830758442,1,3.0,0.5818974030443224,2,17.0,0.4013407374126314,3,20.0
570.0,4,15.0,0.5769230769230769,8.081661835261238,2,10.0,0.43836253982507045,0,3.0,0.7215050418034877,2,5.0,0.46436753071763726,4,18.0
575.0,2,5.0,0.19230769230769232,8.504671103401401,0,2.0,0.7982956672495103,1,4.0,0.4803498820520985,1,1.0,0.5243312510726029,2,7.0
580.0,4,15.0,0.5357142857142857,9.384774589046255,0,2.0,0.7720393919687055,1,5.0,0.593845598981249,3,17.0,0.5399242852969162,4,24.0
585.0,2,2.0,0.07407407407407407,8.75605739133147,0,2.0,0.8508070000762361,1,4.0,0.5961423865656877,1,9.0,0.5124091790158386,2,15.0
590.0,1,5.0,0.19230769230769232,9.959700117355624,0,0.0,0.9549677900529407,0,5.0,0.6907139691792676,1,7.0,0.6123517399734268,1,12.0
595.0,4,16.0,0.5333333333333333,9.49090233512456,0,2.0,0.7631039073666762,2,8.0,0.5185611531976559,2,12.0,0.6538670787250085,4,22.0
600.0,1,0.0,0.0,10.9105957055893,1,2.0,0.6246651239560393,0,2.0,0.846216652480002,0,0.0,0.905400920897022,1,4.0
605.0,4,5.0,0.15625,9.568093759456552,0,2.0,0.8399850346747761,2,6.0,0.5243554324737305,2,1.0,0.4705659013249449,4,9.0
610.0,6,24.0,0.8275862068965517,7.360824006434336,1,2.0,0.6482738041400373,5,24.0,0.249667021070718,0,0.0,0.5485830133504874,6,26.0
615.0,3,6.0,0.18181818181818182,7.310356724927522,2,1.0,0.48552678562848556,1,28.0,0.4124036930644559,0,0.0,0.5555488201234707,3,29.0
620.0,3,10.0,0.29411764705882354,10.150173272391003,2,11.0,0.5767931906553694,0,7.0,0.8286582163023759,1,3.0,0.6919850878045809,3,21.0
625.0,3,7.0,0.21875,9.696998274262844,1,12.0,0.6118937122842188,1,1.0,0.7439683668196516,1,8.0,0.6885252554792296,3,21.0
630.0,4,18.0,0.5806451612903226,7.834994088320121,1,5.0,0.5551373349619784,2,6.0,0.6057763543236767,1,15.0,0.5994452857522056,4,26.0
635.0,6,42.0,1.105263157894737,8.251064076670705,1,8.0,0.5783722525440492,4,20.0,0.5671492826261864,1,20.0,0.5941402131933994,6,48.0
640.0,5,26.0,0.6666666666666666,8.50775198258713,3,5.0,0.5722760757464128,0,13.0,0.5894389658318601,2,23.0,0.5848961882049839,5,41.0
645.0,5,48.0,1.2,8.600104959071729,4,24.0,0.4117580270109634,0,0.0,0.6252257696197682,1,28.0,0.6925481698290789,5,52.0
650.0,2,5.0,0.13513513513513514,8.843685882941049,2,25.0,0.553130845160812,0,0.0,0.950812400000829,0,4.0,0.6385797331802822,2,29.0
655.0,3,10.0,0.2631578947368421,9.316210772466427,0,6.0,0.7344711120067976,0,2.0,0.6106792285625616,3,12.0,0.565052196496718,3,20.0
660.0,2,6.0,0.15789473684210525,9.269664141147643,0,0.0,0.7023882354937431,0,2.0,0.9101894128211822,2,18.0,0.46336075993224274,2,20.0
665.0,0,0.0,0.0,10.536289217922963,0,0.0,0.7802695104939468,0,4.0,0.878212607085568,0,9.0,0.4100041906505287,0,13.0
670.0,1,0.0,0.0,10.07984024194805,0,0.0,0.5857374549464522,0,2.0,0.7760377356557796,1,0.0,0.591535502468052,1,2.0
675.0,1,0.0,0.0,10.90122089286594,0,0.0,0.7038127388952251,0,2.0,0.7966219717447648,1,0.0,0.7757612510975259,1,2.0
680.0,7,10.0,0.30303030303030304,8.388453794041043,3,5.0,0.2377890581400017,4,5.0,0.46631320288537226,0,0.0,0.847259863208046,7,10.0
685.0,8,26.0,0.7647058823529411,6.781136411239982,0,7.0,0.5314866688592125,7,26.0,0.282691682487809,1,0.0,0.6970376489051432,8,33.0
690.0,8,12.0,0.3157894736842105,6.119276209713621,2,1.0,0.4491103959784061,4,36.0,0.3632473038649451,2,3.0,0.4020017373867593,8,40.0
695.0,7,15.0,0.375,7.158111357680918,2,6.0,0.5336410824192507,3,22.0,0.38396033068019914,2,10.0,0.5810232133794626,7,38.0
700.0,4,24.0,0.5853658536585366,8.409542158409986,1,9.0,0.7459870094688277,1,22.0,0.3859392725033554,2,17.0,0.6672258611171245,4,48.0
705.0,7,41.0,1.025,6.884589323051206,1,2.0,0.5399245592425128,4,35.0,0.17375252408912248,2,25.0,0.5024335293757328,7,62.0
710.0,15,96.0,2.526315789473684,5.875220881165138,3,8.0,0.3562245315135192,9,71.0,0.2630605519762977,3,37.0,0.39854004769391194,15,116.0
715.0,8,44.0,1.0731707317073171,6.171156912027744,1,7.0,0.47035847135203285,6,86.0,0.34764397160428845,1,9.0,0.3558099629269907,8,102.0
720.0,4,16.0,0.36363636363636365,8.748003628007563,2,10.0,0.6649167125571348,1,59.0,0.48413861543974207,1,8.0,0.5206440788873951,4,77.0
725.0,1,0.0,0.0,8.535663930127562,1,2.0,0.7780096786793383,0,48.0,0.4795810906158765,0,3.0,0.5540773398160658,1,53.0
730.0,5,12.0,0.34285714285714286,7.84228777009927,1,0.0,0.7711771636236217,4,60.0,0.24863183138764605,0,2.0,0.7385955363179624,5,62.0
735.0,5,14.0,0.3888888888888889,7.499841624312809,0,0.0,0.6988689334913097,4,64.0,0.33126149814967587,1,2.0,0.59837306060271,5,66.0
740.0,2,7.0,0.18421052631578946,9.407581182778765,0,2.0,0.7555620164673812,0,14.0,0.6279539287599663,2,9.0,0.6074443258659871,2,25.0
745.0,3,18.0,0.4864864864864865,8.865444082526647,2,8.0,0.635456586313984,0,0.0,0.5766822971290436,1,14.0,0.6286488643951137,3,22.0
750.0,1,5.0,0.11363636363636363,7.910614347582603,0,8.0,0.5104867804889314,1,5.0,0.5280512705795258,0,5.0,0.5921942308417399,1,18.0
755.0,2,5.0,0.10638297872340426,9.372985895818577,0,0.0,0.6762179160337727,0,2.0,0.7988110311189945,2,7.0,0.6260157078802712,2,9.0
760.0,6,23.0,0.5,8.3045905937741,1,2.0,0.5128245519807326,0,2.0,0.6751979291078917,5,23.0,0.3883627065046695,6,27.0
765.0,6,18.0,0.4,6.778098238346842,3,15.0,0.30105155460279315,1,4.0,0.6711331028847906,2,22.0,0.2775529375585394,6,41.0
770.0,4,12.0,0.2553191489361702,7.389070899539788,1,8.0,0.4988079435677621,1,9.0,0.7125071763335229,2,7.0,0.3479751422438117,4,24.0
775.0,5,31.0,0.6326530612244898,9.008358536211388,0,1.0,0.7094482469364437,2,14.0,0.584344982727628,3,19.0,0.53627715371494,5,34.0
780.0,4,21.0,0.4375,9.389644211479009,1,4.0,0.7337959832953179,1,19.0,0.7325640633515078,2,8.0,0.5787362130638525,4,31.0
785.0,3,31.0,0.6595744680851063,9.030778079460458,0,0.0,0.5721843097489608,1,22.0,0.6678154410368347,2,9.0,0.6343770859185305,3,31.0
790.0,5,32.0,0.7804878048780488,8.589928026949323,1,0.0,0.6771345787735297,2,32.0,0.5317766310062538,2,4.0,0.6078902282256979,5,36.0
795.0,5,15.0,0.36585365853658536,9.119006810773048,2,1.0,0.6390404264601992,1,6.0,0.6936136659583679,2,12.0,0.6018905663293911,5,19.0
800.0,8,40.0,0.8888888888888888,8.553962154176194,2,6.0,0.5142776272559441,2,16.0,0.7511142217618381,4,22.0,0.4596493598974658,8,44.0
805.0,1,2.0,0.046511627906976744,8.479627130104708,0,5.0,0.5906899520561418,0,12.0,0.6392952912557264,1,3.0,0.5506393037112859,1,20.0
810.0,3,15.0,0.3191489361702128,9.340516457553866,1,5.0,0.5810224771384006,0,4.0,0.7582472156810506,2,12.0,0.5627055299205794,3,21.0
815.0,2,11.0,0.2391304347826087,9.947690525577904,2,13.0,0.7059092080686654,0,4.0,0.6657303684021096,0,8.0,0.6941366151485145,2,25.0
820.0,8,32.0,0.7272727272727273,8.7818068017553,4,24.0,0.5449440656224186,3,14.0,0.5715884506992469,1,0.0,0.6710724505726638,8,38.0
825.0,3,12.0,0.2727272727272727,8.759605061826427,0,4.0,0.5721050346327442,2,23.0,0.5383531445819627,1,5.0,0.6197458367653532,3,32.0
830.0,5,10.0,0.21739130434782608,8.20537434271965,4,10.0,0.406124959129654,0,12.0,0.5047251341947716,1,2.0,0.7171657708148317,5,24.0
835.0,8,45.0,1.0465116279069768,9.680955255772618,6,37.0,0.5458934454281543,0,2.0,0.801315495633753,2,10.0,0.6967603314247497,8,49.0
840.0,5,6.0,0.15,6.795607284127499,2,38.0,0.4414371314043157,2,6.0,0.1653178287171178,1,6.0,0.6098403111526169,5,50.0
845.0,7,29.0,0.7073170731707317,7.9325243645840775,2,10.0,0.44664425402661223,5,30.0,0.4330111099427104,0,0.0,0.781735929057953,7,40.0
850.0,1,10.0,0.22727272727272727,10.06768236964499,1,10.0,0.6572749196694863,0,26.0,0.7137407069792507,0,0.0,0.7080167798454162,1,36.0
855.0,4,4.0,0.0851063829787234,10.020956315793207,4,6.0,0.46359880116640245,0,2.0,0.9051338306659836,0,2.0,0.7797021836713536,4,10.0
860.0,5,25.0,0.5681818181818182,9.935288891474018,4,24.0,0.5893791987334058,0,0.0,0.8960146642887488,1,5.0,0.6265231031423866,5,29.0
865.0,7,19.0,0.4418604651162791,7.128493242600438,2,22.0,0.46027973868300054,3,6.0,0.27689701635638164,2,14.0,0.59339915830529,7,42.0
870.0,11,46.0,1.0454545454545454,6.020826927785964,4,11.0,0.30726667089925735,7,37.0,0.32655752952643297,0,7.0,0.4906586707530666,11,55.0
875.0,5,10.0,0.20408163265306123,7.720619227994919,2,7.0,0.3476091172487277,2,44.0,0.5468503962956249,1,0.0,0.7235732867898683,5,51.0
880.0,7,27.0,0.5094339622641509,9.049390418634689,5,21.0,0.46751618733528016,2,20.0,0.5938175174309864,0,2.0,0.6764784742573152,7,43.0
885.0,2,5.0,0.09803921568627451,8.540923639485676,1,24.0,0.42303078223717044,1,5.0,0.5308678791481222,0,2.0,0.7271018824569749,2,31.0
890.0,10,28.0,0.6086956521739131,8.119976505628953,3,18.0,0.4993929503359687,4,20.0,0.37498185027382275,3,7.0,0.5754480316532492,10,45.0
895.0,3,24.0,0.5581395348837209,7.981234602024033,2,21.0,0.5539080590981817,1,20.0,0.4849273169018477,0,8.0,0.48187568241363293,3,49.0
900.0,2,29.0,0.6304347826086957,9.40129975057258,2,33.0,0.6682695117217444,0,9.0,0.720610664570883,0,2.0,0.5214717537299656,2,44.0
905.0,4,42.0,0.8936170212765957,9.478701264226064,2,41.0,0.6780125956668659,0,2.0,0.7394762804629944,2,5.0,0.5539920233720069,4,48.0
910.0,6,68.0,1.446808510638298,9.477971516634133,2,49.0,0.5592879396942189,0,2.0,0.8597359781693866,4,21.0,0.5655074568710078,6,72.0
915.0,11,86.0,1.7916666666666667,7.510606624192381,4,66.0,0.5422148011434975,0,0.0,0.7895443291956714,7,37.0,0.39281988540886414,11,103.0
920.0,2,13.0,0.2653061224489796,8.54563060200814,0,13.0,0.610379954392685,0,2.0,0.8575376737723224,2,39.0,0.4885953586864524,2,54.0
925.0,6,34.0,0.6181818181818182,8.717162197476899,2,8.0,0.5462835360177323,1,5.0,0.6492209057193445,3,30.0,0.5020229504268592,6,43.0
930.0,4,5.0,0.08928571428571429,8.04372469985128,2,9.0,0.4511840843374408,0,6.0,0.7329825565908955,2,14.0,0.48358949787994837,4,29.0
935.0,7,26.0,0.45614035087719296,7.188516411858206,0,2.0,0.5625823772951062,1,6.0,0.4916207022443264,6,33.0,0.33979058937049134,7,41.0
940.0,10,30.0,0.5357142857142857,6.40418490260176,1,3.0,0.640796584783856,0,8.0,0.45730678153345483,9,56.0,0.20879222789601137,10,67.0
945.0,8,24.0,0.4067796610169492,7.22411768350281,3,11.0,0.5360623551191258,1,11.0,0.5828283584641074,4,46.0,0.3727648603721526,8,68.0
950.0,9,61.0,0.9384615384615385,8.48292602032115,4,28.0,0.562208010694151,2,17.0,0.7043988660596524,3,30.0,0.4779460072465562,9,75.0
955.0,5,30.0,0.46153846153846156,8.567787179320488,0,17.0,0.6064134641896363,2,25.0,0.7048563392780098,3,32.0,0.5057937953814265,5,74.0
960.0,11,33.0,0.5076923076923077,6.677509434333488,3,10.0,0.4349234253342166,1,1.0,0.467934780463597,7,38.0,0.3723498167719792,11,49.0
965.0,14,38.0,0.59375,5.15546466554304,3,18.0,0.25461645383894665,5,16.0,0.10030178511314045,6,43.0,0.32213791334199515,14,77.0
970.0,11,37.0,0.5606060606060606,6.130202069655128,5,22.0,0.3101492400983794,3,32.0,0.40844167528084513,3,36.0,0.37323840333798664,11,90.0
975.0,9,42.0,0.6268656716417911,7.573620867802339,6,40.0,0.47254075377405835,0,13.0,0.7235444570695498,3,38.0,0.3928015013133857,9,91.0
980.0,11,41.0,0.5540540540540541,7.539983353355612,3,31.0,0.4518670607787835,1,8.0,0.7331549904997707,7,56.0,0.3696444402097546,11,95.0
985.0,15,63.0,0.863013698630137,6.832297476427467,6,32.0,0.4875520388007004,3,13.0,0.39634526538586573,6,69.0,0.2933516220721381,15,114.0
990.0,16,49.0,0.7,5.671372443754503,7,51.0,0.34037836663520454,3,10.0,0.3613646376768323,6,54.0,0.2625960895876043,16,115.0
995.0,14,79.0,1.196969696969697,6.43913719806149,6,49.0,0.26599970122273753,5,25.0,0.5655454307747323,3,46.0,0.3672888286750951,14,120.0
1000.0,12,36.0,0.5217391304347826,6.40690605195388,6,60.0,0.2765739915110657,3,36.0,0.5939833565846834,3,33.0,0.3414412202082514,12,129.0
1005.0,14,65.0,0.9154929577464789,6.787240913308587,8,73.0,0.294701295370846,1,21.0,0.5241801954158649,5,41.0,0.40245637457192246,14,135.0
1010.0,15,55.0,0.859375,5.250883938492516,10,89.0,0.2405271251485318,1,15.0,0.3032919669415126,4,43.0,0.4063508442519654,15,147.0
1015.0,15,49.0,0.765625,5.5614658063373845,5,70.0,0.24770680488424662,7,45.0,0.4141938268364908,3,32.0,0.33220095622759255,15,147.0
1020.0,9,46.0,0.696969696969697,6.9477489554032665,3,55.0,0.41413229357745407,4,53.0,0.5016343891399606,2,29.0,0.37988383002451465,9,137.0
1025.0,14,78.0,1.1304347826086956,7.395152312055306,5,58.0,0.5238774015505578,3,33.0,0.49907472373658135,6,47.0,0.32124484555980287,14,138.0
1030.0,14,115.0,1.7164179104477613,7.511370631845712,6,80.0,0.5193063547410941,3,27.0,0.602918103615886,5,56.0,0.38607397919561365,14,163.0
1035.0,8,48.0,0.6956521739130435,7.334865057269801,1,49.0,0.5485394840220217,4,45.0,0.5772655146516553,3,43.0,0.39811718041472727,8,137.0
1040.0,8,25.0,0.36764705882352944,7.772713605361541,4,18.0,0.46245131966396563,2,37.0,0.5057754667341681,2,28.0,0.4854421214057988,8,83.0
1045.0,11,39.0,0.582089552238806,6.697585911666735,4,28.0,0.2977596612566476,5,19.0,0.4487755748708407,2,27.0,0.417220495632594,11,74.0
1050.0,10,54.0,0.8181818181818182,7.0347669580989,2,16.0,0.27023028389507503,4,33.0,0.5248894266973431,4,32.0,0.43764527922237273,10,81.0
1055.0,9,68.0,0.9577464788732394,8.688237713656463,3,21.0,0.602725401413872,2,24.0,0.5724637764956569,4,45.0,0.5091278959366349,9,90.0
1060.0,7,18.0,0.2465753424657534,8.033296337442298,2,16.0,0.5482451757629988,3,24.0,0.49790992608904755,2,36.0,0.5927224785894485,7,76.0
1065.0,12,59.0,0.7763157894736842,7.948416296041816,5,21.0,0.529753024987295,4,29.0,0.5045960817333064,3,16.0,0.5275448236108826,12,66.0
1070.0,15,58.0,0.7631578947368421,5.974739279316466,4,28.0,0.3893278771938941,4,33.0,0.32804009525587263,7,43.0,0.3441600160788302,15,104.0
1075.0,22,133.0,1.7972972972972974,5.328464164672644,2,17.0,0.33225514306681525,8,46.0,0.31916280377473705,12,90.0,0.2467313744931684,22,153.0
1080.0,21,119.0,1.63013698630137,5.458761077646988,5,29.0,0.35287727334059454,7,63.0,0.33174135745670574,9,110.0,0.21997295332712635,21,202.0
1085.0,12,83.0,1.1690140845070423,7.060379772835254,6,60.0,0.5035865422917307,3,53.0,0.42382365933844174,3,93.0,0.3856630976495063,12,206.0
1090.0,12,57.0,0.7702702702702703,7.016562817502006,3,49.0,0.5064403856901114,4,41.0,0.4102369763068091,5,95.0,0.4002127815506783,12,185.0
1095.0,13,57.0,0.7808219178082192,7.0819792301187485,4,41.0,0.4807805475611588,0,17.0,0.5406831811394526,9,120.0,0.3247295969357633,13,178.0
1100.0,19,59.0,0.8309859154929577,4.595498437746964,4,34.0,0.2551474839286087,5,20.0,0.2563077846618854,10,130.0,0.1926175988269634,19,184.0
1105.0,11,36.0,0.5294117647058824,5.720442540482497,2,22.0,0.37346289681768113,2,29.0,0.46932767276104875,7,107.0,0.2564996948727164,11,158.0
1110.0,7,29.0,0.3972602739726027,7.0671528626333275,1,11.0,0.5158737629113485,2,18.0,0.5988575123182134,4,81.0,0.3423413031690966,7,110.0
1115.0,10,31.0,0.4189189189189189,7.427136732322258,6,31.0,0.5118179436839367,2,16.0,0.5727045499386516,2,66.0,0.3677280577430641,10,113.0
1120.0,18,65.0,0.8783783783783784,5.904524979872398,2,32.0,0.38860746377363375,7,37.0,0.264544345306843,9,87.0,0.24284981508120954,18,156.0
1125.0,15,62.0,0.9393939393939394,4.999423596944031,1,6.0,0.3645894909005262,5,53.0,0.26220724324451095,9,109.0,0.18617889013185085,15,168.0
1130.0,7,32.0,0.49230769230769234,6.364709162984735,2,16.0,0.49840945214976495,0,34.0,0.5801857064133789,5,98.0,0.26120166183086735,7,148.0
1135.0,8,59.0,0.8428571428571429,8.209543098835795,3,26.0,0.576379401085637,0,16.0,0.7536345505692168,5,67.0,0.39081558496841207,8,109.0
1140.0,5,37.0,0.5068493150684932,8.047445594996383,2,34.0,0.6836258483310105,1,3.0,0.6545465973263257,2,57.0,0.38406998834303874,5,94.0
1145.0,15,82.0,1.1549295774647887,7.19165043977773,3,44.0,0.5783299192189109,2,10.0,0.6256558977939874,10,64.0,0.2858778577034864,15,118.0
1150.0,13,106.0,1.452054794520548,7.013685783029917,4,62.0,0.5943588694044308,3,22.0,0.5376695489478885,6,74.0,0.3125061268513135,13,158.0
1155.0,11,95.0,1.2837837837837838,6.504778404545918,5,82.0,0.5293425409702399,2,22.0,0.47111064716626055,4,53.0,0.3005474239127152,11,157.0
1160.0,14,141.0,1.855263157894737,6.64805910198266,6,105.0,0.44459655462965436,5,24.0,0.48985583018136986,3,37.0,0.2748483334385852,14,166.0
1165.0,13,78.0,0.975,7.580254170517461,5,87.0,0.4240524782681021,3,33.0,0.5455571581694376,5,41.0,0.42197065606368483,13,161.0
1170.0,9,19.0,0.24358974358974358,6.810431881617431,6,52.0,0.3277277969370841,1,28.0,0.45852929855844904,2,30.0,0.4174418621036049,9,110.0
1175.0,9,32.0,0.4050632911392405,7.104193813905644,3,43.0,0.4187930946127052,1,16.0,0.5050680399407154,5,33.0,0.3956641302012361,9,92.0
1180.0,16,49.0,0.6447368421052632,6.87890413369895,4,36.0,0.5654271370211167,2,22.0,0.6347233766171317,10,55.0,0.31583753508246104,16,113.0
1185.0,15,52.0,0.6666666666666666,6.699713108153111,5,43.0,0.5729290023451761,2,18.0,0.5337710789997414,8,67.0,0.28131777477589426,15,128.0
1190.0,12,25.0,0.2840909090909091,5.797604676891548,2,33.0,0.4041029681428607,5,25.0,0.5145613425040051,5,73.0,0.1923232848619129,12,131.0
1195.0,22,100.0,1.1494252873563218,6.121012242538754,7,27.0,0.2905038264137537,5,46.0,0.447027527103537,10,89.0,0.2523862318038101,22,162.0
1200.0,19,69.0,0.8625,3.9439557964473737,7,54.0,0.29851898499570306,3,43.0,0.11081651413795839,9,108.0,0.11894237255955159,19,205.0
1205.0,16,47.0,0.5802469135802469,4.91715012099141,3,45.0,0.33589212634099475,4,33.0,0.37247494342383175,9,103.0,0.24419040975513026,16,181.0
1210.0,10,22.0,0.25882352941176473,5.424215110269655,2,36.0,0.3933880781920657,3,38.0,0.4207331632871996,5,118.0,0.2533790744528287,10,192.0
1215.0,27,107.0,1.1630434782608696,5.367295369571598,8,62.0,0.28076657851256737,7,59.0,0.3486114390632694,12,137.0,0.17924362192991908,27,258.0
1220.0,22,82.0,0.9534883720930233,4.775114662620017,5,69.0,0.2894325866202079,6,71.0,0.18759869105336854,11,153.0,0.1708770309190809,22,293.0
1225.0,18,59.0,0.7375,4.606950924686609,5,46.0,0.29189972870679776,2,53.0,0.4227658314507026,11,143.0,0.17499670899576503,18,242.0
1230.0,10,33.0,0.375,6.112315266852926,2,43.0,0.4530562699882583,1,32.0,0.6191661461254829,7,160.0,0.26091917561994976,10,235.0
1235.0,12,62.0,0.6666666666666666,6.552741011722254,4,51.0,0.4182949428382722,1,26.0,0.6649625182701675,7,175.0,0.23988724903852057,12,252.0
1240.0,19,99.0,1.1785714285714286,4.382692403464112,5,59.0,0.25591841318833836,0,2.0,0.511705250697067,14,215.0,0.1307746461526601,19,276.0
1245.0,25,113.0,1.3780487804878048,3.891712156394545,5,57.0,0.2643625774745003,5,19.0,0.39827245908321773,15,237.0,0.09612232761881924,25,313.0
1250.0,19,81.0,0.9759036144578314,4.716462520753928,4,50.0,0.28373641065235117,1,24.0,0.5797872257574179,14,225.0,0.13025167071777285,19,299.0
1255.0,13,66.0,0.7586206896551724,5.521214720023423,3,59.0,0.4475970930201836,0,4.0,0.8019025301636915,10,265.0,0.18757742060740662,13,328.0
1260.0,13,42.0,0.4666666666666667,5.784363649885429,1,47.0,0.5254665021028848,0,2.0,0.8594445078972578,12,317.0,0.1597690471889641,13,366.0
1265.0,20,57.0,0.6551724137931034,4.528334144485952,5,37.0,0.4634638112803538,2,1.0,0.4901839556014266,13,326.0,0.11702976853927918,20,364.0
1270.0,16,49.0,0.5764705882352941,4.0382693530886815,5,47.0,0.27977565988103625,1,4.0,0.5484853210813372,10,288.0,0.11858610629746652,16,339.0
1275.0,17,65.0,0.7222222222222222,5.593832993437956,4,43.0,0.39248682511168403,5,13.0,0.5273456771549462,8,219.0,0.16795389575160743,17,275.0
1280.0,10,73.0,0.7849462365591398,6.348813064711229,3,31.0,0.34823982859333436,1,18.0,0.7027596168045661,6,198.0,0.2355367057329288,10,247.0
1285.0,11,56.0,0.6021505376344086,5.799975900258096,5,49.0,0.2917410857733979,2,12.0,0.5705956025242767,4,184.0,0.24736129341548638,11,245.0
1290.0,14,37.0,0.3978494623655914,5.077400782672702,5,59.0,0.27273640899174906,3,13.0,0.3694150123512901,6,169.0,0.259006508604252,14,241.0
1295.0,18,59.0,0.6483516483516484,5.265929205179232,3,37.0,0.2998783430784092,7,39.0,0.2853896322180396,8,175.0,0.2722412187328722,18,251.0
1300.0,22,105.0,1.1797752808988764,4.80066342820743,2,40.0,0.2267772185296449,12,93.0,0.2569958932043755,8,155.0,0.21426762183229744,22,288.0
1305.0,20,113.0,1.2417582417582418,5.025676656055018,8,64.0,0.1849729913018235,6,110.0,0.29077280088146695,6,126.0,0.2406237913129117,20,300.0
1310.0,11,31.0,0.34444444444444444,4.993630157952393,4,72.0,0.25694719061127974,2,74.0,0.3726241028439771,5,116.0,0.30343472107860514,11,262.0
1315.0,12,44.0,0.4782608695652174,6.190141934273895,4,56.0,0.3491351732559639,0,15.0,0.5753520867075482,8,106.0,0.29846972596691174,12,177.0
1320.0,18,105.0,1.141304347826087,6.498661379316125,4,37.0,0.39352225555086234,0,3.0,0.8885934390029909,14,161.0,0.23054935403438606,18,201.0
1325.0,21,119.0,1.3222222222222222,5.130695145110048,4,39.0,0.38646072239422125,1,3.0,0.6761419451008815,16,199.0,0.12233758716552577,21,241.0
1330.0,23,125.0,1.3888888888888888,5.076345813138279,6,56.0,0.38311307658544147,3,17.0,0.5821161035361434,14,202.0,0.13300632884800406,23,275.0
1335.0,24,122.0,1.297872340425532,4.860725645499053,9,85.0,0.29066585487881985,2,18.0,0.5098262996464997,13,226.0,0.16568009059287006,24,329.0
1340.0,12,41.0,0.41,5.530807264167895,3,71.0,0.38781053183523245,0,4.0,0.4822142430935971,9,258.0,0.19938735958725998,12,333.0
1345.0,15,41.0,0.3942307692307692,5.43960032677369,4,33.0,0.4465622687330678,1,0.0,0.44176735822550867,10,264.0,0.15702286123928502,15,297.0
1350.0,16,40.0,0.41237113402061853,4.526311137979815,8,48.0,0.2731369472004318,1,4.0,0.50414633765958,7,225.0,0.15723982240997006,16,277.0
1355.0,23,97.0,0.97,4.808992545821709,10,74.0,0.13634997205846122,6,25.0,0.46594767790089636,7,171.0,0.18018437448453764,23,270.0
1360.0,13,34.0,0.3333333333333333,5.206742963196571,6,89.0,0.2376397696467375,5,37.0,0.44716590199682316,2,170.0,0.22398227808710913,13,296.0
1365.0,15,45.0,0.4368932038834951,5.3181559618028995,4,69.0,0.28977220709835855,3,30.0,0.3588780525602792,8,171.0,0.2336867142878549,15,270.0
1370.0,15,73.0,0.7448979591836735,5.219246304327356,8,81.0,0.3609591464014716,1,26.0,0.34843767330653697,6,169.0,0.20010687058996718,15,276.0
1375.0,15,64.0,0.7111111111111111,4.827279255010986,9,90.0,0.29928629657131267,2,28.0,0.5278427020025439,4,135.0,0.22448194920599746,15,253.0
1380.0,11,55.0,0.5851063829787234,5.595460798257057,8,99.0,0.3450928431293643,0,17.0,0.6080525080740962,3,87.0,0.1951668685936524,11,203.0
1385.0,13,60.0,0.6122448979591837,5.899587884464165,6,123.0,0.26686648324241663,2,21.0,0.5920681849962617,5,78.0,0.26062326483514175,13,222.0
1390.0,17,126.0,1.2727272727272727,5.818284349485747,7,140.0,0.18941985779288625,5,41.0,0.3744199094305124,5,83.0,0.31241469319486076,17,264.0
1395.0,17,58.0,0.6105263157894737,5.538808900280425,11,164.0,0.19370317627394495,4,45.0,0.3432773479603121,2,58.0,0.4191753686321378,17,267.0
1400.0,16,57.0,0.6,5.554869950032881,8,148.0,0.21853050501887353,1,21.0,0.4143159587218681,7,45.0,0.34914191163769215,16,214.0
1405.0,18,83.0,0.8924731182795699,5.925770342274989,8,121.0,0.2888397293377669,1,6.0,0.6439295950969637,9,68.0,0.25146769691043136,18,195.0
1410.0,12,42.0,0.42857142857142855,5.478261585838716,4,126.0,0.30801917899591824,2,14.0,0.6421366195898129,6,72.0,0.20951007626593038,12,212.0
1415.0,15,59.0,0.5673076923076923,5.296140617638116,5,106.0,0.3074014048769016,5,32.0,0.4127236671464037,5,85.0,0.23677492426586047,15,223.0
1420.0,25,114.0,1.1287128712871286,4.786853834987866,11,140.0,0.2121912177317916,3,27.0,0.3381957907052135,11,107.0,0.2323397399178055,25,274.0
1425.0,34,208.0,2.2127659574468086,3.7713421477907025,19,216.0,0.12858170843541497,4,26.0,0.23095070321422254,11,134.0,0.14889123018773734,34,376.0
1430.0,36,223.0,2.3978494623655915,3.276373735441224,20,266.0,0.10539084923830074,5,47.0,0.4087129048865584,11,137.0,0.13697905969184868,36,450.0
1435.0,22,109.0,1.1237113402061856,4.406983477429486,13,260.0,0.17282371331868976,0,38.0,0.5625288942192244,9,155.0,0.2060888053011059,22,453.0
1440.0,24,108.0,1.0285714285714285,5.62024549115682,12,210.0,0.19762229944182982,3,5.0,0.6701174240030983,9,163.0,0.24618200642911672,24,378.0
1445.0,28,140.0,1.3592233009708738,5.442783186306133,13,218.0,0.32025507397655356,3,9.0,0.6927104786223147,12,176.0,0.14682329802132868,28,403.0
1450.0,21,85.0,0.8018867924528302,4.961181594294262,8,220.0,0.2957149686660161,2,17.0,0.5727325754181778,11,165.0,0.16574287996555642,21,402.0
1455.0,14,54.0,0.4864864864864865,4.931927029475177,6,222.0,0.27880657713557944,4,22.0,0.4673804757062761,4,181.0,0.1766118359128415,14,425.0
1460.0,23,60.0,0.5405405405405406,4.236316946258956,7,220.0,0.18501578517586223,4,23.0,0.28960305426048183,12,180.0,0.16490424831434364,23,423.0
1465.0,24,128.0,1.2427184466019416,4.851877903953325,7,201.0,0.26400196171199425,3,29.0,0.4316185342784787,14,238.0,0.19108935890477208,24,468.0
1470.0,27,168.0,1.731958762886598,4.542542237968061,6,178.0,0.3078928837705098,5,36.0,0.403666583461343,16,260.0,0.14537990958985694,27,474.0
1475.0,24,159.0,1.606060606060606,4.856764010159705,6,182.0,0.35239066560477256,2,28.0,0.4683886312568743,16,253.0,0.11825558046867501,24,463.0
1480.0,22,101.0,1.0,4.5871522404679075,3,160.0,0.2509646396311466,4,27.0,0.49524989665447666,15,315.0,0.12076847124831301,22,502.0
1485.0,27,132.0,1.2941176470588236,4.788965228954877,6,143.0,0.30683221493989316,7,56.0,0.26706368536506214,14,358.0,0.14288607642362178,27,557.0
1490.0,31,153.0,1.6105263157894736,3.660515459208172,11,148.0,0.15808255325436077,6,69.0,0.21921445034813167,14,376.0,0.10986856176265622,31,593.0
1495.0,24,91.0,1.0459770114942528,3.7431825660798497,9,157.0,0.23948591490191187,3,63.0,0.36420154247503034,12,326.0,0.1464142417899772,24,546.0
1500.0,13,48.0,0.5274725274725275,4.910954297989731,8,128.0,0.3085691966119802,0,54.0,0.5506703097276368,5,333.0,0.18335683571636266,13,515.0
1505.0,22,73.0,0.73,5.522624049221547,10,106.0,0.26454833601099614,3,64.0,0.559456754039235,9,352.0,0.1615618913477839,22,522.0
1510.0,19,78.0,0.7878787878787878,4.736665583516822,7,94.0,0.256009541608996,3,64.0,0.4083642636643988,9,334.0,0.1360658823455538,19,492.0
1515.0,12,26.0,0.25742574257425743,4.875223540243327,3,92.0,0.32479897650669953,3,48.0,0.34299375903410795,6,277.0,0.24905625728314043,12,417.0
1520.0,12,37.0,0.3333333333333333,5.699571246542953,4,79.0,0.3849394736347832,4,31.0,0.388772952911866,4,245.0,0.2744400781929908,12,355.0
1525.0,14,58.0,0.5132743362831859,5.6431651884105545,7,101.0,0.37408360766078985,1,24.0,0.3756086453237343,6,257.0,0.19376760395424633,14,382.0
1530.0,24,83.0,0.7545454545454545,4.21879523534283,8,115.0,0.24462856708658576,6,30.0,0.26831148434486257,10,248.0,0.1316378217164991,24,393.0
1535.0,29,97.0,0.9065420560747663,4.009727739866588,12,124.0,0.17136442304594746,8,49.0,0.3501710005616184,9,209.0,0.1576334568868794,29,382.0
1540.0,18,60.0,0.5555555555555556,4.0807511476901785,7,159.0,0.22565893447435262,7,59.0,0.298396275058975,4,222.0,0.20376197960654538,18,440.0
1545.0,21,77.0,0.6637931034482759,4.459161724442284,8,172.0,0.24588956521139352,4,72.0,0.30787626461454115,9,236.0,0.14183525938399671,21,480.0
1550.0,29,127.0,1.1238938053097345,4.001567913100541,11,212.0,0.19958272749939865,7,72.0,0.2127563399744754,11,231.0,0.14830009428709603,29,515.0
1555.0,27,158.0,1.490566037735849,3.708338760682136,13,269.0,0.08317726564550544,7,90.0,0.22531005437439944,7,187.0,0.17382489371361562,27,546.0
1560.0,34,248.0,2.361904761904762,4.25572980671451,17,348.0,0.15014580196782537,9,93.0,0.2833987750567968,8,141.0,0.2705956435421494,34,582.0
1565.0,26,205.0,1.8807339449541285,4.340586106577034,16,376.0,0.1842376945710496,5,96.0,0.3705929103565118,5,155.0,0.2554995714828437,26,627.0
1570.0,32,208.0,1.8245614035087718,4.556393786459537,16,367.0,0.18329411543511956,7,94.0,0.26673047683983253,9,178.0,0.2193154819027714,32,639.0
1575.0,31,191.0,1.7207207207207207,3.78381191081169,15,433.0,0.15222151846708412,7,104.0,0.2631676024577105,9,183.0,0.16080804806112767,31,720.0
1580.0,31,197.0,1.8240740740740742,4.2022457327856335,16,510.0,0.20798500473813725,4,84.0,0.32380627706758336,11,172.0,0.20938612982863228,31,766.0
1585.0,24,157.0,1.4672897196261683,4.09944733493238,14,583.0,0.2302701087471462,3,85.0,0.31222256316176283,7,208.0,0.17977384641080918,24,876.0
1590.0,33,166.0,1.509090909090909,3.7263288308913793,12,584.0,0.1697824533413086,10,86.0,0.16402889280936925,11,227.0,0.1309940145705869,33,897.0
1595.0,34,155.0,1.4485981308411215,3.5157240465133532,15,537.0,0.14109942189657018,7,101.0,0.27853855469487554,12,240.0,0.10003696048722702,34,878.0
1600.0,22,86.0,0.8349514563106796,4.146836947291628,9,538.0,0.1850500211002886,2,68.0,0.5117785143460079,11,213.0,0.17973989962299572,22,819.0
1605.0,18,60.0,0.5405405405405406,4.935895636993152,10,560.0,0.21704242465502266,4,65.0,0.3889391202335415,4,211.0,0.2630534658351484,18,836.0
1610.0,27,102.0,0.9026548672566371,4.432194616534639,10,547.0,0.18096665539020393,8,87.0,0.31032390542084404,9,225.0,0.19925392471542916,27,859.0
1615.0,28,104.0,1.0097087378640777,3.8303850279076594,9,495.0,0.18804583272447747,8,103.0,0.3149958159438049,11,230.0,0.16343924361720055,28,828.0
1620.0,16,53.0,0.5047619047619047,4.377625280496623,2,495.0,0.24212709492802584,4,68.0,0.3903981626857685,10,198.0,0.1935491231983677,16,761.0
1625.0,12,44.0,0.4036697247706422,4.879586380943836,5,503.0,0.19936453700846746,3,77.0,0.3805816356714109,4,187.0,0.24109474842156145,12,767.0
1630.0,20,70.0,0.6481481481481481,4.021325281140689,6,475.0,0.15158066620302374,7,85.0,0.19489956428827565,7,202.0,0.15989967912214262,20,762.0
1635.0,19,56.0,0.5544554455445545,3.890842772098891,4,400.0,0.244439650732369,8,89.0,0.18731817194311762,7,190.0,0.13725446857052248,19,679.0
1640.0,12,42.0,0.42857142857142855,4.881197714473132,1,296.0,0.3435152488099701,5,66.0,0.45134073324549456,6,150.0,0.17776013980771588,12,512.0
1645.0,9,35.0,0.3333333333333333,4.796438466736663,1,285.0,0.30763892590717423,3,47.0,0.4619982874684319,5,152.0,0.18983316285810928,9,484.0
1650.0,14,42.0,0.4,4.490291852532676,4,294.0,0.32012029339774234,2,36.0,0.36067280564983006,8,168.0,0.16424628426636254,14,498.0
1655.0,21,84.0,0.8155339805825242,4.202871265953157,6,319.0,0.24287420847284263,4,33.0,0.27491829062478157,11,170.0,0.16262647796586238,21,522.0
1660.0,24,89.0,0.8811881188118812,3.7053245387896037,8,308.0,0.1726630618517961,6,46.0,0.21742314194281315,10,147.0,0.17013746986938433,24,501.0
1665.0,17,66.0,0.66,4.726782365700527,6,215.0,0.262982761723549,4,47.0,0.4260470000870533,7,158.0,0.22102190065156443,17,420.0
1670.0,13,57.0,0.5533980582524272,4.886515484337641,5,171.0,0.297714892405223,1,40.0,0.41933878231512445,7,176.0,0.20539130193325164,13,387.0
1675.0,20,76.0,0.7169811320754716,4.691071050550567,6,105.0,0.272347950976066,6,46.0,0.37102555273582066,8,176.0,0.14961704347480037,20,327.0
1680.0,18,87.0,0.8613861386138614,4.819939893576634,5,91.0,0.32320988314279986,5,58.0,0.4011707396175469,8,156.0,0.15363440755709984,18,305.0
1685.0,12,26.0,0.2524271844660194,4.531975341021915,1,71.0,0.3808471252828684,3,39.0,0.3480621117228251,8,185.0,0.18653375414414985,12,295.0
1690.0,17,77.0,0.6936936936936937,5.338766550717157,4,64.0,0.4415834315191767,2,26.0,0.34642790991749634,11,204.0,0.20407236521169703,17,294.0
1695.0,19,59.0,0.5221238938053098,4.662056587109963,4,60.0,0.45340407938077004,3,26.0,0.31733202881635414,12,220.0,0.12663185913607636,19,306.0
1700.0,27,76.0,0.6909090909090909,4.100432994426722,5,51.0,0.276424117779722,7,42.0,0.33410558168420695,15,203.0,0.11400944496722977,27,296.0
1705.0,25,110.0,0.9734513274336283,4.244907123667599,4,57.0,0.27565515598629664,12,91.0,0.3076567632584333,9,219.0,0.1505720463638014,25,367.0
1710.0,23,111.0,0.9487179487179487,4.22158681274094,6,72.0,0.24742023319031017,11,119.0,0.18581282260863408,6,235.0,0.16143123410626223,23,426.0
1715.0,25,84.0,0.7777777777777778,3.413556544447616,9,87.0,0.19765203896260902,6,90.0,0.24853404505902535,10,240.0,0.17286386652867633,25,417.0
1720.0,27,96.0,0.897196261682243,3.908626698894717,12,97.0,0.2633389773474656,5,78.0,0.40494041549581183,10,216.0,0.15432011440679272,27,391.0
1725.0,25,152.0,1.3217391304347825,4.4785204401897705,11,115.0,0.2780985951979068,2,72.0,0.4635346516776264,12,195.0,0.15110607152053693,25,382.0
1730.0,21,109.0,0.8650793650793651,4.510976360040553,7,128.0,0.21326110843637724,6,83.0,0.4518877418598722,8,207.0,0.19465450921544145,21,418.0
1735.0,27,83.0,0.6587301587301587,4.086440590615936,10,114.0,0.1581620295679965,7,92.0,0.2585200343734541,10,202.0,0.19833087972299196,27,408.0
1740.0,31,139.0,1.1680672268907564,4.068002768856948,10,141.0,0.21131896817864987,7,91.0,0.14134783391002909,14,227.0,0.2240925037089608,31,459.0
1745.0,27,135.0,1.1440677966101696,3.7968496355903825,9,139.0,0.23630976411189678,3,105.0,0.29879933989195456,15,253.0,0.14047820226511457,27,497.0
1750.0,31,116.0,0.9508196721311475,4.344731140101407,8,130.0,0.24023733057509972,7,115.0,0.3833358502686688,16,247.0,0.12173080230182284,31,492.0
1755.0,29,124.0,0.9841269841269841,4.269950355426041,9,125.0,0.18176827593176956,5,111.0,0.30477148723084574,15,227.0,0.151262009590406,29,463.0
1760.0,32,153.0,1.2338709677419355,4.418885925132459,15,149.0,0.2159402631374301,8,92.0,0.2807389970551315,9,257.0,0.23520018122839242,32,498.0
1765.0,32,191.0,1.578512396694215,4.413454168058036,17,209.0,0.23984639429555082,7,92.0,0.2806567069989919,8,266.0,0.1921953266585771,32,567.0
1770.0,34,233.0,1.9914529914529915,4.021958080616552,15,248.0,0.12771000860027962,5,91.0,0.2845996337378001,14,287.0,0.16879455518853462,34,626.0
1775.0,40,264.0,2.3157894736842106,3.348214073465107,13,216.0,0.1284382165291399,7,92.0,0.24855813127122445,20,369.0,0.15093433367903414,40,677.0
1780.0,41,262.0,2.2586206896551726,3.207224287279419,9,247.0,0.2083936974083133,8,88.0,0.24853225416900038,24,422.0,0.14615179725347385,41,757.0
1785.0,46,305.0,2.563025210084034,3.6366320235904532,14,297.0,0.23347598227999755,9,94.0,0.25359092973110836,23,420.0,0.16443132974318925,46,811.0
1790.0,45,300.0,2.542372881355932,3.6378528897454356,15,326.0,0.17902596073371502,12,130.0,0.28146323525990274,18,404.0,0.19103355628250127,45,860.0
1795.0,36,241.0,2.042372881355932,3.9543417555074334,9,299.0,0.14830110933705035,11,144.0,0.3521025364803983,16,384.0,0.17672235096322436,36,827.0
1800.0,25,105.0,0.8823529411764706,4.329659956714696,6,312.0,0.17110926435965793,9,146.0,0.33447255912458723,10,389.0,0.2299468539500645,25,847.0
1805.0,26,121.0,0.9918032786885246,4.749941043991177,9,320.0,0.1486839635665532,10,140.0,0.2730714623248962,7,370.0,0.23971851760174273,26,830.0
1810.0,35,191.0,1.6324786324786325,4.048931103095309,10,328.0,0.1441830259579718,15,176.0,0.18242094730761071,10,360.0,0.22028287730563348,35,864.0
1815.0,34,255.0,2.361111111111111,3.563613329830338,8,287.0,0.1788622840401673,18,242.0,0.2531314260959677,8,305.0,0.19858149961918628,34,834.0
1820.0,31,372.0,3.3214285714285716,4.933388092409909,6,224.0,0.24780155552640581,18,312.0,0.3324118916658528,7,219.0,0.1701032332581828,31,755.0
1825.0,25,255.0,2.1982758620689653,4.18040909701973,5,228.0,0.19464659063936127,15,335.0,0.22964542721295927,5,220.0,0.2320721884942394,25,783.0
1830.0,29,142.0,1.1932773109243697,4.250810120449411,9,243.0,0.2613141231410321,11,279.0,0.11858275153227456,9,217.0,0.22680354939960307,29,739.0
1835.0,31,132.0,1.1578947368421053,4.10380551904193,8,241.0,0.26614337323517767,9,325.0,0.1617182253732351,14,251.0,0.21174876769571752,31,817.0
1840.0,37,228.0,2.017699115044248,3.8022187388900637,9,203.0,0.2539083071354986,7,345.0,0.22652229147393646,21,337.0,0.11761878893922235,37,885.0
1845.0,31,201.0,1.7787610619469028,2.9839776017072634,6,214.0,0.20190682173279503,8,325.0,0.15997382181241585,17,368.0,0.12091930009629899,31,907.0
1850.0,31,149.0,1.2627118644067796,3.7361598190540017,8,222.0,0.19697262453332567,9,233.0,0.18336097731839382,14,332.0,0.21944776577836644,31,787.0
1855.0,32,157.0,1.2764227642276422,4.287229916090406,8,225.0,0.21416322618745456,13,191.0,0.21079383086685463,11,356.0,0.28827112944176053,32,772.0
1860.0,33,165.0,1.3095238095238095,4.019082282020711,8,190.0,0.20653492675594318,11,223.0,0.24452548606598068,14,412.0,0.2084866649061817,33,825.0
1865.0,40,181.0,1.4140625,3.727909872822274,12,164.0,0.19703155551093832,12,236.0,0.25200052934429706,16,422.0,0.11098304900948408,40,822.0
1870.0,35,202.0,1.578125,3.7307715537482045,11,199.0,0.15929298366988157,14,285.0,0.241911770925827,10,372.0,0.14724498252132118,35,856.0
1875.0,37,198.0,1.5590551181102361,3.501430036304074,12,221.0,0.16890574451217485,17,308.0,0.1461178585017588,8,377.0,0.18899619346103408,37,906.0
1880.0,33,189.0,1.5241935483870968,3.6501097095951383,10,240.0,0.21924817181929643,14,269.0,0.12694410327098873,9,398.0,0.1809589877787842,33,907.0
1885.0,34,195.0,1.5725806451612903,3.9517063762953044,9,242.0,0.23086036538842952,10,303.0,0.18458965728380616,15,450.0,0.1861348349571869,34,995.0
1890.0,33,151.0,1.2479338842975207,3.576984424702112,8,170.0,0.22099410101868197,11,296.0,0.1884626944173663,14,445.0,0.11240344669323182,33,911.0
1895.0,30,131.0,1.1101694915254237,3.5330241309382036,11,179.0,0.21007253203491372,8,293.0,0.21441261898368208,11,354.0,0.1264890067481108,30,826.0
1900.0,26,86.0,0.6825396825396826,3.742399078508152,11,212.0,0.18706016269360448,6,237.0,0.23711486222583072,9,371.0,0.20206512657281087,26,820.0
1905.0,33,104.0,0.8062015503875969,4.214397416160434,15,203.0,0.21532917638142887,6,212.0,0.19794449003001313,12,406.0,0.21319610408355943,33,821.0
1910.0,30,137.0,1.078740157480315,3.8180959014763167,10,223.0,0.24553975934116223,8,211.0,0.18908348860177138,12,409.0,0.1298932709135572,30,843.0
1915.0,35,190.0,1.5702479338842976,3.6319694510267375,17,265.0,0.16524258562610694,8,197.0,0.20679363042537363,10,356.0,0.19429507074737792,35,818.0
1920.0,38,207.0,1.656,3.8394269922778785,18,302.0,0.1774941776019737,10,168.0,0.23339744453529493,10,316.0,0.2608900274979417,38,786.0
1925.0,25,123.0,0.9534883720930233,3.9383896357604997,11,276.0,0.21649536258893243,6,183.0,0.2481539789426223,8,303.0,0.21382897000989698,25,762.0
1930.0,32,144.0,1.0827067669172932,4.046526821724594,15,250.0,0.19067021538880197,10,189.0,0.1886304454845425,7,286.0,0.1935264155919202,32,725.0
1935.0,34,142.0,1.0923076923076922,3.217401886569694,14,298.0,0.14105509656860762,9,196.0,0.11605004703832507,11,289.0,0.14678150006725954,34,783.0
1940.0,35,138.0,1.0866141732283465,3.740686144698217,13,317.0,0.205799806629325,10,182.0,0.17118571589576845,12,260.0,0.20156694276565795,35,759.0
1945.0,32,153.0,1.1590909090909092,4.403292857365865,9,331.0,0.27608461928820766,13,161.0,0.2197860691849117,10,271.0,0.2593306922518578,32,763.0
1950.0,25,115.0,0.8712121212121212,4.569418207116472,8,305.0,0.2599310410009092,9,163.0,0.23943246125053733,8,252.0,0.2714171261317791,25,720.0
1955.0,29,151.0,1.126865671641791,3.8857852714941155,12,329.0,0.19582262834597655,10,160.0,0.19487261700369243,7,231.0,0.15224537205640026,29,720.0
1960.0,31,121.0,0.9097744360902256,3.4998392087733246,14,361.0,0.13501648274531539,8,181.0,0.20902757493927432,9,197.0,0.1488238389859913,31,739.0
1965.0,33,150.0,1.1278195488721805,4.201507321337297,13,359.0,0.190678721936774,8,185.0,0.23639044962415864,12,201.0,0.17316715393308155,33,745.0
1970.0,31,165.0,1.2406015037593985,4.0900703686319435,14,368.0,0.19968964346239187,10,193.0,0.1658367806579344,7,220.0,0.1981700508712439,31,781.0
1975.0,38,253.0,1.9765625,4.2384712022134465,19,423.0,0.1722698018847277,10,182.0,0.1897692908124462,9,206.0,0.21754377941183814,38,811.0
1980.0,41,268.0,2.2333333333333334,3.6889729790928225,19,448.0,0.10976346877185404,13,175.0,0.16301786303318505,9,198.0,0.16975405205574753,41,821.0
1985.0,42,240.0,2.0869565217391304,3.4949294884728013,19,413.0,0.12095172152395288,14,200.0,0.24872364568335997,9,169.0,0.18432463724379608,42,782.0
1990.0,37,155.0,1.3362068965517242,3.585271544811497,15,437.0,0.18518557505072472,13,170.0,0.21560845325457217,9,183.0,0.20636691758871994,37,790.0
1995.0,33,162.0,1.361344537815126,4.321158631951197,16,495.0,0.20724446840726016,11,187.0,0.15542935353226972,6,183.0,0.2510425954538093,33,865.0
2000.0,37,202.0,1.8035714285714286,3.6089650218393907,18,577.0,0.16614583173527847,10,210.0,0.16142181730766983,9,190.0,0.12979072433830605,37,977.0
2005.0,33,149.0,1.3545454545454545,2.8941376251032227,14,575.0,0.1218848379668886,8,220.0,0.184080456606203,11,172.0,0.12158676199620777,33,967.0
2010.0,19,69.0,0.6106194690265486,4.107597377772343,10,492.0,0.2172902036082433,7,199.0,0.28141425067965603,2,155.0,0.26907761470080405,19,846.0
2015.0,19,57.0,0.4789915966386555,3.9577368634308154,8,522.0,0.215256420592483,7,202.0,0.15783595725142674,4,144.0,0.2748511441974742,19,868.0
2020.0,30,124.0,1.0,4.039308695239687,13,563.0,0.14676867461045762,9,212.0,0.11962894365829464,8,172.0,0.23151188490943098,30,947.0
2025.0,34,168.0,1.4608695652173913,3.504009678072227,12,546.0,0.12974961855583583,14,247.0,0.14383247454766923,8,175.0,0.17253663175809694,34,968.0
2030.0,34,153.0,1.3783783783783783,3.2891908309569833,13,470.0,0.12542210483551972,13,272.0,0.22911520146760314,8,132.0,0.17351424002773205,34,874.0
2035.0,31,124.0,1.0689655172413792,3.614827952560961,13,514.0,0.1492986146944717,9,238.0,0.25948993767960593,9,127.0,0.24493713249311594,31,879.0
2040.0,31,105.0,0.84,3.8713064878685075,15,553.0,0.15661311493688257,13,282.0,0.21639514452472267,3,138.0,0.29070193773057246,31,973.0
2045.0,37,187.0,1.5327868852459017,4.036078681287404,17,610.0,0.12880755061942079,11,320.0,0.1783136067534838,9,144.0,0.249527302040457,37,1074.0
2050.0,40,246.0,2.1025641025641026,3.512737164575568,16,602.0,0.14275038305332888,14,364.0,0.12116434612629098,10,179.0,0.17458538051899633,40,1145.0
2055.0,38,200.0,1.8181818181818181,2.9469720275223614,12,492.0,0.12889908710500364,17,384.0,0.13629040147508048,9,190.0,0.1479686595543509,38,1066.0
2060.0,31,145.0,1.3063063063063063,3.0945757193857166,12,537.0,0.14154342766669253,11,344.0,0.16720599769406957,8,173.0,0.22666125473202886,31,1054.0
2065.0,32,167.0,1.4649122807017543,4.338469660424948,13,572.0,0.1677966128741238,11,284.0,0.26461377539595543,8,149.0,0.2807081252497257,32,1005.0
2070.0,27,96.0,0.8347826086956521,3.886461076504593,14,563.0,0.12911181691473392,7,299.0,0.2676595957285907,6,169.0,0.29555921088289433,27,1031.0
2075.0,29,97.0,0.8290598290598291,3.9455232414967556,10,472.0,0.16223587999075145,10,307.0,0.228499985895879,9,190.0,0.24308072900269048,29,969.0
2080.0,35,182.0,1.5555555555555556,3.8599814058835062,10,494.0,0.15950594913112348,15,366.0,0.18005506790424405,10,242.0,0.21573358592632333,35,1102.0
2085.0,36,190.0,1.6666666666666667,3.078818789253302,12,515.0,0.14778016989241524,15,379.0,0.12827496588485804,9,254.0,0.16360002225900402,36,1148.0
2090.0,38,196.0,1.6896551724137931,3.8692371456086034,14,555.0,0.20530217175085647,14,319.0,0.19731355160246672,10,234.0,0.2563809877072771,38,1108.0
2095.0,23,115.0,0.9745762711864406,3.8005632442929946,11,533.0,0.2071985033035944,5,311.0,0.24757145361966296,7,259.0,0.24103589831045302,23,1103.0
2100.0,30,121.0,0.9603174603174603,4.039046681752316,12,454.0,0.1782736795737764,8,333.0,0.24550957155284212,10,299.0,0.19587973788204932,30,1086.0
2105.0,31,136.0,1.088,3.544263134157932,16,360.0,0.18357026553840816,6,306.0,0.1556745824842383,9,302.0,0.16229913583074596,31,968.0
2110.0,28,114.0,0.95,3.3981676332517625,12,400.0,0.1862560585329431,8,249.0,0.18732840809205034,8,274.0,0.20107918084100065,28,923.0
2115.0,26,89.0,0.712,4.089298412053017,13,423.0,0.23542203129685443,6,253.0,0.23709878554239283,7,300.0,0.21514023173477545,26,976.0
2120.0,25,145.0,1.1788617886178863,4.479825733974328,10,438.0,0.22009652896036455,8,262.0,0.19101956549810936,7,316.0,0.19379327782880432,25,1016.0
2125.0,29,111.0,0.9652173913043478,2.695933004047114,11,429.0,0.15665003568993602,10,241.0,0.13624348856030521,8,309.0,0.08402935169702178,29,979.0
2130.0,29,111.0,0.9910714285714286,3.902948897621625,10,357.0,0.2378909403113395,10,194.0,0.2896673393546668,9,235.0,0.2057207029800833,29,786.0
2135.0,24,107.0,0.9224137931034483,4.332214089075668,9,381.0,0.2579698847008904,6,178.0,0.24801016278993357,9,249.0,0.24039356137276505,24,808.0
2140.0,25,96.0,0.7804878048780488,4.504518337707266,13,402.0,0.17464669887010756,9,179.0,0.21077782362869052,3,222.0,0.2386755750458298,25,803.0
2145.0,25,76.0,0.6495726495726496,3.782757156587235,13,399.0,0.12720947275382488,8,174.0,0.14968635595245722,4,202.0,0.1914104569758491,25,775.0
2150.0,19,76.0,0.7102803738317757,3.9822623654103277,10,359.0,0.2241483549022033,6,129.0,0.20050431305052638,3,182.0,0.2761087945210071,19,670.0
2155.0,20,117.0,1.1037735849056605,4.942007889068968,8,294.0,0.30695597050629725,7,102.0,0.28224796903793115,5,145.0,0.28317964034125004,20,541.0
2160.0,13,65.0,0.5701754385964912,4.681581844643322,3,289.0,0.23673206192195448,4,89.0,0.3060131208256445,6,112.0,0.30670163173183085,13,490.0
2165.0,16,54.0,0.46551724137931033,4.975921634541701,7,274.0,0.22126842113157058,6,76.0,0.31296820400317493,3,101.0,0.2559431680552138,16,451.0
2170.0,23,66.0,0.5892857142857143,4.183730718400179,8,257.0,0.1735476495047485,7,80.0,0.18671232141674352,8,103.0,0.17721723954954374,23,440.0
2175.0,20,64.0,0.64,4.0331778932792,7,215.0,0.2653702460438937,7,81.0,0.23871152688540437,6,100.0,0.22746720892354383,20,396.0
2180.0,13,28.0,0.27184466019417475,4.22339839831386,5,198.0,0.23817136855884535,4,94.0,0.2468748015145433,4,71.0,0.2831393152590594,13,363.0
2185.0,19,95.0,0.8962264150943396,4.739778215766774,6,205.0,0.2203002066268265,10,119.0,0.2381328129727206,3,56.0,0.31300135449517064,19,380.0
2190.0,19,67.0,0.6203703703703703,3.728370746071746,6,183.0,0.18685229903107392,10,143.0,0.1565373074869822,3,51.0,0.24851057504236526,19,377.0
2195.0,19,54.0,0.5,4.380480178533229,3,110.0,0.295139352108608,9,131.0,0.22422403627037515,7,55.0,0.2184446080723605,19,296.0
2200.0,19,106.0,0.9724770642201835,5.132971604997287,1,70.0,0.3979412093586328,7,109.0,0.20603212761847078,11,90.0,0.28193977482405036,19,269.0
2205.0,17,73.0,0.6697247706422018,4.807937754463975,4,57.0,0.4085239692790979,2,113.0,0.23267174213733244,11,110.0,0.24290641915789143,17,280.0
2210.0,20,70.0,0.6422018348623854,4.365026123096373,0,44.0,0.2727039674839073,9,134.0,0.2475539157393421,11,102.0,0.20642677894051706,20,280.0
2215.0,24,111.0,1.0373831775700935,4.658472047969013,6,56.0,0.19845840738276263,8,147.0,0.2737292708082316,10,115.0,0.20048747868993747,24,318.0
2220.0,16,51.0,0.4722222222222222,4.568184191311101,6,70.0,0.3085418249884264,3,118.0,0.243242915594518,7,129.0,0.22420096510398801,16,317.0
2225.0,17,52.0,0.49523809523809526,5.020613604474262,4,49.0,0.3706536422804205,3,90.0,0.25547414226686127,10,144.0,0.28114017242524847,17,283.0
2230.0,15,65.0,0.6190476190476191,5.31772590308418,6,39.0,0.3433580021527632,5,70.0,0.2844872281057249,4,155.0,0.31068691261226006,15,264.0
2235.0,13,76.0,0.7378640776699029,5.550940272792048,2,36.0,0.301922313618217,6,77.0,0.422581745356069,5,134.0,0.3059325591105532,13,247.0
2240.0,16,42.0,0.42424242424242425,4.907601123582764,7,52.0,0.2334356586801509,3,54.0,0.4097971044710196,6,136.0,0.25054468548939746,16,242.0
2245.0,26,94.0,0.9038461538461539,3.9656620367392343,8,74.0,0.16711039200266817,8,50.0,0.2878118275962459,10,165.0,0.12161022553212424,26,289.0
2250.0,22,85.0,0.8673469387755102,3.6633470892081132,5,66.0,0.24861435864801157,8,72.0,0.1959115126237791,9,184.0,0.13284413172956147,22,322.0
2255.0,14,59.0,0.5841584158415841,4.967933588954973,3,54.0,0.36565366254537296,6,79.0,0.3113811603695876,5,164.0,0.21702291519843148,14,297.0
2260.0,16,71.0,0.6574074074074074,5.517509885477255,3,51.0,0.32357090980307374,8,78.0,0.3349617459939721,5,109.0,0.3332217732871205,16,238.0
2265.0,16,65.0,0.5652173913043478,5.811138699974596,6,78.0,0.3181789697915111,7,83.0,0.34312148437548434,3,90.0,0.3959004378721203,16,251.0
2270.0,19,49.0,0.4117647058823529,5.431243280958621,7,87.0,0.24869140616297777,9,70.0,0.30133702896072856,3,72.0,0.3569633933762103,19,229.0
2275.0,25,124.0,1.0689655172413792,5.319293505244776,7,80.0,0.22913954046845347,13,105.0,0.2370507759567779,5,83.0,0.2954917153459928,25,268.0
2280.0,32,158.0,1.4363636363636363,3.8027232604826056,5,99.0,0.15260680857836054,16,147.0,0.10197806152689662,11,127.0,0.22416509190007897,32,373.0
2285.0,33,157.0,1.4537037037037037,4.051589175831766,9,110.0,0.2360632291061251,12,164.0,0.1492580166521978,12,153.0,0.22799058324143232,33,427.0
2290.0,28,129.0,1.2403846153846154,4.417072643638075,10,125.0,0.23034432571249866,8,147.0,0.2780276251449132,10,143.0,0.29234970733567855,28,415.0
2295.0,24,139.0,1.287037037037037,5.138169730935318,9,111.0,0.2886467472280111,8,144.0,0.4333169246747269,7,147.0,0.32034035784895143,24,402.0
2300.0,23,111.0,0.940677966101695,5.332544115713526,9,112.0,0.28700553436593046,3,123.0,0.472661938891134,11,171.0,0.23191417261576927,23,406.0
2305.0,23,83.0,0.7033898305084746,4.475347059994871,8,123.0,0.2119637413156526,5,81.0,0.3417486086888861,10,177.0,0.15682130197103908,23,381.0
2310.0,25,70.0,0.6194690265486725,3.7736221234707665,10,127.0,0.166421254794557,7,72.0,0.20408271893974994,8,155.0,0.14328316447119735,25,354.0
2315.0,23,66.0,0.6,4.055714012560872,13,159.0,0.20297180102199666,5,45.0,0.3384353736255798,5,169.0,0.23283355655427335,23,373.0
2320.0,23,113.0,1.018018018018018,4.836890173566016,9,165.0,0.24714372853735764,4,47.0,0.47536031078763546,10,182.0,0.23984509003892088,23,394.0
2325.0,24,84.0,0.717948717948718,3.623804920346391,8,187.0,0.2188219211489019,2,34.0,0.35965893794808085,14,205.0,0.14696468648377564,24,426.0
2330.0,30,131.0,1.1101694915254237,4.081817470899463,10,184.0,0.21616883763478748,7,47.0,0.3252325471199312,13,197.0,0.1242320898261831,30,428.0
2335.0,42,233.0,2.043859649122807,3.499704376934384,18,222.0,0.08966299447508917,13,95.0,0.22857215103997955,11,242.0,0.14381475647714526,42,559.0
2340.0,40,297.0,2.6283185840707963,3.307504130231746,18,262.0,0.07013554568444073,13,158.0,0.18453505069554474,9,251.0,0.13997633726989175,40,671.0
2345.0,43,387.0,3.616822429906542,3.3557792885787174,11,244.0,0.16502883672494859,15,232.0,0.2362977393713505,17,302.0,0.09090098119147669,43,778.0
2350.0,38,304.0,2.980392156862745,3.662117698735198,9,187.0,0.22234164240358154,11,250.0,0.24392515493759567,18,332.0,0.10312218448506057,38,769.0
2355.0,25,170.0,1.619047619047619,4.458160974926951,9,177.0,0.28775368431118137,3,171.0,0.36904290739574347,13,282.0,0.17050941285075152,25,630.0
2360.0,14,45.0,0.42857142857142855,5.558916504874905,6,155.0,0.3114943329360917,2,99.0,0.4742782859624844,6,288.0,0.2802359708070503,14,542.0
2365.0,19,63.0,0.5833333333333334,5.517502770766212,5,160.0,0.39550853066954367,1,58.0,0.42502686231517606,13,326.0,0.20488225632778329,19,544.0
2370.0,20,61.0,0.5922330097087378,4.889590857727957,6,149.0,0.31976934074632557,3,33.0,0.4950763408686824,11,324.0,0.16331214033733013,20,506.0
2375.0,14,41.0,0.41414141414141414,4.943283112255135,5,136.0,0.3388808870946932,1,27.0,0.5446685643384112,8,271.0,0.1735921394617315,14,434.0
2380.0,12,55.0,0.5555555555555556,5.406330790861925,3,113.0,0.3009117041278453,4,36.0,0.5199798021395686,5,265.0,0.15357999653904728,12,414.0
2385.0,22,97.0,0.9326923076923077,4.98008884902761,4,102.0,0.28572573281163116,9,53.0,0.2904904983871847,9,280.0,0.12078261021932518,22,435.0
2390.0,18,49.0,0.494949494949495,4.5051060220781105,2,74.0,0.3844687446833457,6,59.0,0.26647475907919826,10,269.0,0.19990138554694142,18,402.0
2395.0,14,46.0,0.4742268041237113,4.482612808999857,6,73.0,0.3847478332601143,4,69.0,0.26414665893882405,4,204.0,0.18177209854807386,14,346.0
2400.0,14,43.0,0.45263157894736844,4.333458683201807,5,76.0,0.2441933294748586,6,90.0,0.2284776782576725,3,201.0,0.15831893346591389,14,367.0
2405.0,18,64.0,0.7032967032967034,4.06428857885405,5,68.0,0.20676269256718693,5,102.0,0.2637953912324436,8,222.0,0.16518359285479478,18,392.0
2410.0,17,63.0,0.7078651685393258,4.10316054402203,3,49.0,0.39730748824432927,4,89.0,0.21281878995262068,10,225.0,0.17361440366753636,17,363.0
2415.0,13,33.0,0.3626373626373626,4.442215735230153,1,30.0,0.3796097346121387,3,82.0,0.3299316877417143,9,198.0,0.17350939493949458,13,310.0
2420.0,14,69.0,0.7666666666666667,5.513756215772032,5,43.0,0.2906396822766758,2,59.0,0.477696202273124,7,178.0,0.22395956448113896,14,280.0
2425.0,11,25.0,0.28735632183908044,5.066682381949359,5,47.0,0.2115316456395019,1,51.0,0.5074768084582855,5,165.0,0.2387899283350714,11,263.0
2430.0,13,57.0,0.6263736263736264,5.337879699432454,3,41.0,0.34723058874935075,3,42.0,0.4979069684287711,7,156.0,0.21099348213397554,13,239.0
2435.0,11,38.0,0.40425531914893614,5.086113777442934,2,49.0,0.38189436682801214,0,28.0,0.44798505121204624,9,164.0,0.19553647438670194,11,241.0
2440.0,19,70.0,0.7608695652173914,5.022621330389317,6,67.0,0.32646146860533765,5,38.0,0.34702793037203317,8,137.0,0.20053996501010488,19,242.0
2445.0,17,77.0,0.8461538461538461,4.6333787743575465,7,81.0,0.1388351165212518,3,48.0,0.3116835843920995,7,107.0,0.20999016777996696,17,236.0
2450.0,14,88.0,0.9777777777777777,5.328433707329198,6,81.0,0.26933039426079064,1,25.0,0.49665817809485485,7,109.0,0.2620308637857394,14,215.0
2455.0,16,114.0,1.2,5.431126967827101,5,86.0,0.2886652307232049,3,24.0,0.4826538047685364,8,123.0,0.2508135523705939,16,233.0
2460.0,15,69.0,0.7340425531914894,5.090883436222338,5,111.0,0.25392710387045697,7,50.0,0.2541741234435833,3,104.0,0.30414028835861767,15,265.0
2465.0,20,75.0,0.8333333333333334,4.595252837704655,5,111.0,0.16907855689062598,8,68.0,0.24336527493543042,7,58.0,0.2866344748908638,20,237.0
2470.0,17,45.0,0.4891304347826087,4.508186800320067,5,92.0,0.2656061425014396,3,59.0,0.34729817591016526,9,79.0,0.1936623283713255,17,230.0
2475.0,15,50.0,0.5376344086021505,6.005264915197121,5,66.0,0.353642547183316,4,44.0,0.5622131649021593,6,67.0,0.2812710374618435,15,177.0
2480.0,10,75.0,0.78125,6.261911830608764,2,62.0,0.39831774996731867,5,51.0,0.5956982920083851,3,59.0,0.2793951544104473,10,172.0
2485.0,8,34.0,0.3333333333333333,6.064551700585601,1,45.0,0.3774493906801514,3,35.0,0.5302788016658192,4,62.0,0.31123192585734216,8,142.0
2490.0,13,41.0,0.3942307692307692,5.855840331693276,7,65.0,0.30198600041479545,3,18.0,0.4225953394250982,3,37.0,0.2997254865058008,13,120.0
2495.0,21,67.0,0.6568627450980392,5.037318560854689,9,83.0,0.1960998931389619,3,22.0,0.2241169249345068,9,57.0,0.31360015993473317,21,162.0
2500.0,21,65.0,0.7065217391304348,4.643607320685714,7,82.0,0.2707511223913212,4,27.0,0.33399738236238385,10,86.0,0.27168087958827686,21,195.0
2505.0,15,69.0,0.7582417582417582,5.038713627891682,4,74.0,0.3066058234312453,3,28.0,0.47757400390101673,8,81.0,0.2162939752293987,15,183.0
2510.0,19,103.0,1.0404040404040404,5.3183457037727075,5,75.0,0.2746945721936724,9,56.0,0.4113204990438806,5,94.0,0.19792785191364695,19,225.0
2515.0,18,138.0,1.393939393939394,5.251934230055091,5,91.0,0.31125313460823695,6,76.0,0.28082825474564826,7,102.0,0.25738282709977434,18,269.0
2520.0,17,44.0,0.4489795918367347,4.549942301714872,3,63.0,0.31531734297679676,3,60.0,0.25784030064692864,11,125.0,0.20154619919806466,17,248.0
2525.0,14,61.0,0.6421052631578947,5.901181699757168,5,33.0,0.42744768605617206,2,43.0,0.39344073395818485,7,115.0,0.2034405116549374,14,191.0
2530.0,16,88.0,0.9263157894736842,6.477973406418036,5,41.0,0.3720811795934471,4,44.0,0.4914686231468815,7,94.0,0.29568150508004015,16,179.0
2535.0,9,17.0,0.18478260869565216,5.660535425681192,5,43.0,0.3156644402986661,2,33.0,0.5244198284972336,2,81.0,0.2922757324511304,9,157.0
2540.0,17,57.0,0.59375,5.617964781648648,4,49.0,0.2584550944498182,6,36.0,0.33145564862520227,7,88.0,0.24099390871453127,17,173.0
2545.0,22,76.0,0.8636363636363636,4.0970357955161765,7,77.0,0.11579940762826699,6,49.0,0.20794236724322718,9,103.0,0.20468812609815862,22,229.0
2550.0,14,45.0,0.5769230769230769,3.71985881299103,6,91.0,0.2098735254367309,3,45.0,0.3263102665246579,5,85.0,0.22178848623315123,14,221.0
2555.0,13,53.0,0.6385542168674698,5.843890216979268,4,67.0,0.33073253633535094,4,42.0,0.5404131166329762,5,64.0,0.2905098053895668,13,173.0
2560.0,7,45.0,0.5056179775280899,6.886318016585065,2,41.0,0.4194647529563611,2,38.0,0.5661285332018927,3,62.0,0.3388335443336115,7,141.0
2565.0,7,19.0,0.20430107526881722,7.302670677615482,1,28.0,0.41933653364093465,5,37.0,0.586021847681577,1,47.0,0.3571639313521069,7,112.0
2570.0,12,38.0,0.42696629213483145,6.256616063232742,3,29.0,0.3399957873074048,4,39.0,0.33110118916626335,5,33.0,0.3481203533342468,12,101.0
2575.0,11,26.0,0.30952380952380953,5.145934892867329,0,28.0,0.4156037589128828,4,36.0,0.25175122152923,7,52.0,0.21993127594590167,11,116.0
2580.0,10,38.0,0.4634146341463415,6.438915476367166,3,28.0,0.493311498819396,3,37.0,0.34294724728457715,4,45.0,0.3178860221800047,10,110.0
2585.0,8,48.0,0.5925925925925926,7.142640233449583,4,41.0,0.464394513959041,2,41.0,0.5747611059136883,2,29.0,0.3901427202824758,8,111.0
2590.0,5,28.0,0.3373493975903614,7.411015408578035,3,27.0,0.4171445389649628,0,14.0,0.6945240920663148,2,26.0,0.41829614729709425,5,67.0
2595.0,9,29.0,0.3333333333333333,6.936616726719816,2,27.0,0.444510754858922,5,27.0,0.464422159943183,2,12.0,0.3842672187318669,9,66.0
2600.0,13,63.0,0.7241379310344828,6.287174292344699,2,30.0,0.45526520293091616,5,43.0,0.336705631303084,6,34.0,0.33048205522864854,13,107.0
2605.0,12,31.0,0.3563218390804598,5.037273715045127,3,15.0,0.3902001201695461,2,39.0,0.2409544806651302,7,61.0,0.24618671155568814,12,115.0
2610.0,14,58.0,0.6590909090909091,6.218683984323951,6,27.0,0.4330965289343541,2,27.0,0.38072923608731857,6,57.0,0.29820884257904856,14,111.0
2615.0,10,18.0,0.20930232558139536,5.581083422022898,5,38.0,0.41630648232277334,2,16.0,0.3577798772916132,3,58.0,0.29309502204356536,10,112.0
2620.0,20,63.0,0.7241379310344828,5.36402428759521,5,33.0,0.3576105226259298,7,40.0,0.2920407639136458,8,72.0,0.19180617278500078,20,145.0
2625.0,17,50.0,0.5882352941176471,4.467556927139856,4,36.0,0.30140204881766286,6,52.0,0.23257749430821292,7,88.0,0.18048381686400508,17,176.0
2630.0,16,49.0,0.5764705882352941,5.1498536393628545,10,71.0,0.2662554451887828,2,39.0,0.37068246646476644,4,74.0,0.2750032091022862,16,184.0
2635.0,11,41.0,0.47674418604651164,6.335932063702691,7,96.0,0.32622168537778723,3,23.0,0.4250082660481697,1,42.0,0.4187402362657207,11,161.0
2640.0,6,21.0,0.2413793103448276,7.069706228778223,3,70.0,0.3016196441399308,2,23.0,0.6528789153867792,1,21.0,0.3941625250614465,6,114.0
2645.0,10,32.0,0.3516483516483517,6.664095016164495,3,49.0,0.3210331926318277,3,26.0,0.6285239423999582,4,22.0,0.35803418729266656,10,97.0
2650.0,9,41.0,0.4606741573033708,6.492765545835255,3,36.0,0.38565920522156566,0,19.0,0.5615974477759164,6,41.0,0.2798207679524698,9,96.0
2655.0,16,66.0,0.7674418604651163,6.134926827501239,3,33.0,0.41893571814594416,7,26.0,0.33169694375065745,6,55.0,0.27811366645568536,16,114.0
2660.0,13,66.0,0.825,6.1910411751212235,2,39.0,0.5592070464667249,6,49.0,0.3431711171284833,5,48.0,0.22106736723125664,13,136.0
2665.0,6,19.0,0.2289156626506024,6.783001155509259,2,2.0,0.4463779913133634,2,38.0,0.43777485777125846,2,33.0,0.29232720102228593,6,73.0
2670.0,8,33.0,0.4024390243902439,7.079929228766943,5,19.0,0.46307104779266245,1,20.0,0.393331867067923,2,27.0,0.3901299505292732,8,66.0
2675.0,13,56.0,0.6829268292682927,6.144687271190672,3,29.0,0.4309842871324027,3,25.0,0.38268537506536626,7,49.0,0.28001517693534417,13,103.0
2680.0,13,32.0,0.41025641025641024,5.6969165413040725,3,21.0,0.36204225266740564,2,13.0,0.47446636320247737,8,70.0,0.26189794430791,13,104.0
2685.0,11,45.0,0.569620253164557,6.102833391219209,2,23.0,0.4304988967493666,6,30.0,0.4262174830398613,3,60.0,0.22380087054555756,11,113.0
2690.0,8,40.0,0.4878048780487805,6.851316900077576,3,29.0,0.4803037246843177,3,41.0,0.3952289610657986,2,36.0,0.2718295431601518,8,106.0
2695.0,8,21.0,0.25301204819277107,7.331372547408791,3,11.0,0.5004832398912451,2,28.0,0.4480625348446177,3,33.0,0.4653639955630144,8,72.0
2700.0,8,48.0,0.5783132530120482,7.696596743571202,3,15.0,0.4800596331103273,2,22.0,0.46847099123820835,3,34.0,0.46131292865534185,8,71.0
2705.0,14,87.0,1.1153846153846154,6.919216205613207,6,38.0,0.4376431977521629,3,16.0,0.41931203242847287,5,56.0,0.42948132525870797,14,110.0
2710.0,18,75.0,0.9259259259259259,5.764588234496405,6,55.0,0.26803516261160965,7,40.0,0.2984060223413754,5,51.0,0.40344153238972147,18,146.0
2715.0,17,63.0,0.8076923076923077,5.847924573580286,2,42.0,0.4107100070188113,8,63.0,0.23852566694877772,7,47.0,0.32838624283747886,17,152.0
2720.0,12,30.0,0.40540540540540543,5.2737866287020525,2,42.0,0.4891386738665155,4,50.0,0.23273138924253084,6,57.0,0.2090843416613847,12,149.0
2725.0,14,49.0,0.6447368421052632,6.490214282737614,6,64.0,0.4483985010285045,2,44.0,0.3705213082280055,6,49.0,0.3637017982877697,14,157.0
2730.0,8,33.0,0.4520547945205479,6.386685749251741,3,66.0,0.44413733385719395,2,35.0,0.4896508565244716,3,40.0,0.3499393742922404,8,141.0
2735.0,17,42.0,0.5454545454545454,5.795839090652103,4,41.0,0.3735461395398328,3,25.0,0.518925432179157,10,58.0,0.25895259432769013,17,124.0
2740.0,13,51.0,0.6538461538461539,6.432231550380263,1,18.0,0.5416035100823401,6,46.0,0.4196103115072617,6,69.0,0.2669403611796934,13,133.0
2745.0,17,95.0,1.2337662337662338,6.454616899610735,1,17.0,0.6837436843410702,11,92.0,0.35925550060806494,5,53.0,0.2518331371818638,17,162.0
2750.0,16,103.0,1.3205128205128205,6.400915565781532,1,14.0,0.5611769393613287,11,121.0,0.3069736399512568,4,49.0,0.32432675567762315,16,184.0
2755.0,10,41.0,0.5256410256410257,6.48608719606853,1,4.0,0.5764721680033976,8,110.0,0.24572067049925975,1,40.0,0.4355156950423649,10,154.0
2760.0,17,58.0,0.7733333333333333,6.404930946148605,5,15.0,0.4396801262580466,5,80.0,0.24001730541049007,7,46.0,0.4060258810516022,17,141.0
2765.0,18,100.0,1.36986301369863,6.052736648421929,5,27.0,0.47824632039231135,3,79.0,0.407266886291958,10,85.0,0.24577885275333392,18,191.0
2770.0,14,73.0,1.0735294117647058,5.974617774502568,2,24.0,0.5700813571171278,1,62.0,0.5934754577989033,11,112.0,0.22484002679111328,14,198.0
2775.0,10,62.0,0.8857142857142857,6.590089822099274,1,17.0,0.6483513018361009,3,62.0,0.5789334731537482,6,100.0,0.2426714187797248,10,179.0
2780.0,11,30.0,0.4,6.483381387181142,2,11.0,0.38671920655342173,0,28.0,0.6410411599293725,9,86.0,0.27688110097430607,11,125.0
2785.0,19,70.0,0.875,6.314562137324981,7,33.0,0.22646232807432426,4,33.0,0.4647625913776579,8,83.0,0.34937202428464464,19,149.0
2790.0,18,92.0,1.1948051948051948,6.295244842984454,6,46.0,0.3123599614069405,5,53.0,0.35048477625455177,7,98.0,0.426078904833019,18,197.0
2795.0,13,107.0,1.4078947368421053,7.225616157361383,1,23.0,0.39468204322884093,7,76.0,0.4582006026318929,5,107.0,0.4258586261351815,13,206.0
2800.0,6,36.0,0.47368421052631576,7.758363273397355,2,22.0,0.5445273832232468,3,66.0,0.4728464201690637,1,90.0,0.4963172974272498,6,178.0
2805.0,12,46.0,0.5974025974025974,6.76453494062242,4,25.0,0.5159747801341225,3,60.0,0.3777711683467334,5,63.0,0.38172044081269085,12,148.0
2810.0,15,52.0,0.7123287671232876,5.695574114429161,1,12.0,0.4720720234701731,9,90.0,0.19153143479658186,5,76.0,0.3051899836485562,15,178.0
2815.0,26,139.0,2.0441176470588234,4.60861761663039,6,16.0,0.34517261759786344,15,153.0,0.12334337779426423,5,72.0,0.20871914040043293,26,241.0
2820.0,27,182.0,2.84375,4.124208251512277,10,51.0,0.18503605430331174,11,178.0,0.18153849084426318,6,72.0,0.3245006525017978,27,301.0
2825.0,10,51.0,0.7611940298507462,5.592658126000464,5,70.0,0.3635572690552371,4,120.0,0.2065989171017577,1,58.0,0.49641763856489796,10,248.0
2830.0,9,29.0,0.4027777777777778,7.530954067838836,0,31.0,0.5574617880068329,3,74.0,0.4048730306391427,6,42.0,0.4634845477772325,9,147.0
2835.0,7,25.0,0.3472222222222222,7.530865312224543,2,34.0,0.5046844231599732,1,47.0,0.4924606526323968,4,47.0,0.4704913929857377,7,128.0
2840.0,11,28.0,0.4057971014492754,6.173304232027278,6,51.0,0.37311699632269396,1,34.0,0.4698781830383501,4,34.0,0.38851487901428877,11,119.0
2845.0,15,58.0,0.7945205479452054,5.555460941604082,7,57.0,0.24580471470418058,5,52.0,0.3944515782342939,3,28.0,0.39415210325097066,15,137.0
2850.0,10,25.0,0.3424657534246575,5.790639186622574,4,49.0,0.2344463402816578,3,55.0,0.4551886083288227,3,31.0,0.3594328406015739,10,135.0
2855.0,11,48.0,0.6575342465753424,6.955747761443218,4,46.0,0.36857853364364945,1,34.0,0.5417491742372459,6,39.0,0.3848479261408556,11,119.0
2860.0,11,51.0,0.6891891891891891,7.46911632804847,2,45.0,0.5636012252915142,1,15.0,0.4870686496120475,8,53.0,0.3231379393598149,11,113.0
2865.0,6,58.0,0.8285714285714286,7.833611412346176,2,49.0,0.5597228788152624,0,10.0,0.5798194338793927,4,51.0,0.3982084178190254,6,110.0
2870.0,12,98.0,1.4411764705882353,7.679668818627228,3,56.0,0.5247569680174458,5,25.0,0.433328935802552,4,49.0,0.38761007688441174,12,130.0
2875.0,11,72.0,1.0909090909090908,6.888937446435555,2,18.0,0.3232627982778096,4,35.0,0.4240893505181665,5,60.0,0.4844115557428543,11,113.0
2880.0,12,101.0,1.5303030303030303,7.095668650778362,5,33.0,0.29040937885741447,2,29.0,0.43824140471044815,5,77.0,0.5149035240980243,12,139.0
2885.0,9,40.0,0.6349206349206349,6.548490167412599,3,38.0,0.5048251223193291,3,33.0,0.314728454657547,3,69.0,0.41264658708822,9,140.0
2890.0,8,38.0,0.6129032258064516,7.7606457754331695,1,17.0,0.540411624904697,3,44.0,0.4305223726384427,4,37.0,0.545983118106193,8,98.0
2895.0,4,11.0,0.1896551724137931,8.160387478688104,1,7.0,0.6531811458626685,1,29.0,0.5385357283270797,2,39.0,0.43615260195878314,4,75.0
2900.0,7,37.0,0.6727272727272727,7.714602754104779,1,12.0,0.6002367442002591,4,34.0,0.40866933710040504,2,33.0,0.46564195258791113,7,79.0
2905.0,13,42.0,0.6885245901639344,6.39246469676768,5,25.0,0.5142504636129972,4,45.0,0.36603510557766705,4,19.0,0.2591893006873748,13,89.0
2910.0,10,37.0,0.578125,6.8044611657169325,2,13.0,0.49643284218157196,1,37.0,0.35501551098829665,7,33.0,0.3845074654964564,10,83.0
2915.0,9,38.0,0.6031746031746031,7.1472273417510985,5,28.0,0.5035827603653366,1,28.0,0.26261477028077734,3,43.0,0.4662975649364287,9,99.0
2920.0,14,65.0,1.0833333333333333,6.784822793692831,8,57.0,0.39403961835134654,1,32.0,0.3641407109396008,5,25.0,0.46460376395056924,14,114.0
2925.0,15,113.0,1.9152542372881356,5.37913825997872,11,100.0,0.24869512693628035,4,47.0,0.3416384619175297,0,19.0,0.40086843426308255,15,166.0
2930.0,20,84.0,1.4,5.006012137094383,8,112.0,0.23756578616182375,5,57.0,0.2681881385753382,7,29.0,0.36918246988255704,20,198.0
2935.0,10,33.0,0.559322033898305,5.807621040802989,3,74.0,0.3717010389037778,2,35.0,0.4559751778120458,5,46.0,0.32527386705736605,10,155.0
2940.0,5,17.0,0.26153846153846155,7.178255851133374,2,67.0,0.36796874374998034,1,22.0,0.6027493530904116,2,26.0,0.49949806313586953,5,115.0
2945.0,10,49.0,0.7101449275362319,8.225164261560144,6,85.0,0.29803780223542686,0,6.0,0.6983644878311193,4,25.0,0.616350347848808,10,116.0
2950.0,11,30.0,0.44776119402985076,6.853124399423403,8,91.0,0.16611715174910943,3,5.0,0.5966086707236495,0,15.0,0.5694302829436193,11,111.0
2955.0,9,24.0,0.36923076923076925,6.272223057902173,2,52.0,0.23723112739932453,1,10.0,0.4415565619940778,6,22.0,0.4212244860570202,9,84.0
2960.0,11,34.0,0.5151515151515151,6.344571969092158,0,18.0,0.4513726371180306,5,21.0,0.36081011377050354,6,40.0,0.2502465039596865,11,79.0
2965.0,5,13.0,0.2,7.455528461530122,1,5.0,0.5640546797462054,2,31.0,0.6026301101486096,2,30.0,0.30153786875946864,5,66.0
2970.0,3,2.0,0.029411764705882353,9.262189388293274,0,2.0,0.7455501400412587,1,11.0,0.723454670759547,2,16.0,0.47347949621827673,3,29.0
2975.0,4,3.0,0.043478260869565216,9.640678589335915,1,4.0,0.7721113540465581,0,2.0,0.8286615143785361,3,17.0,0.49379927809863616,4,23.0
2980.0,8,28.0,0.4307692307692308,8.731041669758259,1,9.0,0.7391257558267644,0,0.0,0.7826945525029938,7,35.0,0.40808698445947034,8,44.0
2985.0,11,37.0,0.6166666666666667,7.387691048030104,2,16.0,0.6558882895062177,1,2.0,0.7388051169564204,8,53.0,0.3064052999854106,11,71.0
2990.0,10,49.0,0.7903225806451613,6.642881972793864,3,26.0,0.616690503198498,1,3.0,0.5717204680219656,6,49.0,0.2197974549016033,10,78.0
2995.0,9,84.0,1.3333333333333333,8.303715655578909,2,36.0,0.6145336352640044,4,17.0,0.5850420009381515,3,47.0,0.36326929867738794,9,100.0
3000.0,5,54.0,0.9,7.655863774750415,2,46.0,0.5622790394034516,2,20.0,0.4944255509199073,1,27.0,0.3343226100704249,5,93.0
3005.0,11,83.0,1.4310344827586208,7.667604284691944,3,58.0,0.6239550061162489,1,16.0,0.5304580621068521,7,35.0,0.3482511709387172,11,109.0
3010.0,6,28.0,0.5185185185185185,7.298034777132467,0,29.0,0.6564581861078966,1,13.0,0.5625176294342508,5,52.0,0.30941870249649506,6,94.0
3015.0,7,13.0,0.26,6.410218647068535,3,7.0,0.6241085443838456,2,10.0,0.5172256729557668,2,37.0,0.2498745307164764,7,54.0
3020.0,6,29.0,0.58,7.426449349116891,0,5.0,0.7373436206717143,4,28.0,0.4363814614519583,2,23.0,0.3091430859353333,6,56.0
3025.0,4,22.0,0.4230769230769231,8.685924611272519,0,0.0,0.6036707534339153,3,32.0,0.5965243447062516,1,16.0,0.47760233873036156,4,48.0
3030.0,4,17.0,0.3333333333333333,9.928679369627323,3,3.0,0.5282029712690169,0,18.0,0.7830369089870045,1,18.0,0.6782488618722292,4,39.0
3035.0,4,34.0,0.68,10.228522246842344,3,15.0,0.6144474187550212,0,2.0,0.7728761286777894,1,23.0,0.7283244844815517,4,40.0
3040.0,4,30.0,0.6521739130434783,8.893985762109864,1,9.0,0.644745002087679,2,6.0,0.4446159683407254,1,28.0,0.6911078956262677,4,43.0
3045.0,8,58.0,1.2340425531914894,8.199006990486371,1,3.0,0.5631532181054781,6,28.0,0.3449545074713562,1,31.0,0.5959726013700213,8,62.0
3050.0,5,57.0,1.1875,9.540888334399147,2,12.0,0.5207984598962874,2,35.0,0.5681589924983727,1,36.0,0.6014059085481567,5,83.0
3055.0,3,63.0,1.3695652173913044,10.340671407878133,2,24.0,0.6778643365475527,0,11.0,0.6401954575511005,1,43.0,0.7277495410339369,3,78.0
3060.0,1,46.0,1.0952380952380953,9.796818089588117,0,2.0,0.7232797723804207,0,0.0,0.5991367473401638,1,48.0,0.7136545844754951,1,50.0
3065.0,4,58.0,1.4871794871794872,8.839988357669016,2,8.0,0.5994928425248581,1,1.0,0.40159597946637465,1,53.0,0.7985960545554164,4,62.0
3070.0,8,79.0,2.0256410256410255,7.056837530305486,1,10.0,0.48252507475416184,5,21.0,0.2867717510735686,2,56.0,0.6148958840063331,8,87.0
3075.0,3,70.0,1.6666666666666667,8.719007983335,0,2.0,0.5995948969235687,2,31.0,0.5225126044980566,1,61.0,0.6243622916274155,3,94.0
3080.0,2,66.0,1.4042553191489362,10.114498483492053,1,2.0,0.626047435555359,0,12.0,0.6996624782711748,1,68.0,0.7117498893380733,2,82.0
3085.0,7,79.0,1.6122448979591837,10.238120234842869,2,6.0,0.7099275885613336,2,3.0,0.7103653828248006,3,74.0,0.6739419259934263,7,83.0
3090.0,5,84.0,1.7872340425531914,8.299230908133731,0,2.0,0.588531549357406,2,2.0,0.5055139655455428,3,84.0,0.6501782131188977,5,88.0
3095.0,12,126.0,2.5714285714285716,7.492328416450288,5,16.0,0.42286939189830514,5,20.0,0.4085758011741012,2,92.0,0.5817999484522413,12,128.0
3100.0,14,162.0,3.0,6.358673988744435,8,52.0,0.26011877602303046,4,28.0,0.4318437612853289,2,102.0,0.5693108008712047,14,182.0
3105.0,15,111.0,2.0555555555555554,6.922703160955664,13,107.0,0.30874905629901134,1,18.0,0.5786759462512302,1,21.0,0.5939903974589985,15,146.0
3110.0,13,79.0,1.4107142857142858,6.237333518023462,9,127.0,0.28647989762096476,3,18.0,0.1517790357723499,1,5.0,0.7280537615478863,13,150.0
3115.0,11,47.0,0.8545454545454545,6.308236329053975,4,94.0,0.29656686264865867,7,50.0,0.24626928046357924,0,1.0,0.5076076969368748,11,145.0
3120.0,3,23.0,0.4339622641509434,7.550266151689785,2,46.0,0.3786789388693628,1,51.0,0.5254682387425451,0,2.0,0.4650327292747362,3,99.0
3125.0,5,29.0,0.5272727272727272,9.404285061689805,3,35.0,0.5401661160238658,0,11.0,0.810384112426653,2,2.0,0.5539387412977159,5,48.0
3130.0,1,2.0,0.03571428571428571,8.98929284772457,1,20.0,0.47350205123121125,0,4.0,0.7664213803946345,0,2.0,0.6664194290357557,1,26.0
3135.0,8,29.0,0.5087719298245614,8.964982951264474,6,24.0,0.4322463098459623,0,2.0,0.8290453280299663,2,10.0,0.652976225468436,8,36.0
3140.0,5,14.0,0.25925925925925924,7.025593668309406,4,33.0,0.3619170147835098,0,2.0,0.745244955460163,1,13.0,0.5324667246027714,5,48.0
3145.0,4,6.0,0.1111111111111111,8.006329983655673,3,25.0,0.3888080029240572,0,6.0,0.8033629086199967,1,4.0,0.627033140622163,4,35.0
3150.0,3,14.0,0.25,9.690890121376427,3,21.0,0.4465837045476789,0,4.0,0.9367786047699151,0,0.0,0.7298646224963575,3,25.0
3155.0,3,24.0,0.39344262295081966,10.397252365026414,2,26.0,0.5652556596524614,0,4.0,0.86599953519945,1,0.0,0.7056961792108878,3,30.0
3160.0,3,35.0,0.5645161290322581,10.219163992926095,2,34.0,0.6392620199477955,0,0.0,0.8821793541942372,1,1.0,0.5821149101810491,3,35.0
3165.0,9,21.0,0.35,8.700663448905257,3,19.0,0.5717960103068515,1,1.0,0.746310425222872,5,19.0,0.4275758666150782,9,39.0
3170.0,8,27.0,0.46551724137931033,7.986537686663357,3,13.0,0.47440887631145967,2,6.0,0.6343718101911113,3,30.0,0.4218377282310664,8,49.0
3175.0,5,10.0,0.18867924528301888,6.3951459897822165,3,17.0,0.35063632193378735,2,5.0,0.4189918982173567,0,4.0,0.4328715715704842,5,26.0
3180.0,9,28.0,0.5,7.522781064547845,1,16.0,0.4232130564593433,7,29.0,0.45118271212251837,1,0.0,0.4988845425564487,9,45.0
3185.0,2,14.0,0.23728813559322035,10.22582958026167,1,11.0,0.5998701101624946,1,31.0,0.6785790156662096,0,0.0,0.7663041902814545,2,42.0
3190.0,3,5.0,0.08333333333333333,9.886080345715149,2,9.0,0.5468573645210257,0,8.0,0.7234265242103367,1,3.0,0.716478227871692,3,20.0
3195.0,10,39.0,0.6724137931034483,9.72139575778405,7,33.0,0.5100569025677297,1,3.0,0.7517044577643799,2,10.0,0.7136570449940954,10,46.0
3200.0,6,37.0,0.7115384615384616,8.958097720342394,3,37.0,0.47074161823235716,1,8.0,0.6549695305428275,2,20.0,0.7695021988316472,6,65.0
3205.0,5,42.0,0.875,7.840580477083447,2,19.0,0.4141433560080257,1,15.0,0.6312293879578597,2,28.0,0.5152020730677473,5,62.0
3210.0,5,14.0,0.2978723404255319,8.185165552754384,1,8.0,0.5702432182002416,1,4.0,0.649560688568702,3,21.0,0.33663167175172953,5,33.0
3215.0,11,49.0,0.98,8.085489557208513,1,11.0,0.7191291199666211,4,14.0,0.5281623164972686,6,26.0,0.19638098284348834,11,51.0
3220.0,8,43.0,0.8431372549019608,7.7841041166650164,1,16.0,0.6835224544165027,3,21.0,0.48820422079416526,4,34.0,0.33722232475749486,8,71.0
3225.0,2,3.0,0.05454545454545454,8.963625027890787,1,3.0,0.5253497865806195,1,16.0,0.5856785624941366,0,25.0,0.6037652518826467,2,44.0
3230.0,7,23.0,0.4107142857142857,9.863672398270486,3,14.0,0.620970928508108,3,13.0,0.5894909147939879,1,6.0,0.6936371839218541,7,33.0
3235.0,3,6.0,0.11320754716981132,9.15109614461122,0,9.0,0.5930180530547645,1,15.0,0.47364886987299126,2,4.0,0.6569906833017983,3,28.0
3240.0,9,39.0,0.7647058823529411,8.79746173124514,2,9.0,0.5335547871996467,5,21.0,0.5480220494402257,2,13.0,0.4937926994343993,9,43.0
3245.0,7,28.0,0.56,8.177317497154197,3,19.0,0.3723177034503792,2,24.0,0.48848598346023203,2,9.0,0.48300897079234806,7,52.0
3250.0,5,20.0,0.425531914893617,8.950280857680948,1,4.0,0.5890280761148388,2,9.0,0.47868513897515447,2,13.0,0.5065047921784431,5,26.0
3255.0,4,27.0,0.6585365853658537,9.49737921445187,2,12.0,0.7141178435728847,2,17.0,0.45208806315727507,0,11.0,0.5913483857725241,4,40.0
3260.0,5,27.0,0.675,8.819497930675045,3,24.0,0.545390693426946,2,7.0,0.35668230198171785,0,2.0,0.8217106052593487,5,33.0
3265.0,10,35.0,0.8536585365853658,6.4260243866944435,3,25.0,0.3577860909983795,4,24.0,0.36709002366182564,3,7.0,0.49334009432765213,10,56.0
3270.0,7,32.0,0.7619047619047619,6.531133435012928,0,9.0,0.4371789161870195,0,17.0,0.6841709812976693,7,34.0,0.25115394250200257,7,60.0
3275.0,6,27.0,0.6136363636363636,8.625812917529442,1,7.0,0.7289233142984185,0,2.0,0.7600137049430788,5,54.0,0.36166903152592944,6,63.0
3280.0,2,3.0,0.06,9.48787110627766,1,5.0,0.6281055552115233,1,6.0,0.7445056134156364,0,28.0,0.5264891260819832,2,39.0
3285.0,6,18.0,0.35294117647058826,9.657755434087004,4,19.0,0.5552790288657807,1,7.0,0.6801280204857622,1,2.0,0.6920143650211809,6,28.0
3290.0,8,26.0,0.5306122448979592,7.20726989447023,3,26.0,0.4233753182291646,3,17.0,0.43450664100716857,2,5.0,0.4237495999421494,8,48.0
3295.0,10,37.0,0.7551020408163265,6.227722006080869,1,14.0,0.3030954958505205,4,28.0,0.38024351992808947,5,27.0,0.3176203656058769,10,69.0
3300.0,5,9.0,0.1875,7.194496445638581,3,19.0,0.49006167277188306,0,17.0,0.5409117925971851,2,28.0,0.4201985108699853,5,64.0
3305.0,5,25.0,0.5,8.974587298834638,5,39.0,0.5025168595095196,0,10.0,0.8106060148919445,0,11.0,0.5742668091502032,5,60.0
3310.0,4,18.0,0.36,9.385766324480645,4,40.0,0.4859341021250494,0,2.0,0.9327631406281162,0,4.0,0.7074075400010666,4,46.0
3315.0,3,4.0,0.0851063829787234,8.777562139138627,2,31.0,0.3942871878919938,0,4.0,0.7421851403912076,1,0.0,0.6955696525469895,3,35.0
3320.0,4,20.0,0.4,8.654119793703932,1,24.0,0.3923607245306146,2,12.0,0.6434102596591078,1,5.0,0.6661671529483778,4,41.0
3325.0,2,22.0,0.41509433962264153,9.124381639551231,1,15.0,0.5056434792226356,0,5.0,0.5948419553487239,1,10.0,0.6738472113236875,2,30.0
3330.0,3,35.0,0.6862745098039216,9.470626919864158,1,19.0,0.7094614987870541,0,0.0,0.6394914518173086,2,20.0,0.6136416149032229,3,39.0
3335.0,3,5.0,0.09803921568627451,8.898327225969396,2,3.0,0.6104311258225569,1,4.0,0.6114723852782517,0,5.0,0.6270470201069106,3,12.0
3340.0,8,32.0,0.6666666666666666,8.883410681549115,3,14.0,0.6155443820966952,2,13.0,0.6842386573695062,3,9.0,0.5031009905364895,8,36.0
3345.0,5,33.0,0.673469387755102,6.98614369656265,1,17.0,0.5619081725986753,2,23.0,0.4819916523914748,2,16.0,0.43299907236648555,5,56.0
3350.0,6,35.0,0.6730769230769231,8.040381049886797,2,6.0,0.5544548387044261,3,37.0,0.5066452221547697,1,9.0,0.6026810316353306,6,52.0
3355.0,3,12.0,0.21818181818181817,9.232170809213708,1,7.0,0.5412435701259797,0,4.0,0.7610467542688147,2,5.0,0.6027555505146172,3,16.0
3360.0,3,25.0,0.44642857142857145,10.546117996026785,1,12.0,0.6126968065414651,0,4.0,0.8783181587359985,2,13.0,0.6289917334222442,3,29.0
3365.0,4,25.0,0.4807692307692308,9.51016459375638,2,2.0,0.47117389252060987,0,0.0,0.8127065619140715,2,23.0,0.6285509651491704,4,25.0
3370.0,9,56.0,1.0980392156862746,8.515188996992423,6,23.0,0.39795239830200757,0,0.0,0.8104889937049198,3,33.0,0.5850095271006265,9,56.0
3375.0,5,55.0,1.0784313725490196,8.957369076131668,2,32.0,0.5246048726370834,0,0.0,0.7921205425089672,3,46.0,0.6666911361054478,5,78.0
3380.0,4,62.0,1.24,9.667496007053174,1,10.0,0.6021219750452229,0,2.0,0.8671110814791246,3,61.0,0.6539923762651298,4,73.0
3385.0,6,86.0,1.6862745098039216,9.921378228502798,2,6.0,0.6477536088644837,0,2.0,0.8228999400219806,4,80.0,0.5398040875444866,6,88.0
3390.0,6,24.0,0.4444444444444444,8.545718811823226,1,11.0,0.7396278826043284,2,5.0,0.7301124357759279,3,58.0,0.26344239551604354,6,74.0
3395.0,8,45.0,0.8181818181818182,9.350407939947003,1,16.0,0.800182433708433,1,8.0,0.7009435861968181,6,30.0,0.422991140862018,8,54.0
3400.0,4,40.0,0.7692307692307693,8.994434854390544,2,21.0,0.7110504493046883,1,13.0,0.7249625574759877,1,29.0,0.47406477459035956,4,63.0
3405.0,7,30.0,0.5882352941176471,8.892523336708342,2,2.0,0.5692965763945212,2,22.0,0.5587016237561616,3,8.0,0.6295484609278259,7,32.0
3410.0,9,40.0,0.8333333333333334,8.858433286880755,6,20.0,0.3461940677214483,0,5.0,0.8297439852302153,3,20.0,0.6125779786691836,9,45.0
3415.0,6,42.0,0.84,7.693453112162512,3,28.0,0.28326467251066834,0,2.0,0.6050442809932784,3,35.0,0.5321493568554485,6,65.0
3420.0,2,2.0,0.0425531914893617,7.8874237338073945,1,9.0,0.49855647550528626,0,5.0,0.534104694778727,1,12.0,0.4759251779492057,2,26.0
3425.0,6,20.0,0.4,8.966235576227742,0,0.0,0.7570688944563806,1,4.0,0.65672846690204,5,20.0,0.37843734825368236,6,24.0
3430.0,10,58.0,1.183673469387755,8.823793947887257,1,0.0,0.7466201904612841,1,9.0,0.7706544778678189,8,53.0,0.3531114249482482,10,62.0
3435.0,6,43.0,0.8958333333333334,8.216368323663417,1,4.0,0.7117241936391775,1,12.0,0.5573539171592571,4,64.0,0.40171230923419404,6,80.0
3440.0,3,22.0,0.46808510638297873,6.724467160058786,1,5.0,0.4293004665978394,2,24.0,0.6145276768380312,0,32.0,0.447290281299516,3,61.0
3445.0,3,10.0,0.2,8.62642368715971,1,7.0,0.43390126445883664,0,12.0,0.7594051144431144,2,5.0,0.5471521050757611,3,24.0
3450.0,2,20.0,0.37735849056603776,10.339962576806219,1,12.0,0.6515948505960903,0,4.0,0.8324632513533126,1,10.0,0.6147534085484947,2,26.0
3455.0,4,36.0,0.6666666666666666,10.677734985905035,1,17.0,0.7616092172842827,0,2.0,0.8123276160854586,3,21.0,0.6154343393579501,4,40.0
3460.0,3,36.0,0.7659574468085106,10.29975575579262,0,0.0,0.7738756903374558,0,0.0,0.7723267885776106,3,36.0,0.5773631998325633,3,36.0
3465.0,3,2.0,0.043478260869565216,9.32297769218025,1,2.0,0.5677233500459066,0,2.0,0.7034362819335265,2,10.0,0.5879696052654598,3,14.0
3470.0,5,2.0,0.045454545454545456,7.401031867678546,2,6.0,0.5119294912584607,1,2.0,0.3437360244036444,2,1.0,0.5786934198530764,5,9.0
3475.0,6,16.0,0.37209302325581395,7.221633178679958,0,1.0,0.6378625513520991,5,20.0,0.3234494053094843,1,5.0,0.5523770705612937,6,26.0
3480.0,4,11.0,0.2391304347826087,8.85399874859869,0,0.0,0.7150304057734695,3,30.0,0.5272361752015338,1,2.0,0.5936837738254993,4,32.0
3485.0,5,6.0,0.125,8.96746964851229,1,2.0,0.7388782577147562,2,24.0,0.6128022279459265,2,3.0,0.546207603798386,5,29.0
3490.0,5,28.0,0.5714285714285714,9.893597542939101,0,2.0,0.8738829806718249,2,20.0,0.6455685097886764,3,15.0,0.5670079105867477,5,37.0
3495.0,2,25.0,0.5319148936170213,10.257035518864562,0,0.0,0.8310874684177302,2,25.0,0.5677830120890343,0,7.0,0.7554925467440414,2,32.0
3500.0,3,5.0,0.1111111111111111,9.686338505085379,1,0.0,0.7487649088110441,2,7.0,0.6508882388385681,0,0.0,0.719274288817458,3,7.0
3505.0,5,24.0,0.5454545454545454,9.003462263925838,1,1.0,0.5268643688876785,3,20.0,0.5517726622983651,1,5.0,0.6295385726810818,5,26.0
3510.0,7,36.0,0.8372093023255814,7.3134412839627405,4,18.0,0.28966050268805243,2,27.0,0.5224615313663136,1,10.0,0.5997901834829664,7,55.0
3515.0,12,74.0,1.7619047619047619,7.095066260925923,10,59.0,0.23806257076962098,0,11.0,0.5891165425681283,2,17.0,0.6956849080824925,12,87.0
3520.0,5,36.0,0.8780487804878049,8.39144991789824,5,76.0,0.39433070978108303,0,0.0,0.8422371832290712,0,2.0,0.8206353324617365,5,78.0
3525.0,3,5.0,0.1111111111111111,8.987868259973421,1,40.0,0.537348865269625,0,2.0,0.847671026010141,2,7.0,0.6488051136712137,3,49.0
3530.0,1,1.0,0.023255813953488372,9.979157235076014,0,0.0,0.710485767777082,0,2.0,0.9127975716564882,1,5.0,0.5903591649337002,1,7.0
3535.0,1,0.0,0.0,10.538695577213248,1,0.0,0.7733985339375855,0,2.0,0.8678794704809314,0,1.0,0.5206311377689088,1,3.0
3540.0,3,8.0,0.1702127659574468,10.531894055300041,2,4.0,0.537398457843081,0,2.0,0.9419759504038928,1,4.0,0.7038207966351098,3,10.0
3545.0,5,31.0,0.6595744680851063,9.239467984680166,4,22.0,0.2985078872033168,0,0.0,0.8034659721152583,1,9.0,0.7495170351620882,5,31.0
3550.0,12,76.0,1.6521739130434783,6.972023431542747,9,61.0,0.25812390815248376,1,1.0,0.502462166718075,2,14.0,0.629817943922112,12,76.0
3555.0,12,70.0,1.5555555555555556,6.219806042311168,5,74.0,0.2579889179215873,5,20.0,0.2892295799950336,2,19.0,0.5836911552676924,12,113.0
3560.0,7,33.0,0.7021276595744681,6.246653718428139,2,42.0,0.3568516987894618,3,30.0,0.358417859800468,2,25.0,0.36078564195123514,7,97.0
3565.0,6,50.0,1.0638297872340425,9.126101056993901,2,16.0,0.5621262502891262,1,13.0,0.7134757413923679,3,42.0,0.6207265036523205,6,71.0
3570.0,3,24.0,0.5217391304347826,8.978818775282702,2,18.0,0.678542577257746,1,13.0,0.695588617511751,0,20.0,0.5864993493877891,3,51.0
3575.0,3,8.0,0.17391304347826086,8.274074257118766,1,10.0,0.6291286382862047,0,2.0,0.5979342008329666,2,7.0,0.6287348423208565,3,19.0
3580.0,10,33.0,0.75,6.288042458537313,6,27.0,0.3406759835887981,4,13.0,0.23309295341429964,0,1.0,0.5214165327494747,10,41.0
3585.0,9,28.0,0.6363636363636364,5.387585904513909,6,41.0,0.1937916923172299,3,23.0,0.30521133125700417,0,0.0,0.7298752955597184,9,64.0
3590.0,1,3.0,0.06382978723404255,8.72249412318158,1,35.0,0.533163020856813,0,16.0,0.5940856306869136,0,2.0,0.7681716975498416,1,53.0
3595.0,1,2.0,0.04081632653061224,10.268630792207693,1,15.0,0.5268411496845691,0,6.0,0.8296853663177146,0,2.0,0.8491847799383734,1,23.0
3600.0,4,12.0,0.24,9.936160804140052,3,13.0,0.6004651635153516,1,3.0,0.7903504981637773,0,2.0,0.7612009767755111,4,18.0
